MAE: 4.453846153846154 [25, 5, 4, 1, 1, 1, 4, 1, 1, 5, 4, 17, 7, 1, 3, 13, 2, 1, 7, 3, 1, 1, 7, 1, 5, 4, 6, 2, 1, 8, 0, 4, 4, 5, 1, 7, 2, 6, 0, 2, 0, 3, 9, 4, 3, 16, 8, 1, 0, 4, 3, 8, 7, 13, 1, 4, 5, 2, 7, 4, 1, 1, 2, 2, 16, 10, 1, 1, 1, 0, 1, 3, 4, 15, 0, 2, 1, 3, 4, 1, 5, 30, 1, 7, 4, 2, 1, 2, 5, 0, 3, 4, 1, 0, 4, 10, 4, 6, 5, 3, 7, 1, 1, 5, 5, 6, 2, 1, 2, 4, 15, 1, 15, 2, 7, 0, 3, 0, 9, 8, 1, 1, 3, 1, 12, 7, 3, 4, 5, 7]
MAPE: 6.211762995065541 [12.376237623762377, 11.627906976744185, 5.194805194805195, 2.5, 1.3333333333333335, 2.3255813953488373, 13.793103448275861, 2.1739130434782608, 6.25, 10.416666666666668, 3.2, 12.977099236641221, 5.88235294117647, 1.3157894736842104, 9.67741935483871, 5.416666666666667, 3.508771929824561, 3.3333333333333335, 3.4482758620689653, 3.061224489795918, 1.8518518518518516, 1.0, 6.140350877192982, 1.7543859649122806, 10.416666666666668, 4.938271604938271, 12.76595744680851, 3.4482758620689653, 0.8333333333333334, 8.080808080808081, 0.0, 2.3952095808383236, 6.557377049180328, 5.208333333333334, 3.8461538461538463, 14.583333333333334, 3.571428571428571, 3.4682080924855487, 0.0, 2.73972602739726, 0.0, 10.344827586206897, 3.3582089552238807, 13.333333333333334, 3.125, 88.88888888888889, 5.405405405405405, 1.0416666666666665, 0.0, 4.395604395604396, 7.6923076923076925, 4.761904761904762, 3.30188679245283, 34.21052631578947, 0.5988023952095809, 5.633802816901409, 15.625, 4.166666666666666, 5.223880597014925, 5.555555555555555, 3.8461538461538463, 2.7027027027027026, 1.8691588785046727, 2.941176470588235, 8.64864864864865, 8.064516129032258, 2.0408163265306123, 1.3513513513513513, 1.2048192771084338, 0.0, 2.0, 1.282051282051282, 5.263157894736842, 13.636363636363635, 0.0, 10.526315789473683, 0.819672131147541, 2.479338842975207, 8.16326530612245, 2.0408163265306123, 5.263157894736842, 25.423728813559322, 3.125, 8.333333333333332, 7.4074074074074066, 3.076923076923077, 1.1904761904761905, 4.3478260869565215, 4.901960784313726, 0.0, 3.225806451612903, 1.520912547528517, 2.7777777777777777, 0.0, 7.2727272727272725, 10.526315789473683, 6.153846153846154, 4.3478260869565215, 6.578947368421052, 13.043478260869565, 12.068965517241379, 1.0309278350515463, 2.4390243902439024, 8.620689655172415, 7.8125, 6.451612903225806, 5.714285714285714, 3.8461538461538463, 4.545454545454546, 1.4285714285714286, 6.726457399103139, 2.083333333333333, 11.904761904761903, 4.651162790697675, 4.166666666666666, 0.0, 4.918032786885246, 0.0, 7.086614173228346, 7.8431372549019605, 2.1739130434782608, 1.2345679012345678, 2.2058823529411766, 1.282051282051282, 25.53191489361702, 15.217391304347828, 6.122448979591836, 5.063291139240507, 12.195121951219512, 5.691056910569105]
RMSE: 6.527456802437862 [625, 25, 16, 1, 1, 1, 16, 1, 1, 25, 16, 289, 49, 1, 9, 169, 4, 1, 49, 9, 1, 1, 49, 1, 25, 16, 36, 4, 1, 64, 0, 16, 16, 25, 1, 49, 4, 36, 0, 4, 0, 9, 81, 16, 9, 256, 64, 1, 0, 16, 9, 64, 49, 169, 1, 16, 25, 4, 49, 16, 1, 1, 4, 4, 256, 100, 1, 1, 1, 0, 1, 9, 16, 225, 0, 4, 1, 9, 16, 1, 25, 900, 1, 49, 16, 4, 1, 4, 25, 0, 9, 16, 1, 0, 16, 100, 16, 36, 25, 9, 49, 1, 1, 25, 25, 36, 4, 1, 4, 16, 225, 1, 225, 4, 49, 0, 9, 0, 81, 64, 1, 1, 9, 1, 144, 49, 9, 16, 25, 49]

pred: 10672 [177, 48, 73, 41, 74, 44, 25, 45, 17, 43, 121, 114, 112, 75, 28, 227, 55, 29, 196, 95, 55, 99, 107, 56, 43, 85, 41, 56, 119, 91, 58, 163, 65, 91, 25, 41, 54, 167, 39, 71, 113, 32, 259, 26, 93, 2, 140, 95, 47, 95, 36, 160, 205, 25, 168, 67, 27, 50, 127, 76, 25, 36, 105, 70, 169, 114, 50, 75, 84, 93, 51, 237, 72, 95, 51, 21, 123, 118, 53, 50, 100, 88, 33, 77, 50, 63, 83, 48, 107, 30, 90, 259, 37, 56, 51, 85, 61, 132, 71, 20, 51, 96, 42, 63, 69, 87, 37, 27, 42, 284, 208, 49, 111, 41, 161, 69, 64, 26, 118, 94, 45, 80, 133, 79, 35, 39, 46, 83, 36, 116]
real: 11073 [202, 43, 77, 40, 75, 43, 29, 46, 16, 48, 125, 131, 119, 76, 31, 240, 57, 30, 203, 98, 54, 100, 114, 57, 48, 81, 47, 58, 120, 99, 58, 167, 61, 96, 26, 48, 56, 173, 39, 73, 113, 29, 268, 30, 96, 18, 148, 96, 47, 91, 39, 168, 212, 38, 167, 71, 32, 48, 134, 72, 26, 37, 107, 68, 185, 124, 49, 74, 83, 93, 50, 234, 76, 110, 51, 19, 122, 121, 49, 49, 95, 118, 32, 84, 54, 65, 84, 46, 102, 30, 93, 263, 36, 56, 55, 95, 65, 138, 76, 23, 58, 97, 41, 58, 64, 93, 35, 26, 44, 280, 223, 48, 126, 43, 168, 69, 61, 26, 127, 102, 46, 81, 136, 78, 47, 46, 49, 79, 41, 123]

grid_scale: 0.4
resize_scale: 0.5
confiance: 0.5

random_seed: 1011
data_augmentation: True
samples: 130
