MAE: 4.061538461538461 [3, 6, 2, 4, 1, 12, 1, 9, 6, 1, 1, 0, 3, 2, 3, 1, 4, 2, 4, 6, 12, 2, 6, 1, 16, 0, 6, 3, 5, 8, 25, 3, 11, 0, 12, 9, 2, 0, 1, 1, 1, 2, 7, 4, 2, 1, 3, 5, 0, 2, 1, 3, 2, 2, 2, 2, 4, 1, 7, 1, 29, 1, 2, 7, 5, 0, 0, 5, 1, 9, 10, 12, 1, 2, 2, 1, 1, 8, 5, 7, 6, 2, 1, 13, 2, 0, 3, 2, 18, 2, 1, 1, 4, 0, 4, 0, 0, 15, 5, 0, 1, 2, 1, 2, 3, 0, 0, 6, 17, 2, 1, 7, 1, 2, 11, 4, 1, 3, 4, 3, 2, 2, 1, 0, 5, 4, 1, 5, 3, 1]
MAPE: 5.733574019393861 [6.521739130434782, 2.5, 2.1505376344086025, 2.941176470588235, 1.36986301369863, 31.57894736842105, 2.1739130434782608, 8.823529411764707, 11.11111111111111, 1.1904761904761905, 0.7462686567164178, 0.0, 10.0, 3.7037037037037033, 5.357142857142857, 3.8461538461538463, 1.4925373134328357, 2.5316455696202533, 2.312138728323699, 10.344827586206897, 12.5, 2.4691358024691357, 4.761904761904762, 2.0408163265306123, 16.842105263157894, 0.0, 4.878048780487805, 6.976744186046512, 2.976190476190476, 3.9603960396039604, 21.929824561403507, 3.125, 11.827956989247312, 0.0, 5.128205128205128, 14.0625, 2.941176470588235, 0.0, 1.7241379310344827, 2.127659574468085, 2.5, 1.574803149606299, 8.641975308641975, 8.16326530612245, 6.25, 1.4492753623188406, 6.521739130434782, 8.620689655172415, 0.0, 1.639344262295082, 2.272727272727273, 2.941176470588235, 2.8169014084507045, 8.695652173913043, 4.081632653061225, 10.526315789473683, 4.081632653061225, 1.3157894736842104, 12.727272727272727, 1.0309278350515463, 10.357142857142858, 2.0, 1.3513513513513513, 7.368421052631578, 4.032258064516129, 0.0, 0.0, 2.358490566037736, 0.8333333333333334, 18.75, 4.926108374384237, 10.909090909090908, 1.2987012987012987, 6.666666666666667, 5.128205128205128, 3.8461538461538463, 2.564102564102564, 4.790419161676647, 8.620689655172415, 14.893617021276595, 14.634146341463413, 6.25, 0.8264462809917356, 9.923664122137405, 0.7604562737642585, 0.0, 2.1739130434782608, 2.083333333333333, 100.0, 3.076923076923077, 2.3255813953488373, 2.1739130434782608, 5.555555555555555, 0.0, 3.7383177570093453, 0.0, 0.0, 15.151515151515152, 6.41025641025641, 0.0, 1.7857142857142856, 2.0, 3.4482758620689653, 1.1904761904761905, 1.7964071856287425, 0.0, 0.0, 12.76595744680851, 14.40677966101695, 2.197802197802198, 1.5384615384615385, 3.1390134529147984, 1.3157894736842104, 1.6, 5.9459459459459465, 8.333333333333332, 0.8403361344537815, 5.263157894736842, 10.81081081081081, 6.122448979591836, 4.651162790697675, 2.1505376344086025, 2.857142857142857, 0.0, 10.416666666666668, 8.333333333333332, 1.7543859649122806, 12.195121951219512, 3.9473684210526314, 1.9607843137254901]
RMSE: 6.270811504349092 [9, 36, 4, 16, 1, 144, 1, 81, 36, 1, 1, 0, 9, 4, 9, 1, 16, 4, 16, 36, 144, 4, 36, 1, 256, 0, 36, 9, 25, 64, 625, 9, 121, 0, 144, 81, 4, 0, 1, 1, 1, 4, 49, 16, 4, 1, 9, 25, 0, 4, 1, 9, 4, 4, 4, 4, 16, 1, 49, 1, 841, 1, 4, 49, 25, 0, 0, 25, 1, 81, 100, 144, 1, 4, 4, 1, 1, 64, 25, 49, 36, 4, 1, 169, 4, 0, 9, 4, 324, 4, 1, 1, 16, 0, 16, 0, 0, 225, 25, 0, 1, 4, 1, 4, 9, 0, 0, 36, 289, 4, 1, 49, 1, 4, 121, 16, 1, 9, 16, 9, 4, 4, 1, 0, 25, 16, 1, 25, 9, 1]

pred: 10899 [49, 246, 91, 132, 74, 26, 47, 111, 48, 85, 133, 29, 27, 56, 59, 27, 272, 81, 169, 52, 84, 83, 120, 50, 79, 26, 117, 46, 173, 194, 89, 93, 82, 61, 246, 73, 70, 30, 57, 48, 41, 125, 88, 45, 34, 70, 43, 63, 83, 120, 45, 99, 69, 21, 51, 21, 102, 75, 48, 96, 309, 51, 150, 102, 119, 31, 75, 217, 121, 39, 193, 98, 76, 28, 37, 25, 40, 159, 53, 40, 35, 34, 122, 118, 261, 74, 135, 98, 0, 63, 42, 45, 76, 84, 111, 61, 16, 84, 73, 113, 55, 98, 30, 166, 170, 36, 26, 41, 101, 93, 64, 216, 75, 123, 174, 52, 118, 60, 33, 52, 45, 95, 34, 48, 43, 52, 56, 36, 73, 52]
real: 11073 [46, 240, 93, 136, 73, 38, 46, 102, 54, 84, 134, 29, 30, 54, 56, 26, 268, 79, 173, 58, 96, 81, 126, 49, 95, 26, 123, 43, 168, 202, 114, 96, 93, 61, 234, 64, 68, 30, 58, 47, 40, 127, 81, 49, 32, 69, 46, 58, 83, 122, 44, 102, 71, 23, 49, 19, 98, 76, 55, 97, 280, 50, 148, 95, 124, 31, 75, 212, 120, 48, 203, 110, 77, 30, 39, 26, 39, 167, 58, 47, 41, 32, 121, 131, 263, 74, 138, 96, 18, 65, 43, 46, 72, 84, 107, 61, 16, 99, 78, 113, 56, 100, 29, 168, 167, 36, 26, 47, 118, 91, 65, 223, 76, 125, 185, 48, 119, 57, 37, 49, 43, 93, 35, 48, 48, 48, 57, 41, 76, 51]

grid_scale: 0.4
resize_scale: 0.5
confiance: 0.5

random_seed: 1011
data_augmentation: True
samples: 130
