MAE: 6.369230769230769 [0, 15, 7, 3, 1, 14, 1, 2, 6, 1, 5, 6, 3, 1, 1, 0, 17, 1, 17, 5, 18, 1, 13, 0, 18, 0, 12, 5, 8, 22, 51, 2, 19, 1, 2, 7, 3, 0, 0, 5, 0, 7, 3, 3, 4, 1, 6, 5, 0, 9, 1, 9, 3, 2, 1, 1, 2, 9, 9, 1, 13, 2, 6, 0, 15, 3, 5, 14, 6, 6, 19, 17, 4, 4, 6, 5, 2, 12, 7, 11, 12, 1, 9, 28, 6, 4, 5, 4, 18, 4, 2, 1, 2, 6, 3, 3, 0, 15, 5, 2, 1, 10, 3, 1, 2, 3, 4, 13, 38, 2, 1, 13, 6, 8, 23, 0, 5, 3, 3, 1, 1, 5, 1, 1, 12, 1, 3, 1, 5, 2]
MAPE: 8.31270940896855 [0.0, 6.25, 7.526881720430108, 2.2058823529411766, 1.36986301369863, 36.84210526315789, 2.1739130434782608, 1.9607843137254901, 11.11111111111111, 1.1904761904761905, 3.731343283582089, 20.689655172413794, 10.0, 1.8518518518518516, 1.7857142857142856, 0.0, 6.343283582089552, 1.2658227848101267, 9.826589595375722, 8.620689655172415, 18.75, 1.2345679012345678, 10.317460317460316, 0.0, 18.947368421052634, 0.0, 9.75609756097561, 11.627906976744185, 4.761904761904762, 10.891089108910892, 44.73684210526316, 2.083333333333333, 20.43010752688172, 1.639344262295082, 0.8547008547008548, 10.9375, 4.411764705882353, 0.0, 0.0, 10.638297872340425, 0.0, 5.511811023622047, 3.7037037037037033, 6.122448979591836, 12.5, 1.4492753623188406, 13.043478260869565, 8.620689655172415, 0.0, 7.377049180327869, 2.272727272727273, 8.823529411764707, 4.225352112676056, 8.695652173913043, 2.0408163265306123, 5.263157894736842, 2.0408163265306123, 11.842105263157894, 16.363636363636363, 1.0309278350515463, 4.642857142857143, 4.0, 4.054054054054054, 0.0, 12.096774193548388, 9.67741935483871, 6.666666666666667, 6.60377358490566, 5.0, 12.5, 9.35960591133005, 15.454545454545453, 5.194805194805195, 13.333333333333334, 15.384615384615385, 19.230769230769234, 5.128205128205128, 7.18562874251497, 12.068965517241379, 23.404255319148938, 29.268292682926827, 3.125, 7.43801652892562, 21.374045801526716, 2.2813688212927756, 5.405405405405405, 3.6231884057971016, 4.166666666666666, 100.0, 6.153846153846154, 4.651162790697675, 2.1739130434782608, 2.7777777777777777, 7.142857142857142, 2.803738317757009, 4.918032786885246, 0.0, 15.151515151515152, 6.41025641025641, 1.7699115044247788, 1.7857142857142856, 10.0, 10.344827586206897, 0.5952380952380952, 1.1976047904191618, 8.333333333333332, 15.384615384615385, 27.659574468085108, 32.20338983050847, 2.197802197802198, 1.5384615384615385, 5.829596412556054, 7.894736842105263, 6.4, 12.432432432432433, 0.0, 4.201680672268908, 5.263157894736842, 8.108108108108109, 2.0408163265306123, 2.3255813953488373, 5.376344086021505, 2.857142857142857, 2.083333333333333, 25.0, 2.083333333333333, 5.263157894736842, 2.4390243902439024, 6.578947368421052, 3.9215686274509802]
RMSE: 9.86290642138123 [0, 225, 49, 9, 1, 196, 1, 4, 36, 1, 25, 36, 9, 1, 1, 0, 289, 1, 289, 25, 324, 1, 169, 0, 324, 0, 144, 25, 64, 484, 2601, 4, 361, 1, 4, 49, 9, 0, 0, 25, 0, 49, 9, 9, 16, 1, 36, 25, 0, 81, 1, 81, 9, 4, 1, 1, 4, 81, 81, 1, 169, 4, 36, 0, 225, 9, 25, 196, 36, 36, 361, 289, 16, 16, 36, 25, 4, 144, 49, 121, 144, 1, 81, 784, 36, 16, 25, 16, 324, 16, 4, 1, 4, 36, 9, 9, 0, 225, 25, 4, 1, 100, 9, 1, 4, 9, 16, 169, 1444, 4, 1, 169, 36, 64, 529, 0, 25, 9, 9, 1, 1, 25, 1, 1, 144, 1, 9, 1, 25, 4]

pred: 10343 [46, 225, 86, 133, 72, 24, 45, 104, 48, 85, 129, 23, 27, 55, 55, 26, 251, 78, 156, 53, 78, 80, 113, 49, 77, 26, 111, 38, 160, 180, 63, 94, 74, 62, 232, 71, 71, 30, 58, 42, 40, 120, 78, 46, 28, 68, 40, 63, 83, 113, 43, 93, 68, 21, 48, 20, 96, 67, 46, 98, 293, 48, 142, 95, 109, 28, 70, 198, 114, 42, 184, 93, 73, 26, 33, 21, 37, 155, 51, 36, 29, 31, 112, 103, 257, 70, 133, 92, 0, 61, 41, 45, 74, 78, 104, 64, 16, 84, 73, 111, 55, 90, 32, 167, 169, 33, 22, 34, 80, 93, 64, 210, 70, 117, 162, 48, 114, 54, 34, 48, 44, 88, 34, 47, 36, 49, 54, 40, 71, 49]
real: 11073 [46, 240, 93, 136, 73, 38, 46, 102, 54, 84, 134, 29, 30, 54, 56, 26, 268, 79, 173, 58, 96, 81, 126, 49, 95, 26, 123, 43, 168, 202, 114, 96, 93, 61, 234, 64, 68, 30, 58, 47, 40, 127, 81, 49, 32, 69, 46, 58, 83, 122, 44, 102, 71, 23, 49, 19, 98, 76, 55, 97, 280, 50, 148, 95, 124, 31, 75, 212, 120, 48, 203, 110, 77, 30, 39, 26, 39, 167, 58, 47, 41, 32, 121, 131, 263, 74, 138, 96, 18, 65, 43, 46, 72, 84, 107, 61, 16, 99, 78, 113, 56, 100, 29, 168, 167, 36, 26, 47, 118, 91, 65, 223, 76, 125, 185, 48, 119, 57, 37, 49, 43, 93, 35, 48, 48, 48, 57, 41, 76, 51]

grid_scale: 0.4
resize_scale: 0.5
confiance: 0.5

random_seed: 1011
data_augmentation: True
samples: 130
