MAE: 7.2 [4, 17, 15, 9, 1, 10, 1, 0, 4, 0, 5, 6, 0, 3, 0, 2, 16, 4, 11, 5, 27, 2, 18, 5, 21, 0, 8, 1, 11, 33, 60, 6, 18, 1, 16, 7, 1, 1, 3, 2, 1, 10, 2, 4, 0, 2, 7, 3, 1, 12, 0, 11, 3, 4, 1, 2, 3, 8, 7, 3, 13, 6, 9, 2, 11, 3, 6, 17, 5, 2, 18, 14, 2, 6, 8, 4, 1, 11, 7, 15, 6, 0, 4, 23, 13, 3, 10, 8, 18, 3, 5, 4, 3, 9, 2, 0, 0, 17, 8, 5, 3, 7, 1, 11, 4, 1, 1, 12, 34, 2, 2, 25, 7, 9, 26, 1, 8, 4, 1, 2, 2, 2, 1, 0, 16, 2, 4, 4, 3, 2]
MAPE: 8.8585968295264 [8.695652173913043, 7.083333333333333, 16.129032258064516, 6.61764705882353, 1.36986301369863, 26.31578947368421, 2.1739130434782608, 0.0, 7.4074074074074066, 0.0, 3.731343283582089, 20.689655172413794, 0.0, 5.555555555555555, 0.0, 7.6923076923076925, 5.970149253731343, 5.063291139240507, 6.358381502890173, 8.620689655172415, 28.125, 2.4691358024691357, 14.285714285714285, 10.204081632653061, 22.105263157894736, 0.0, 6.504065040650407, 2.3255813953488373, 6.547619047619048, 16.33663366336634, 52.63157894736842, 6.25, 19.35483870967742, 1.639344262295082, 6.837606837606838, 10.9375, 1.4705882352941175, 3.3333333333333335, 5.172413793103448, 4.25531914893617, 2.5, 7.874015748031496, 2.4691358024691357, 8.16326530612245, 0.0, 2.898550724637681, 15.217391304347828, 5.172413793103448, 1.2048192771084338, 9.836065573770492, 0.0, 10.784313725490197, 4.225352112676056, 17.391304347826086, 2.0408163265306123, 10.526315789473683, 3.061224489795918, 10.526315789473683, 12.727272727272727, 3.0927835051546393, 4.642857142857143, 12.0, 6.081081081081082, 2.1052631578947367, 8.870967741935484, 9.67741935483871, 8.0, 8.018867924528301, 4.166666666666666, 4.166666666666666, 8.866995073891626, 12.727272727272727, 2.5974025974025974, 20.0, 20.51282051282051, 15.384615384615385, 2.564102564102564, 6.58682634730539, 12.068965517241379, 31.914893617021278, 14.634146341463413, 0.0, 3.3057851239669422, 17.557251908396946, 4.942965779467681, 4.054054054054054, 7.246376811594203, 8.333333333333332, 100.0, 4.615384615384616, 11.627906976744185, 8.695652173913043, 4.166666666666666, 10.714285714285714, 1.8691588785046727, 0.0, 0.0, 17.17171717171717, 10.256410256410255, 4.424778761061947, 5.357142857142857, 7.000000000000001, 3.4482758620689653, 6.547619047619048, 2.3952095808383236, 2.7777777777777777, 3.8461538461538463, 25.53191489361702, 28.8135593220339, 2.197802197802198, 3.076923076923077, 11.210762331838566, 9.210526315789473, 7.199999999999999, 14.054054054054054, 2.083333333333333, 6.722689075630252, 7.017543859649122, 2.7027027027027026, 4.081632653061225, 4.651162790697675, 2.1505376344086025, 2.857142857142857, 0.0, 33.33333333333333, 4.166666666666666, 7.017543859649122, 9.75609756097561, 3.9473684210526314, 3.9215686274509802]
RMSE: 11.03351537536707 [16, 289, 225, 81, 1, 100, 1, 0, 16, 0, 25, 36, 0, 9, 0, 4, 256, 16, 121, 25, 729, 4, 324, 25, 441, 0, 64, 1, 121, 1089, 3600, 36, 324, 1, 256, 49, 1, 1, 9, 4, 1, 100, 4, 16, 0, 4, 49, 9, 1, 144, 0, 121, 9, 16, 1, 4, 9, 64, 49, 9, 169, 36, 81, 4, 121, 9, 36, 289, 25, 4, 324, 196, 4, 36, 64, 16, 1, 121, 49, 225, 36, 0, 16, 529, 169, 9, 100, 64, 324, 9, 25, 16, 9, 81, 4, 0, 0, 289, 64, 25, 9, 49, 1, 121, 16, 1, 1, 144, 1156, 4, 4, 625, 49, 81, 676, 1, 64, 16, 1, 4, 4, 4, 1, 0, 256, 4, 16, 16, 9, 4]

pred: 10231 [42, 223, 78, 127, 74, 28, 47, 102, 50, 84, 129, 23, 30, 51, 56, 24, 252, 75, 162, 53, 69, 79, 108, 44, 74, 26, 115, 42, 157, 169, 54, 90, 75, 60, 218, 71, 69, 29, 55, 49, 41, 117, 79, 45, 32, 67, 39, 61, 82, 110, 44, 91, 68, 19, 50, 21, 95, 68, 48, 94, 293, 44, 139, 97, 113, 28, 69, 195, 115, 46, 185, 96, 75, 24, 31, 22, 38, 156, 51, 32, 35, 32, 117, 108, 250, 71, 128, 88, 0, 68, 38, 42, 69, 75, 105, 61, 16, 82, 70, 108, 53, 93, 30, 157, 163, 35, 25, 35, 84, 93, 63, 198, 69, 116, 159, 49, 111, 53, 36, 51, 45, 91, 34, 48, 32, 50, 53, 37, 73, 49]
real: 11073 [46, 240, 93, 136, 73, 38, 46, 102, 54, 84, 134, 29, 30, 54, 56, 26, 268, 79, 173, 58, 96, 81, 126, 49, 95, 26, 123, 43, 168, 202, 114, 96, 93, 61, 234, 64, 68, 30, 58, 47, 40, 127, 81, 49, 32, 69, 46, 58, 83, 122, 44, 102, 71, 23, 49, 19, 98, 76, 55, 97, 280, 50, 148, 95, 124, 31, 75, 212, 120, 48, 203, 110, 77, 30, 39, 26, 39, 167, 58, 47, 41, 32, 121, 131, 263, 74, 138, 96, 18, 65, 43, 46, 72, 84, 107, 61, 16, 99, 78, 113, 56, 100, 29, 168, 167, 36, 26, 47, 118, 91, 65, 223, 76, 125, 185, 48, 119, 57, 37, 49, 43, 93, 35, 48, 48, 48, 57, 41, 76, 51]

grid_scale: 0.4
resize_scale: 0.5
confiance: 0.5

random_seed: 1011
data_augmentation: True
samples: 130
