MAE: 6.1461538461538465 [6, 11, 5, 8, 1, 15, 1, 2, 5, 1, 6, 4, 2, 0, 3, 1, 16, 2, 11, 5, 17, 4, 17, 1, 13, 0, 12, 1, 10, 22, 50, 2, 14, 1, 4, 7, 3, 2, 2, 2, 1, 10, 9, 0, 0, 0, 12, 5, 1, 11, 1, 8, 4, 0, 3, 1, 1, 3, 6, 3, 10, 2, 2, 1, 10, 1, 3, 14, 2, 5, 23, 14, 6, 6, 5, 5, 2, 13, 3, 12, 14, 0, 9, 22, 7, 1, 8, 4, 18, 8, 2, 5, 1, 9, 2, 6, 1, 6, 4, 6, 1, 5, 1, 9, 1, 2, 3, 16, 28, 0, 3, 8, 9, 8, 18, 3, 4, 4, 2, 0, 3, 1, 2, 0, 11, 1, 4, 2, 7, 3]
MAPE: 8.173367727243942 [13.043478260869565, 4.583333333333333, 5.376344086021505, 5.88235294117647, 1.36986301369863, 39.473684210526315, 2.1739130434782608, 1.9607843137254901, 9.25925925925926, 1.1904761904761905, 4.477611940298507, 13.793103448275861, 6.666666666666667, 0.0, 5.357142857142857, 3.8461538461538463, 5.970149253731343, 2.5316455696202533, 6.358381502890173, 8.620689655172415, 17.708333333333336, 4.938271604938271, 13.492063492063492, 2.0408163265306123, 13.684210526315791, 0.0, 9.75609756097561, 2.3255813953488373, 5.952380952380952, 10.891089108910892, 43.859649122807014, 2.083333333333333, 15.053763440860216, 1.639344262295082, 1.7094017094017095, 10.9375, 4.411764705882353, 6.666666666666667, 3.4482758620689653, 4.25531914893617, 2.5, 7.874015748031496, 11.11111111111111, 0.0, 0.0, 0.0, 26.08695652173913, 8.620689655172415, 1.2048192771084338, 9.01639344262295, 2.272727272727273, 7.8431372549019605, 5.633802816901409, 0.0, 6.122448979591836, 5.263157894736842, 1.0204081632653061, 3.9473684210526314, 10.909090909090908, 3.0927835051546393, 3.571428571428571, 4.0, 1.3513513513513513, 1.0526315789473684, 8.064516129032258, 3.225806451612903, 4.0, 6.60377358490566, 1.6666666666666667, 10.416666666666668, 11.330049261083744, 12.727272727272727, 7.792207792207792, 20.0, 12.82051282051282, 19.230769230769234, 5.128205128205128, 7.784431137724551, 5.172413793103448, 25.53191489361702, 34.146341463414636, 0.0, 7.43801652892562, 16.793893129770993, 2.6615969581749046, 1.3513513513513513, 5.797101449275362, 4.166666666666666, 100.0, 12.307692307692308, 4.651162790697675, 10.869565217391305, 1.3888888888888888, 10.714285714285714, 1.8691588785046727, 9.836065573770492, 6.25, 6.0606060606060606, 5.128205128205128, 5.3097345132743365, 1.7857142857142856, 5.0, 3.4482758620689653, 5.357142857142857, 0.5988023952095809, 5.555555555555555, 11.538461538461538, 34.04255319148936, 23.728813559322035, 0.0, 4.615384615384616, 3.587443946188341, 11.842105263157894, 6.4, 9.72972972972973, 6.25, 3.361344537815126, 7.017543859649122, 5.405405405405405, 0.0, 6.976744186046512, 1.0752688172043012, 5.714285714285714, 0.0, 22.916666666666664, 2.083333333333333, 7.017543859649122, 4.878048780487805, 9.210526315789473, 5.88235294117647]
RMSE: 9.187365906923066 [36, 121, 25, 64, 1, 225, 1, 4, 25, 1, 36, 16, 4, 0, 9, 1, 256, 4, 121, 25, 289, 16, 289, 1, 169, 0, 144, 1, 100, 484, 2500, 4, 196, 1, 16, 49, 9, 4, 4, 4, 1, 100, 81, 0, 0, 0, 144, 25, 1, 121, 1, 64, 16, 0, 9, 1, 1, 9, 36, 9, 100, 4, 4, 1, 100, 1, 9, 196, 4, 25, 529, 196, 36, 36, 25, 25, 4, 169, 9, 144, 196, 0, 81, 484, 49, 1, 64, 16, 324, 64, 4, 25, 1, 81, 4, 36, 1, 36, 16, 36, 1, 25, 1, 81, 1, 4, 9, 256, 784, 0, 9, 64, 81, 64, 324, 9, 16, 16, 4, 0, 9, 1, 4, 0, 121, 1, 16, 4, 49, 9]

pred: 10348 [40, 229, 88, 128, 74, 23, 45, 104, 49, 83, 128, 25, 28, 54, 53, 27, 252, 77, 162, 53, 79, 77, 109, 50, 82, 26, 111, 42, 158, 180, 64, 94, 79, 60, 230, 71, 65, 28, 56, 45, 41, 117, 72, 49, 32, 69, 34, 63, 84, 111, 45, 94, 67, 23, 46, 20, 97, 73, 49, 94, 290, 48, 146, 96, 114, 30, 72, 198, 118, 43, 180, 96, 71, 24, 34, 21, 37, 154, 55, 35, 27, 32, 112, 109, 256, 73, 130, 92, 0, 57, 41, 41, 73, 75, 105, 55, 15, 93, 74, 107, 55, 95, 30, 159, 166, 34, 23, 31, 90, 91, 62, 215, 67, 117, 167, 45, 115, 53, 35, 49, 46, 92, 33, 48, 37, 47, 53, 39, 69, 48]
real: 11073 [46, 240, 93, 136, 73, 38, 46, 102, 54, 84, 134, 29, 30, 54, 56, 26, 268, 79, 173, 58, 96, 81, 126, 49, 95, 26, 123, 43, 168, 202, 114, 96, 93, 61, 234, 64, 68, 30, 58, 47, 40, 127, 81, 49, 32, 69, 46, 58, 83, 122, 44, 102, 71, 23, 49, 19, 98, 76, 55, 97, 280, 50, 148, 95, 124, 31, 75, 212, 120, 48, 203, 110, 77, 30, 39, 26, 39, 167, 58, 47, 41, 32, 121, 131, 263, 74, 138, 96, 18, 65, 43, 46, 72, 84, 107, 61, 16, 99, 78, 113, 56, 100, 29, 168, 167, 36, 26, 47, 118, 91, 65, 223, 76, 125, 185, 48, 119, 57, 37, 49, 43, 93, 35, 48, 48, 48, 57, 41, 76, 51]

grid_scale: 0.4
resize_scale: 0.5
confiance: 0.5

random_seed: 1011
data_augmentation: True
samples: 130
