MAE: 4.292307692307692 [5, 2, 3, 0, 6, 14, 2, 8, 3, 2, 0, 1, 2, 3, 6, 1, 6, 10, 5, 1, 13, 4, 1, 9, 10, 1, 3, 1, 5, 4, 39, 5, 9, 6, 8, 13, 5, 4, 2, 4, 4, 2, 1, 4, 1, 0, 2, 7, 6, 1, 1, 2, 2, 1, 4, 2, 4, 0, 6, 0, 31, 2, 0, 6, 2, 2, 1, 10, 2, 2, 2, 6, 1, 0, 7, 3, 0, 4, 2, 1, 3, 0, 4, 0, 15, 3, 5, 1, 18, 7, 1, 3, 5, 3, 2, 11, 3, 2, 5, 7, 2, 1, 2, 2, 0, 3, 4, 3, 20, 4, 2, 2, 1, 1, 11, 5, 0, 2, 3, 5, 1, 5, 1, 4, 2, 5, 1, 3, 2, 3]
MAPE: 6.576691049063522 [10.869565217391305, 0.8333333333333334, 3.225806451612903, 0.0, 8.21917808219178, 36.84210526315789, 4.3478260869565215, 7.8431372549019605, 5.555555555555555, 2.380952380952381, 0.0, 3.4482758620689653, 6.666666666666667, 5.555555555555555, 10.714285714285714, 3.8461538461538463, 2.2388059701492535, 12.658227848101266, 2.8901734104046244, 1.7241379310344827, 13.541666666666666, 4.938271604938271, 0.7936507936507936, 18.367346938775512, 10.526315789473683, 3.8461538461538463, 2.4390243902439024, 2.3255813953488373, 2.976190476190476, 1.9801980198019802, 34.21052631578947, 5.208333333333334, 9.67741935483871, 9.836065573770492, 3.418803418803419, 20.3125, 7.352941176470589, 13.333333333333334, 3.4482758620689653, 8.51063829787234, 10.0, 1.574803149606299, 1.2345679012345678, 8.16326530612245, 3.125, 0.0, 4.3478260869565215, 12.068965517241379, 7.228915662650602, 0.819672131147541, 2.272727272727273, 1.9607843137254901, 2.8169014084507045, 4.3478260869565215, 8.16326530612245, 10.526315789473683, 4.081632653061225, 0.0, 10.909090909090908, 0.0, 11.071428571428571, 4.0, 0.0, 6.315789473684211, 1.6129032258064515, 6.451612903225806, 1.3333333333333335, 4.716981132075472, 1.6666666666666667, 4.166666666666666, 0.9852216748768473, 5.454545454545454, 1.2987012987012987, 0.0, 17.94871794871795, 11.538461538461538, 0.0, 2.3952095808383236, 3.4482758620689653, 2.127659574468085, 7.317073170731707, 0.0, 3.3057851239669422, 0.0, 5.7034220532319395, 4.054054054054054, 3.6231884057971016, 1.0416666666666665, 100.0, 10.76923076923077, 2.3255813953488373, 6.521739130434782, 6.944444444444445, 3.571428571428571, 1.8691588785046727, 18.0327868852459, 18.75, 2.0202020202020203, 6.41025641025641, 6.1946902654867255, 3.571428571428571, 1.0, 6.896551724137931, 1.1904761904761905, 0.0, 8.333333333333332, 15.384615384615385, 6.382978723404255, 16.94915254237288, 4.395604395604396, 3.076923076923077, 0.8968609865470852, 1.3157894736842104, 0.8, 5.9459459459459465, 10.416666666666668, 0.0, 3.508771929824561, 8.108108108108109, 10.204081632653061, 2.3255813953488373, 5.376344086021505, 2.857142857142857, 8.333333333333332, 4.166666666666666, 10.416666666666668, 1.7543859649122806, 7.317073170731707, 2.631578947368421, 5.88235294117647]
RMSE: 6.824165206765643 [25, 4, 9, 0, 36, 196, 4, 64, 9, 4, 0, 1, 4, 9, 36, 1, 36, 100, 25, 1, 169, 16, 1, 81, 100, 1, 9, 1, 25, 16, 1521, 25, 81, 36, 64, 169, 25, 16, 4, 16, 16, 4, 1, 16, 1, 0, 4, 49, 36, 1, 1, 4, 4, 1, 16, 4, 16, 0, 36, 0, 961, 4, 0, 36, 4, 4, 1, 100, 4, 4, 4, 36, 1, 0, 49, 9, 0, 16, 4, 1, 9, 0, 16, 0, 225, 9, 25, 1, 324, 49, 1, 9, 25, 9, 4, 121, 9, 4, 25, 49, 4, 1, 4, 4, 0, 9, 16, 9, 400, 16, 4, 4, 1, 1, 121, 25, 0, 4, 9, 25, 1, 25, 1, 16, 4, 25, 1, 9, 4, 9]

pred: 11205 [51, 238, 90, 136, 79, 24, 48, 110, 51, 86, 134, 30, 28, 57, 62, 27, 274, 89, 178, 57, 83, 85, 125, 58, 85, 27, 120, 44, 173, 198, 75, 101, 84, 67, 242, 77, 73, 34, 60, 51, 44, 125, 82, 53, 33, 69, 44, 65, 89, 123, 45, 100, 73, 24, 53, 21, 102, 76, 49, 97, 311, 52, 148, 101, 122, 33, 76, 222, 122, 46, 201, 104, 76, 30, 32, 23, 39, 171, 56, 46, 38, 32, 125, 131, 278, 77, 143, 97, 0, 72, 44, 43, 77, 81, 105, 72, 19, 97, 83, 120, 58, 101, 31, 166, 167, 39, 30, 44, 98, 95, 67, 221, 77, 126, 174, 53, 119, 59, 40, 54, 44, 98, 36, 52, 46, 53, 58, 44, 78, 54]
real: 11073 [46, 240, 93, 136, 73, 38, 46, 102, 54, 84, 134, 29, 30, 54, 56, 26, 268, 79, 173, 58, 96, 81, 126, 49, 95, 26, 123, 43, 168, 202, 114, 96, 93, 61, 234, 64, 68, 30, 58, 47, 40, 127, 81, 49, 32, 69, 46, 58, 83, 122, 44, 102, 71, 23, 49, 19, 98, 76, 55, 97, 280, 50, 148, 95, 124, 31, 75, 212, 120, 48, 203, 110, 77, 30, 39, 26, 39, 167, 58, 47, 41, 32, 121, 131, 263, 74, 138, 96, 18, 65, 43, 46, 72, 84, 107, 61, 16, 99, 78, 113, 56, 100, 29, 168, 167, 36, 26, 47, 118, 91, 65, 223, 76, 125, 185, 48, 119, 57, 37, 49, 43, 93, 35, 48, 48, 48, 57, 41, 76, 51]

grid_scale: 0.3
resize_scale: 0.5
confiance: 0.4

random_seed: 1011
data_augmentation: True
samples: 130
