MAE: 3.646153846153846 [2, 6, 4, 0, 5, 10, 1, 9, 2, 1, 6, 3, 3, 1, 1, 4, 1, 1, 1, 6, 0, 0, 1, 5, 2, 7, 2, 1, 1, 0, 3, 4, 6, 2, 0, 4, 5, 12, 0, 4, 2, 2, 5, 1, 7, 11, 2, 1, 5, 7, 2, 0, 1, 1, 3, 1, 0, 3, 6, 1, 3, 8, 1, 2, 0, 3, 1, 2, 3, 27, 6, 1, 0, 1, 3, 27, 4, 1, 2, 1, 5, 1, 1, 7, 4, 1, 2, 2, 11, 13, 9, 5, 2, 0, 1, 4, 8, 4, 3, 2, 3, 1, 0, 2, 6, 1, 1, 13, 1, 0, 7, 3, 11, 7, 1, 1, 8, 4, 2, 0, 11, 0, 6, 6, 0, 0, 4, 4, 0, 3]
MAPE: 5.2173655730761315 [2.0618556701030926, 5.3097345132743365, 5.797101449275362, 0.0, 5.4945054945054945, 55.55555555555556, 0.5952380952380952, 3.3582089552238807, 6.896551724137931, 2.3255813953488373, 6.25, 7.5, 3.125, 2.7027027027027026, 2.857142857142857, 3.508771929824561, 0.5952380952380952, 0.7246376811594203, 0.8064516129032258, 4.580152671755725, 0.0, 0.0, 1.5384615384615385, 6.944444444444445, 1.1560693641618496, 11.475409836065573, 6.25, 0.819672131147541, 2.0, 0.0, 5.555555555555555, 6.896551724137931, 5.607476635514018, 1.4705882352941175, 0.0, 1.8867924528301887, 10.204081632653061, 25.53191489361702, 0.0, 12.903225806451612, 4.3478260869565215, 2.4691358024691357, 11.627906976744185, 2.127659574468085, 6.862745098039216, 8.208955223880597, 2.1505376344086025, 1.0101010101010102, 2.7027027027027026, 3.1390134529147984, 3.571428571428571, 0.0, 1.0416666666666665, 1.1904761904761905, 10.0, 0.8, 0.0, 3.225806451612903, 6.315789473684211, 1.0204081632653061, 2.4390243902439024, 6.349206349206349, 3.8461538461538463, 1.9607843137254901, 0.0, 2.3622047244094486, 2.272727272727273, 2.4096385542168677, 9.375, 9.642857142857144, 2.955665024630542, 2.3255813953488373, 0.0, 1.7241379310344827, 4.225352112676056, 22.88135593220339, 8.333333333333332, 2.127659574468085, 1.1976047904191618, 3.3333333333333335, 5.952380952380952, 4.3478260869565215, 1.3513513513513513, 14.285714285714285, 5.194805194805195, 1.7543859649122806, 12.5, 4.878048780487805, 5.445544554455446, 7.784431137724551, 11.39240506329114, 10.416666666666668, 10.526315789473683, 0.0, 1.4705882352941175, 7.4074074074074066, 3.418803418803419, 3.3057851239669422, 7.6923076923076925, 4.3478260869565215, 6.521739130434782, 0.8403361344537815, 0.0, 2.4691358024691357, 10.714285714285714, 1.0, 1.3157894736842104, 11.818181818181818, 1.282051282051282, 0.0, 5.833333333333333, 6.25, 28.947368421052634, 9.58904109589041, 1.3157894736842104, 2.083333333333333, 12.5, 13.793103448275861, 2.1052631578947367, 0.0, 18.96551724137931, 0.0, 10.344827586206897, 10.909090909090908, 0.0, 0.0, 1.520912547528517, 6.557377049180328, 0.0, 6.25]
RMSE: 5.604942873516609 [4, 36, 16, 0, 25, 100, 1, 81, 4, 1, 36, 9, 9, 1, 1, 16, 1, 1, 1, 36, 0, 0, 1, 25, 4, 49, 4, 1, 1, 0, 9, 16, 36, 4, 0, 16, 25, 144, 0, 16, 4, 4, 25, 1, 49, 121, 4, 1, 25, 49, 4, 0, 1, 1, 9, 1, 0, 9, 36, 1, 9, 64, 1, 4, 0, 9, 1, 4, 9, 729, 36, 1, 0, 1, 9, 729, 16, 1, 4, 1, 25, 1, 1, 49, 16, 1, 4, 4, 121, 169, 81, 25, 4, 0, 1, 16, 64, 16, 9, 4, 9, 1, 0, 4, 36, 1, 1, 169, 1, 0, 49, 9, 121, 49, 1, 1, 64, 16, 4, 0, 121, 0, 36, 36, 0, 0, 16, 16, 0, 9]

pred: 11171 [99, 119, 73, 49, 96, 8, 169, 277, 31, 44, 90, 43, 99, 38, 36, 110, 167, 139, 125, 125, 65, 75, 64, 77, 171, 68, 34, 121, 51, 148, 51, 54, 113, 134, 49, 216, 54, 35, 36, 27, 48, 83, 48, 46, 109, 145, 91, 100, 180, 216, 58, 39, 97, 85, 33, 126, 30, 96, 101, 99, 120, 118, 27, 100, 57, 124, 45, 85, 29, 307, 209, 42, 41, 59, 74, 91, 52, 46, 169, 31, 89, 24, 73, 56, 73, 58, 18, 43, 191, 180, 88, 43, 21, 26, 69, 58, 242, 125, 36, 48, 43, 118, 26, 83, 62, 101, 75, 97, 79, 93, 127, 51, 27, 80, 75, 49, 72, 25, 93, 240, 69, 26, 64, 49, 51, 46, 267, 65, 76, 45]
real: 11073 [97, 113, 69, 49, 91, 18, 168, 268, 29, 43, 96, 40, 96, 37, 35, 114, 168, 138, 124, 131, 65, 75, 65, 72, 173, 61, 32, 122, 50, 148, 54, 58, 107, 136, 49, 212, 49, 47, 36, 31, 46, 81, 43, 47, 102, 134, 93, 99, 185, 223, 56, 39, 96, 84, 30, 125, 30, 93, 95, 98, 123, 126, 26, 102, 57, 127, 44, 83, 32, 280, 203, 43, 41, 58, 71, 118, 48, 47, 167, 30, 84, 23, 74, 49, 77, 57, 16, 41, 202, 167, 79, 48, 19, 26, 68, 54, 234, 121, 39, 46, 46, 119, 26, 81, 56, 100, 76, 110, 78, 93, 120, 48, 38, 73, 76, 48, 64, 29, 95, 240, 58, 26, 58, 55, 51, 46, 263, 61, 76, 48]

grid_scale: 0.35
resize_scale: 0.5
confiance: 0.45

random_seed: 1011
data_augmentation: True
samples: 130
