MAE: 4.653846153846154 [6, 4, 1, 2, 5, 13, 5, 13, 0, 8, 3, 0, 2, 4, 8, 0, 7, 2, 0, 2, 13, 2, 0, 4, 20, 0, 3, 2, 5, 0, 34, 0, 7, 3, 13, 17, 4, 5, 2, 8, 6, 2, 5, 0, 6, 11, 2, 9, 2, 0, 2, 1, 4, 0, 5, 2, 5, 2, 5, 1, 30, 1, 0, 6, 5, 0, 3, 6, 1, 6, 3, 6, 1, 0, 3, 3, 2, 2, 2, 5, 5, 2, 2, 5, 8, 7, 6, 1, 18, 4, 2, 3, 11, 3, 1, 13, 0, 2, 2, 9, 1, 6, 3, 1, 3, 1, 0, 1, 28, 3, 4, 2, 1, 1, 14, 4, 3, 3, 2, 4, 5, 5, 0, 3, 5, 7, 1, 3, 2, 3]
MAPE: 6.933795698230947 [13.043478260869565, 1.6666666666666667, 1.0752688172043012, 1.4705882352941175, 6.8493150684931505, 34.21052631578947, 10.869565217391305, 12.745098039215685, 0.0, 9.523809523809524, 2.2388059701492535, 0.0, 6.666666666666667, 7.4074074074074066, 14.285714285714285, 0.0, 2.6119402985074625, 2.5316455696202533, 0.0, 3.4482758620689653, 13.541666666666666, 2.4691358024691357, 0.0, 8.16326530612245, 21.052631578947366, 0.0, 2.4390243902439024, 4.651162790697675, 2.976190476190476, 0.0, 29.82456140350877, 0.0, 7.526881720430108, 4.918032786885246, 5.555555555555555, 26.5625, 5.88235294117647, 16.666666666666664, 3.4482758620689653, 17.02127659574468, 15.0, 1.574803149606299, 6.172839506172839, 0.0, 18.75, 15.942028985507244, 4.3478260869565215, 15.517241379310345, 2.4096385542168677, 0.0, 4.545454545454546, 0.9803921568627451, 5.633802816901409, 0.0, 10.204081632653061, 10.526315789473683, 5.1020408163265305, 2.631578947368421, 9.090909090909092, 1.0309278350515463, 10.714285714285714, 2.0, 0.0, 6.315789473684211, 4.032258064516129, 0.0, 4.0, 2.8301886792452833, 0.8333333333333334, 12.5, 1.477832512315271, 5.454545454545454, 1.2987012987012987, 0.0, 7.6923076923076925, 11.538461538461538, 5.128205128205128, 1.1976047904191618, 3.4482758620689653, 10.638297872340425, 12.195121951219512, 6.25, 1.6528925619834711, 3.816793893129771, 3.041825095057034, 9.45945945945946, 4.3478260869565215, 1.0416666666666665, 100.0, 6.153846153846154, 4.651162790697675, 6.521739130434782, 15.277777777777779, 3.571428571428571, 0.9345794392523363, 21.311475409836063, 0.0, 2.0202020202020203, 2.564102564102564, 7.964601769911504, 1.7857142857142856, 6.0, 10.344827586206897, 0.5952380952380952, 1.7964071856287425, 2.7777777777777777, 0.0, 2.127659574468085, 23.728813559322035, 3.296703296703297, 6.153846153846154, 0.8968609865470852, 1.3157894736842104, 0.8, 7.567567567567568, 8.333333333333332, 2.5210084033613445, 5.263157894736842, 5.405405405405405, 8.16326530612245, 11.627906976744185, 5.376344086021505, 0.0, 6.25, 10.416666666666668, 14.583333333333334, 1.7543859649122806, 7.317073170731707, 2.631578947368421, 5.88235294117647]
RMSE: 7.262654738190013 [36, 16, 1, 4, 25, 169, 25, 169, 0, 64, 9, 0, 4, 16, 64, 0, 49, 4, 0, 4, 169, 4, 0, 16, 400, 0, 9, 4, 25, 0, 1156, 0, 49, 9, 169, 289, 16, 25, 4, 64, 36, 4, 25, 0, 36, 121, 4, 81, 4, 0, 4, 1, 16, 0, 25, 4, 25, 4, 25, 1, 900, 1, 0, 36, 25, 0, 9, 36, 1, 36, 9, 36, 1, 0, 9, 9, 4, 4, 4, 25, 25, 4, 4, 25, 64, 49, 36, 1, 324, 16, 4, 9, 121, 9, 1, 169, 0, 4, 4, 81, 1, 36, 9, 1, 9, 1, 0, 1, 784, 9, 16, 4, 1, 1, 196, 16, 9, 9, 4, 16, 25, 25, 0, 9, 25, 49, 1, 9, 4, 9]

pred: 11218 [52, 244, 94, 138, 78, 25, 51, 115, 54, 92, 137, 29, 32, 58, 64, 26, 275, 81, 173, 56, 83, 83, 126, 53, 75, 26, 126, 45, 173, 202, 80, 96, 86, 64, 247, 81, 72, 35, 60, 55, 46, 125, 86, 49, 38, 80, 44, 67, 85, 122, 46, 103, 75, 23, 54, 21, 103, 78, 50, 98, 310, 51, 148, 101, 129, 31, 78, 218, 121, 42, 200, 104, 78, 30, 36, 23, 41, 165, 56, 42, 36, 34, 123, 126, 271, 81, 144, 97, 0, 69, 41, 43, 83, 81, 108, 74, 16, 97, 80, 122, 57, 106, 32, 167, 170, 35, 26, 46, 90, 94, 69, 221, 75, 126, 171, 52, 116, 54, 35, 53, 48, 98, 35, 51, 43, 55, 56, 44, 74, 54]
real: 11073 [46, 240, 93, 136, 73, 38, 46, 102, 54, 84, 134, 29, 30, 54, 56, 26, 268, 79, 173, 58, 96, 81, 126, 49, 95, 26, 123, 43, 168, 202, 114, 96, 93, 61, 234, 64, 68, 30, 58, 47, 40, 127, 81, 49, 32, 69, 46, 58, 83, 122, 44, 102, 71, 23, 49, 19, 98, 76, 55, 97, 280, 50, 148, 95, 124, 31, 75, 212, 120, 48, 203, 110, 77, 30, 39, 26, 39, 167, 58, 47, 41, 32, 121, 131, 263, 74, 138, 96, 18, 65, 43, 46, 72, 84, 107, 61, 16, 99, 78, 113, 56, 100, 29, 168, 167, 36, 26, 47, 118, 91, 65, 223, 76, 125, 185, 48, 119, 57, 37, 49, 43, 93, 35, 48, 48, 48, 57, 41, 76, 51]

grid_scale: 0.3
resize_scale: 0.5
confiance: 0.4

random_seed: 1011
data_augmentation: True
samples: 130
