MAE: 9.684615384615384 [5, 15, 14, 9, 3, 17, 1, 4, 7, 6, 5, 6, 1, 5, 1, 1, 24, 6, 22, 9, 20, 2, 16, 1, 26, 1, 17, 3, 19, 28, 60, 3, 21, 1, 21, 1, 7, 1, 4, 1, 1, 19, 10, 9, 6, 3, 8, 0, 6, 20, 3, 13, 9, 6, 5, 0, 7, 12, 5, 9, 6, 2, 10, 1, 19, 4, 1, 23, 15, 8, 30, 19, 13, 3, 10, 6, 2, 23, 9, 12, 15, 2, 3, 26, 22, 2, 20, 8, 18, 4, 6, 4, 4, 7, 5, 2, 3, 15, 9, 9, 3, 11, 1, 15, 8, 5, 5, 14, 56, 7, 3, 24, 9, 9, 40, 2, 10, 6, 4, 2, 1, 8, 1, 3, 18, 0, 8, 6, 11, 4]
MAPE: 12.001083990813125 [10.869565217391305, 6.25, 15.053763440860216, 6.61764705882353, 4.10958904109589, 44.73684210526316, 2.1739130434782608, 3.9215686274509802, 12.962962962962962, 7.142857142857142, 3.731343283582089, 20.689655172413794, 3.3333333333333335, 9.25925925925926, 1.7857142857142856, 3.8461538461538463, 8.955223880597014, 7.59493670886076, 12.716763005780345, 15.517241379310345, 20.833333333333336, 2.4691358024691357, 12.698412698412698, 2.0408163265306123, 27.368421052631582, 3.8461538461538463, 13.821138211382115, 6.976744186046512, 11.30952380952381, 13.861386138613863, 52.63157894736842, 3.125, 22.58064516129032, 1.639344262295082, 8.974358974358974, 1.5625, 10.294117647058822, 3.3333333333333335, 6.896551724137931, 2.127659574468085, 2.5, 14.960629921259844, 12.345679012345679, 18.367346938775512, 18.75, 4.3478260869565215, 17.391304347826086, 0.0, 7.228915662650602, 16.39344262295082, 6.8181818181818175, 12.745098039215685, 12.676056338028168, 26.08695652173913, 10.204081632653061, 0.0, 7.142857142857142, 15.789473684210526, 9.090909090909092, 9.278350515463918, 2.142857142857143, 4.0, 6.756756756756757, 1.0526315789473684, 15.32258064516129, 12.903225806451612, 1.3333333333333335, 10.849056603773585, 12.5, 16.666666666666664, 14.77832512315271, 17.272727272727273, 16.883116883116884, 10.0, 25.64102564102564, 23.076923076923077, 5.128205128205128, 13.77245508982036, 15.517241379310345, 25.53191489361702, 36.58536585365854, 6.25, 2.479338842975207, 19.84732824427481, 8.365019011406844, 2.7027027027027026, 14.492753623188406, 8.333333333333332, 100.0, 6.153846153846154, 13.953488372093023, 8.695652173913043, 5.555555555555555, 8.333333333333332, 4.672897196261682, 3.278688524590164, 18.75, 15.151515151515152, 11.538461538461538, 7.964601769911504, 5.357142857142857, 11.0, 3.4482758620689653, 8.928571428571429, 4.790419161676647, 13.88888888888889, 19.230769230769234, 29.78723404255319, 47.45762711864407, 7.6923076923076925, 4.615384615384616, 10.762331838565023, 11.842105263157894, 7.199999999999999, 21.62162162162162, 4.166666666666666, 8.403361344537815, 10.526315789473683, 10.81081081081081, 4.081632653061225, 2.3255813953488373, 8.60215053763441, 2.857142857142857, 6.25, 37.5, 0.0, 14.035087719298245, 14.634146341463413, 14.473684210526317, 7.8431372549019605]
RMSE: 13.770928129158962 [25, 225, 196, 81, 9, 289, 1, 16, 49, 36, 25, 36, 1, 25, 1, 1, 576, 36, 484, 81, 400, 4, 256, 1, 676, 1, 289, 9, 361, 784, 3600, 9, 441, 1, 441, 1, 49, 1, 16, 1, 1, 361, 100, 81, 36, 9, 64, 0, 36, 400, 9, 169, 81, 36, 25, 0, 49, 144, 25, 81, 36, 4, 100, 1, 361, 16, 1, 529, 225, 64, 900, 361, 169, 9, 100, 36, 4, 529, 81, 144, 225, 4, 9, 676, 484, 4, 400, 64, 324, 16, 36, 16, 16, 49, 25, 4, 9, 225, 81, 81, 9, 121, 1, 225, 64, 25, 25, 196, 3136, 49, 9, 576, 81, 81, 1600, 4, 100, 36, 16, 4, 1, 64, 1, 9, 324, 0, 64, 36, 121, 16]

pred: 9826 [41, 225, 79, 127, 76, 21, 45, 98, 47, 78, 129, 23, 29, 49, 57, 25, 244, 73, 151, 49, 76, 79, 110, 48, 69, 25, 106, 40, 149, 174, 54, 93, 72, 60, 213, 65, 61, 29, 54, 46, 39, 108, 71, 40, 26, 66, 38, 58, 77, 102, 41, 89, 62, 17, 44, 19, 91, 64, 50, 88, 274, 48, 138, 94, 105, 27, 74, 189, 105, 40, 173, 91, 64, 27, 29, 20, 37, 144, 49, 35, 26, 30, 118, 105, 241, 72, 118, 88, 0, 61, 37, 42, 68, 77, 102, 59, 13, 84, 69, 104, 53, 89, 30, 153, 159, 31, 21, 33, 62, 84, 62, 199, 67, 116, 145, 46, 109, 51, 33, 47, 42, 85, 34, 45, 30, 48, 49, 35, 65, 47]
real: 11073 [46, 240, 93, 136, 73, 38, 46, 102, 54, 84, 134, 29, 30, 54, 56, 26, 268, 79, 173, 58, 96, 81, 126, 49, 95, 26, 123, 43, 168, 202, 114, 96, 93, 61, 234, 64, 68, 30, 58, 47, 40, 127, 81, 49, 32, 69, 46, 58, 83, 122, 44, 102, 71, 23, 49, 19, 98, 76, 55, 97, 280, 50, 148, 95, 124, 31, 75, 212, 120, 48, 203, 110, 77, 30, 39, 26, 39, 167, 58, 47, 41, 32, 121, 131, 263, 74, 138, 96, 18, 65, 43, 46, 72, 84, 107, 61, 16, 99, 78, 113, 56, 100, 29, 168, 167, 36, 26, 47, 118, 91, 65, 223, 76, 125, 185, 48, 119, 57, 37, 49, 43, 93, 35, 48, 48, 48, 57, 41, 76, 51]

grid_scale: 0.35
resize_scale: 0.5
confiance: 0.55

random_seed: 1011
data_augmentation: True
samples: 130
