MAE: 3.5923076923076924 [1, 5, 6, 2, 3, 12, 2, 2, 2, 0, 2, 1, 2, 3, 3, 0, 5, 1, 3, 4, 7, 2, 8, 3, 4, 1, 7, 1, 4, 17, 10, 2, 2, 1, 11, 11, 6, 0, 4, 0, 0, 1, 4, 3, 3, 1, 1, 6, 1, 2, 2, 5, 1, 2, 3, 1, 2, 2, 8, 1, 4, 1, 0, 4, 7, 1, 3, 1, 0, 7, 2, 9, 1, 3, 5, 1, 2, 7, 2, 4, 6, 2, 2, 18, 7, 2, 0, 1, 15, 3, 3, 2, 4, 3, 0, 3, 0, 3, 4, 1, 0, 1, 2, 4, 1, 0, 0, 4, 36, 3, 0, 6, 2, 3, 20, 0, 5, 1, 0, 2, 1, 6, 2, 3, 2, 1, 2, 3, 4, 1]
MAPE: 5.142811670260749 [2.1739130434782608, 2.083333333333333, 6.451612903225806, 1.4705882352941175, 4.10958904109589, 31.57894736842105, 4.3478260869565215, 1.9607843137254901, 3.7037037037037033, 0.0, 1.4925373134328357, 3.4482758620689653, 6.666666666666667, 5.555555555555555, 5.357142857142857, 0.0, 1.8656716417910446, 1.2658227848101267, 1.7341040462427744, 6.896551724137931, 7.291666666666667, 2.4691358024691357, 6.349206349206349, 6.122448979591836, 4.2105263157894735, 3.8461538461538463, 5.691056910569105, 2.3255813953488373, 2.380952380952381, 8.415841584158416, 8.771929824561402, 2.083333333333333, 2.1505376344086025, 1.639344262295082, 4.700854700854701, 17.1875, 8.823529411764707, 0.0, 6.896551724137931, 0.0, 0.0, 0.7874015748031495, 4.938271604938271, 6.122448979591836, 9.375, 1.4492753623188406, 2.1739130434782608, 10.344827586206897, 1.2048192771084338, 1.639344262295082, 4.545454545454546, 4.901960784313726, 1.4084507042253522, 8.695652173913043, 6.122448979591836, 5.263157894736842, 2.0408163265306123, 2.631578947368421, 14.545454545454545, 1.0309278350515463, 1.4285714285714286, 2.0, 0.0, 4.2105263157894735, 5.64516129032258, 3.225806451612903, 4.0, 0.4716981132075472, 0.0, 14.583333333333334, 0.9852216748768473, 8.181818181818182, 1.2987012987012987, 10.0, 12.82051282051282, 3.8461538461538463, 5.128205128205128, 4.191616766467066, 3.4482758620689653, 8.51063829787234, 14.634146341463413, 6.25, 1.6528925619834711, 13.740458015267176, 2.6615969581749046, 2.7027027027027026, 0.0, 1.0416666666666665, 83.33333333333334, 4.615384615384616, 6.976744186046512, 4.3478260869565215, 5.555555555555555, 3.571428571428571, 0.0, 4.918032786885246, 0.0, 3.0303030303030303, 5.128205128205128, 0.8849557522123894, 0.0, 1.0, 6.896551724137931, 2.380952380952381, 0.5988023952095809, 0.0, 0.0, 8.51063829787234, 30.508474576271187, 3.296703296703297, 0.0, 2.690582959641256, 2.631578947368421, 2.4, 10.81081081081081, 0.0, 4.201680672268908, 1.7543859649122806, 0.0, 4.081632653061225, 2.3255813953488373, 6.451612903225806, 5.714285714285714, 6.25, 4.166666666666666, 2.083333333333333, 3.508771929824561, 7.317073170731707, 5.263157894736842, 1.9607843137254901]
RMSE: 5.802519346734725 [1, 25, 36, 4, 9, 144, 4, 4, 4, 0, 4, 1, 4, 9, 9, 0, 25, 1, 9, 16, 49, 4, 64, 9, 16, 1, 49, 1, 16, 289, 100, 4, 4, 1, 121, 121, 36, 0, 16, 0, 0, 1, 16, 9, 9, 1, 1, 36, 1, 4, 4, 25, 1, 4, 9, 1, 4, 4, 64, 1, 16, 1, 0, 16, 49, 1, 9, 1, 0, 49, 4, 81, 1, 9, 25, 1, 4, 49, 4, 16, 36, 4, 4, 324, 49, 4, 0, 1, 225, 9, 9, 4, 16, 9, 0, 9, 0, 9, 16, 1, 0, 1, 4, 16, 1, 0, 0, 16, 1296, 9, 0, 36, 4, 9, 400, 0, 25, 1, 0, 4, 1, 36, 4, 9, 4, 1, 4, 9, 16, 1]

pred: 10884 [47, 235, 87, 134, 76, 26, 48, 104, 52, 84, 136, 28, 28, 57, 59, 26, 273, 80, 170, 54, 89, 79, 118, 52, 91, 27, 116, 44, 164, 185, 104, 98, 91, 60, 245, 75, 74, 30, 62, 47, 40, 126, 85, 46, 29, 68, 45, 64, 82, 120, 46, 97, 70, 21, 52, 20, 96, 78, 47, 96, 284, 51, 148, 99, 117, 30, 78, 211, 120, 41, 201, 101, 78, 27, 34, 27, 41, 160, 56, 43, 35, 34, 119, 113, 256, 76, 138, 97, 3, 68, 40, 44, 76, 81, 107, 64, 16, 96, 74, 114, 56, 101, 31, 164, 168, 36, 26, 43, 82, 94, 65, 217, 74, 128, 165, 48, 114, 56, 37, 51, 44, 99, 33, 51, 46, 47, 59, 44, 72, 52]
real: 11073 [46, 240, 93, 136, 73, 38, 46, 102, 54, 84, 134, 29, 30, 54, 56, 26, 268, 79, 173, 58, 96, 81, 126, 49, 95, 26, 123, 43, 168, 202, 114, 96, 93, 61, 234, 64, 68, 30, 58, 47, 40, 127, 81, 49, 32, 69, 46, 58, 83, 122, 44, 102, 71, 23, 49, 19, 98, 76, 55, 97, 280, 50, 148, 95, 124, 31, 75, 212, 120, 48, 203, 110, 77, 30, 39, 26, 39, 167, 58, 47, 41, 32, 121, 131, 263, 74, 138, 96, 18, 65, 43, 46, 72, 84, 107, 61, 16, 99, 78, 113, 56, 100, 29, 168, 167, 36, 26, 47, 118, 91, 65, 223, 76, 125, 185, 48, 119, 57, 37, 49, 43, 93, 35, 48, 48, 48, 57, 41, 76, 51]

grid_scale: 0.3
resize_scale: 0.5
confiance: 0.5

random_seed: 1011
data_augmentation: True
samples: 130
