MAE: 3.6 [0, 1, 0, 1, 1, 12, 2, 0, 3, 0, 1, 2, 2, 3, 3, 0, 3, 5, 5, 6, 7, 1, 10, 1, 7, 2, 8, 2, 2, 13, 8, 3, 6, 2, 9, 8, 2, 1, 2, 1, 2, 1, 2, 1, 5, 2, 3, 6, 3, 1, 1, 8, 0, 2, 4, 1, 0, 2, 7, 2, 7, 2, 1, 4, 2, 1, 3, 8, 1, 6, 9, 8, 1, 2, 2, 1, 1, 4, 5, 8, 4, 1, 0, 13, 0, 1, 3, 3, 11, 1, 3, 2, 4, 4, 1, 7, 1, 1, 8, 5, 1, 1, 1, 7, 5, 1, 2, 3, 35, 1, 1, 7, 1, 0, 13, 0, 1, 3, 4, 2, 6, 8, 3, 3, 1, 2, 1, 1, 5, 2]
MAPE: 5.29328481991632 [0.0, 0.4166666666666667, 0.0, 0.7352941176470588, 1.36986301369863, 31.57894736842105, 4.3478260869565215, 0.0, 5.555555555555555, 0.0, 0.7462686567164178, 6.896551724137931, 6.666666666666667, 5.555555555555555, 5.357142857142857, 0.0, 1.1194029850746268, 6.329113924050633, 2.8901734104046244, 10.344827586206897, 7.291666666666667, 1.2345679012345678, 7.936507936507936, 2.0408163265306123, 7.368421052631578, 7.6923076923076925, 6.504065040650407, 4.651162790697675, 1.1904761904761905, 6.435643564356436, 7.017543859649122, 3.125, 6.451612903225806, 3.278688524590164, 3.8461538461538463, 12.5, 2.941176470588235, 3.3333333333333335, 3.4482758620689653, 2.127659574468085, 5.0, 0.7874015748031495, 2.4691358024691357, 2.0408163265306123, 15.625, 2.898550724637681, 6.521739130434782, 10.344827586206897, 3.614457831325301, 0.819672131147541, 2.272727272727273, 7.8431372549019605, 0.0, 8.695652173913043, 8.16326530612245, 5.263157894736842, 0.0, 2.631578947368421, 12.727272727272727, 2.0618556701030926, 2.5, 4.0, 0.6756756756756757, 4.2105263157894735, 1.6129032258064515, 3.225806451612903, 4.0, 3.7735849056603774, 0.8333333333333334, 12.5, 4.433497536945813, 7.2727272727272725, 1.2987012987012987, 6.666666666666667, 5.128205128205128, 3.8461538461538463, 2.564102564102564, 2.3952095808383236, 8.620689655172415, 17.02127659574468, 9.75609756097561, 3.125, 0.0, 9.923664122137405, 0.0, 1.3513513513513513, 2.1739130434782608, 3.125, 61.111111111111114, 1.5384615384615385, 6.976744186046512, 4.3478260869565215, 5.555555555555555, 4.761904761904762, 0.9345794392523363, 11.475409836065573, 6.25, 1.0101010101010102, 10.256410256410255, 4.424778761061947, 1.7857142857142856, 1.0, 3.4482758620689653, 4.166666666666666, 2.9940119760479043, 2.7777777777777777, 7.6923076923076925, 6.382978723404255, 29.66101694915254, 1.098901098901099, 1.5384615384615385, 3.1390134529147984, 1.3157894736842104, 0.0, 7.027027027027027, 0.0, 0.8403361344537815, 5.263157894736842, 10.81081081081081, 4.081632653061225, 13.953488372093023, 8.60215053763441, 8.571428571428571, 6.25, 2.083333333333333, 4.166666666666666, 1.7543859649122806, 2.4390243902439024, 6.578947368421052, 3.9215686274509802]
RMSE: 5.4856456039656525 [0, 1, 0, 1, 1, 144, 4, 0, 9, 0, 1, 4, 4, 9, 9, 0, 9, 25, 25, 36, 49, 1, 100, 1, 49, 4, 64, 4, 4, 169, 64, 9, 36, 4, 81, 64, 4, 1, 4, 1, 4, 1, 4, 1, 25, 4, 9, 36, 9, 1, 1, 64, 0, 4, 16, 1, 0, 4, 49, 4, 49, 4, 1, 16, 4, 1, 9, 64, 1, 36, 81, 64, 1, 4, 4, 1, 1, 16, 25, 64, 16, 1, 0, 169, 0, 1, 9, 9, 121, 1, 9, 4, 16, 16, 1, 49, 1, 1, 64, 25, 1, 1, 1, 49, 25, 1, 4, 9, 1225, 1, 1, 49, 1, 0, 169, 0, 1, 9, 16, 4, 36, 64, 9, 9, 1, 4, 1, 1, 25, 4]

pred: 10897 [46, 239, 93, 135, 74, 26, 48, 102, 51, 84, 133, 27, 28, 57, 59, 26, 265, 84, 168, 52, 89, 82, 116, 50, 88, 28, 115, 41, 166, 189, 106, 99, 87, 63, 243, 72, 70, 31, 60, 48, 42, 126, 83, 48, 27, 71, 43, 64, 86, 121, 45, 94, 71, 21, 53, 20, 98, 74, 48, 99, 287, 52, 149, 99, 122, 30, 78, 204, 119, 42, 194, 102, 78, 28, 37, 25, 38, 163, 53, 39, 37, 31, 121, 118, 263, 73, 135, 99, 7, 66, 40, 44, 76, 80, 108, 68, 17, 100, 70, 118, 57, 99, 30, 161, 172, 35, 28, 44, 83, 92, 66, 216, 75, 125, 172, 48, 120, 54, 33, 51, 49, 101, 38, 51, 47, 50, 56, 40, 71, 49]
real: 11073 [46, 240, 93, 136, 73, 38, 46, 102, 54, 84, 134, 29, 30, 54, 56, 26, 268, 79, 173, 58, 96, 81, 126, 49, 95, 26, 123, 43, 168, 202, 114, 96, 93, 61, 234, 64, 68, 30, 58, 47, 40, 127, 81, 49, 32, 69, 46, 58, 83, 122, 44, 102, 71, 23, 49, 19, 98, 76, 55, 97, 280, 50, 148, 95, 124, 31, 75, 212, 120, 48, 203, 110, 77, 30, 39, 26, 39, 167, 58, 47, 41, 32, 121, 131, 263, 74, 138, 96, 18, 65, 43, 46, 72, 84, 107, 61, 16, 99, 78, 113, 56, 100, 29, 168, 167, 36, 26, 47, 118, 91, 65, 223, 76, 125, 185, 48, 119, 57, 37, 49, 43, 93, 35, 48, 48, 48, 57, 41, 76, 51]

grid_scale: 0.3
resize_scale: 0.5
confiance: 0.5

random_seed: 1011
data_augmentation: True
samples: 130
