MAE: 8.807692307692308 [0, 17, 34, 10, 4, 1, 2, 13, 1, 3, 8, 6, 20, 2, 1, 0, 66, 7, 9, 1, 1, 3, 43, 3, 0, 1, 8, 10, 6, 6, 5, 1, 3, 4, 39, 3, 3, 13, 10, 3, 1, 17, 13, 5, 2, 15, 15, 3, 1, 13, 4, 31, 1, 0, 9, 1, 2, 7, 13, 4, 48, 13, 6, 7, 0, 3, 12, 65, 23, 0, 24, 4, 7, 7, 8, 3, 3, 1, 9, 3, 18, 3, 12, 5, 13, 10, 9, 10, 15, 23, 5, 11, 3, 13, 2, 6, 6, 4, 12, 4, 1, 10, 1, 14, 9, 1, 3, 2, 14, 13, 4, 4, 5, 8, 8, 12, 3, 5, 8, 2, 1, 14, 8, 5, 9, 2, 4, 5, 8, 5]
MAPE: 11.538039174555976 [0.0, 7.083333333333333, 36.55913978494624, 7.352941176470589, 5.47945205479452, 2.631578947368421, 4.3478260869565215, 12.745098039215685, 1.8518518518518516, 3.571428571428571, 5.970149253731343, 20.689655172413794, 66.66666666666666, 3.7037037037037033, 1.7857142857142856, 0.0, 24.62686567164179, 8.860759493670885, 5.202312138728324, 1.7241379310344827, 1.0416666666666665, 3.7037037037037033, 34.12698412698413, 6.122448979591836, 0.0, 3.8461538461538463, 6.504065040650407, 23.25581395348837, 3.571428571428571, 2.9702970297029703, 4.385964912280701, 1.0416666666666665, 3.225806451612903, 6.557377049180328, 16.666666666666664, 4.6875, 4.411764705882353, 43.333333333333336, 17.24137931034483, 6.382978723404255, 2.5, 13.385826771653544, 16.049382716049383, 10.204081632653061, 6.25, 21.73913043478261, 32.608695652173914, 5.172413793103448, 1.2048192771084338, 10.655737704918032, 9.090909090909092, 30.392156862745097, 1.4084507042253522, 0.0, 18.367346938775512, 5.263157894736842, 2.0408163265306123, 9.210526315789473, 23.636363636363637, 4.123711340206185, 17.142857142857142, 26.0, 4.054054054054054, 7.368421052631578, 0.0, 9.67741935483871, 16.0, 30.660377358490564, 19.166666666666668, 0.0, 11.822660098522167, 3.6363636363636362, 9.090909090909092, 23.333333333333332, 20.51282051282051, 11.538461538461538, 7.6923076923076925, 0.5988023952095809, 15.517241379310345, 6.382978723404255, 43.90243902439025, 9.375, 9.917355371900827, 3.816793893129771, 4.942965779467681, 13.513513513513514, 6.521739130434782, 10.416666666666668, 83.33333333333334, 35.38461538461539, 11.627906976744185, 23.91304347826087, 4.166666666666666, 15.476190476190476, 1.8691588785046727, 9.836065573770492, 37.5, 4.040404040404041, 15.384615384615385, 3.5398230088495577, 1.7857142857142856, 10.0, 3.4482758620689653, 8.333333333333332, 5.389221556886228, 2.7777777777777777, 11.538461538461538, 4.25531914893617, 11.864406779661017, 14.285714285714285, 6.153846153846154, 1.7937219730941705, 6.578947368421052, 6.4, 4.324324324324325, 25.0, 2.5210084033613445, 8.771929824561402, 21.62162162162162, 4.081632653061225, 2.3255813953488373, 15.053763440860216, 22.857142857142858, 10.416666666666668, 18.75, 4.166666666666666, 7.017543859649122, 12.195121951219512, 10.526315789473683, 9.803921568627452]
RMSE: 13.984881947192942 [0, 289, 1156, 100, 16, 1, 4, 169, 1, 9, 64, 36, 400, 4, 1, 0, 4356, 49, 81, 1, 1, 9, 1849, 9, 0, 1, 64, 100, 36, 36, 25, 1, 9, 16, 1521, 9, 9, 169, 100, 9, 1, 289, 169, 25, 4, 225, 225, 9, 1, 169, 16, 961, 1, 0, 81, 1, 4, 49, 169, 16, 2304, 169, 36, 49, 0, 9, 144, 4225, 529, 0, 576, 16, 49, 49, 64, 9, 9, 1, 81, 9, 324, 9, 144, 25, 169, 100, 81, 100, 225, 529, 25, 121, 9, 169, 4, 36, 36, 16, 144, 16, 1, 100, 1, 196, 81, 1, 9, 4, 196, 169, 16, 16, 25, 64, 64, 144, 9, 25, 64, 4, 1, 196, 64, 25, 81, 4, 16, 25, 64, 25]

pred: 10790 [46, 223, 59, 126, 69, 37, 44, 115, 53, 87, 126, 23, 10, 56, 55, 26, 334, 72, 164, 57, 97, 78, 169, 46, 95, 27, 115, 33, 162, 196, 119, 97, 96, 57, 273, 61, 65, 17, 48, 44, 39, 110, 68, 44, 30, 54, 31, 61, 84, 109, 40, 71, 70, 23, 40, 20, 100, 69, 68, 93, 328, 37, 154, 88, 124, 28, 63, 277, 97, 48, 227, 114, 70, 23, 31, 23, 42, 166, 49, 44, 59, 29, 109, 136, 276, 64, 147, 86, 3, 42, 38, 35, 69, 71, 109, 55, 22, 95, 66, 109, 57, 90, 30, 154, 158, 37, 29, 45, 104, 78, 61, 219, 71, 117, 177, 60, 116, 52, 29, 51, 44, 79, 27, 53, 39, 46, 53, 46, 68, 46]
real: 11073 [46, 240, 93, 136, 73, 38, 46, 102, 54, 84, 134, 29, 30, 54, 56, 26, 268, 79, 173, 58, 96, 81, 126, 49, 95, 26, 123, 43, 168, 202, 114, 96, 93, 61, 234, 64, 68, 30, 58, 47, 40, 127, 81, 49, 32, 69, 46, 58, 83, 122, 44, 102, 71, 23, 49, 19, 98, 76, 55, 97, 280, 50, 148, 95, 124, 31, 75, 212, 120, 48, 203, 110, 77, 30, 39, 26, 39, 167, 58, 47, 41, 32, 121, 131, 263, 74, 138, 96, 18, 65, 43, 46, 72, 84, 107, 61, 16, 99, 78, 113, 56, 100, 29, 168, 167, 36, 26, 47, 118, 91, 65, 223, 76, 125, 185, 48, 119, 57, 37, 49, 43, 93, 35, 48, 48, 48, 57, 41, 76, 51]

grid_scale: 0.2
resize_scale: 0.5
confiance: 0.85

random_seed: 1011
data_augmentation: True
samples: 130
