MAE: 6.323076923076923 [0, 3, 8, 16, 4, 2, 1, 13, 8, 9, 6, 1, 7, 4, 1, 1, 9, 0, 18, 0, 3, 3, 6, 4, 5, 4, 20, 7, 5, 6, 7, 12, 2, 4, 37, 1, 2, 5, 1, 7, 0, 17, 14, 0, 1, 15, 10, 7, 1, 14, 0, 10, 7, 2, 6, 0, 1, 0, 5, 10, 21, 7, 20, 7, 5, 0, 8, 9, 10, 1, 12, 3, 4, 1, 1, 2, 0, 6, 2, 13, 9, 1, 8, 4, 6, 11, 9, 7, 17, 12, 3, 1, 2, 0, 1, 7, 3, 20, 9, 7, 5, 8, 3, 9, 6, 0, 1, 7, 6, 10, 10, 7, 1, 7, 5, 7, 9, 10, 5, 2, 1, 5, 6, 9, 12, 5, 6, 3, 12, 4]
MAPE: 8.647691897120263 [0.0, 1.25, 8.60215053763441, 11.76470588235294, 5.47945205479452, 5.263157894736842, 2.1739130434782608, 12.745098039215685, 14.814814814814813, 10.714285714285714, 4.477611940298507, 3.4482758620689653, 23.333333333333332, 7.4074074074074066, 1.7857142857142856, 3.8461538461538463, 3.3582089552238807, 0.0, 10.404624277456648, 0.0, 3.125, 3.7037037037037033, 4.761904761904762, 8.16326530612245, 5.263157894736842, 15.384615384615385, 16.260162601626014, 16.27906976744186, 2.976190476190476, 2.9702970297029703, 6.140350877192982, 12.5, 2.1505376344086025, 6.557377049180328, 15.81196581196581, 1.5625, 2.941176470588235, 16.666666666666664, 1.7241379310344827, 14.893617021276595, 0.0, 13.385826771653544, 17.28395061728395, 0.0, 3.125, 21.73913043478261, 21.73913043478261, 12.068965517241379, 1.2048192771084338, 11.475409836065573, 0.0, 9.803921568627452, 9.859154929577464, 8.695652173913043, 12.244897959183673, 0.0, 1.0204081632653061, 0.0, 9.090909090909092, 10.309278350515463, 7.5, 14.000000000000002, 13.513513513513514, 7.368421052631578, 4.032258064516129, 0.0, 10.666666666666668, 4.245283018867925, 8.333333333333332, 2.083333333333333, 5.911330049261084, 2.727272727272727, 5.194805194805195, 3.3333333333333335, 2.564102564102564, 7.6923076923076925, 0.0, 3.592814371257485, 3.4482758620689653, 27.659574468085108, 21.951219512195124, 3.125, 6.6115702479338845, 3.0534351145038165, 2.2813688212927756, 14.864864864864865, 6.521739130434782, 7.291666666666667, 94.44444444444444, 18.461538461538463, 6.976744186046512, 2.1739130434782608, 2.7777777777777777, 0.0, 0.9345794392523363, 11.475409836065573, 18.75, 20.2020202020202, 11.538461538461538, 6.1946902654867255, 8.928571428571429, 8.0, 10.344827586206897, 5.357142857142857, 3.592814371257485, 0.0, 3.8461538461538463, 14.893617021276595, 5.084745762711865, 10.989010989010989, 15.384615384615385, 3.1390134529147984, 1.3157894736842104, 5.6000000000000005, 2.7027027027027026, 14.583333333333334, 7.563025210084033, 17.543859649122805, 13.513513513513514, 4.081632653061225, 2.3255813953488373, 5.376344086021505, 17.142857142857142, 18.75, 25.0, 10.416666666666668, 10.526315789473683, 7.317073170731707, 15.789473684210526, 7.8431372549019605]
RMSE: 8.461678320522472 [0, 9, 64, 256, 16, 4, 1, 169, 64, 81, 36, 1, 49, 16, 1, 1, 81, 0, 324, 0, 9, 9, 36, 16, 25, 16, 400, 49, 25, 36, 49, 144, 4, 16, 1369, 1, 4, 25, 1, 49, 0, 289, 196, 0, 1, 225, 100, 49, 1, 196, 0, 100, 49, 4, 36, 0, 1, 0, 25, 100, 441, 49, 400, 49, 25, 0, 64, 81, 100, 1, 144, 9, 16, 1, 1, 4, 0, 36, 4, 169, 81, 1, 64, 16, 36, 121, 81, 49, 289, 144, 9, 1, 4, 0, 1, 49, 9, 400, 81, 49, 25, 64, 9, 81, 36, 0, 1, 49, 36, 100, 100, 49, 1, 49, 25, 49, 81, 100, 25, 4, 1, 25, 36, 81, 144, 25, 36, 9, 144, 16]

pred: 10731 [46, 243, 85, 120, 69, 36, 47, 115, 46, 93, 140, 28, 23, 50, 55, 25, 259, 79, 155, 58, 93, 78, 132, 45, 90, 30, 103, 36, 163, 196, 107, 84, 95, 65, 271, 65, 70, 25, 57, 40, 40, 110, 95, 49, 31, 54, 36, 65, 84, 108, 44, 92, 64, 21, 43, 19, 97, 76, 60, 87, 301, 43, 128, 102, 119, 31, 67, 221, 110, 47, 215, 113, 73, 29, 40, 24, 39, 161, 60, 34, 50, 31, 113, 135, 257, 63, 129, 89, 1, 53, 40, 45, 70, 84, 106, 54, 19, 79, 69, 106, 51, 92, 26, 177, 161, 36, 27, 40, 112, 81, 55, 230, 75, 118, 190, 55, 110, 67, 32, 51, 44, 88, 29, 57, 36, 43, 51, 44, 64, 47]
real: 11073 [46, 240, 93, 136, 73, 38, 46, 102, 54, 84, 134, 29, 30, 54, 56, 26, 268, 79, 173, 58, 96, 81, 126, 49, 95, 26, 123, 43, 168, 202, 114, 96, 93, 61, 234, 64, 68, 30, 58, 47, 40, 127, 81, 49, 32, 69, 46, 58, 83, 122, 44, 102, 71, 23, 49, 19, 98, 76, 55, 97, 280, 50, 148, 95, 124, 31, 75, 212, 120, 48, 203, 110, 77, 30, 39, 26, 39, 167, 58, 47, 41, 32, 121, 131, 263, 74, 138, 96, 18, 65, 43, 46, 72, 84, 107, 61, 16, 99, 78, 113, 56, 100, 29, 168, 167, 36, 26, 47, 118, 91, 65, 223, 76, 125, 185, 48, 119, 57, 37, 49, 43, 93, 35, 48, 48, 48, 57, 41, 76, 51]

grid_scale: 0.3
resize_scale: 0.5
confiance: 0.85

random_seed: 1011
data_augmentation: True
samples: 130
