MAE: 6.661538461538462 [7, 9, 10, 5, 2, 5, 0, 28, 4, 4, 15, 2, 2, 1, 0, 0, 7, 10, 7, 4, 3, 9, 7, 4, 16, 4, 18, 3, 8, 6, 2, 6, 2, 5, 11, 10, 14, 2, 3, 3, 9, 2, 27, 1, 0, 2, 7, 8, 14, 1, 5, 4, 8, 2, 8, 3, 3, 4, 4, 6, 33, 3, 11, 19, 2, 3, 2, 36, 12, 1, 1, 13, 6, 0, 2, 1, 9, 1, 5, 11, 9, 1, 0, 2, 9, 3, 6, 11, 17, 6, 2, 1, 0, 4, 22, 2, 1, 1, 13, 6, 0, 4, 2, 21, 43, 1, 1, 11, 6, 5, 2, 21, 7, 8, 1, 9, 3, 10, 1, 10, 4, 2, 3, 5, 4, 5, 2, 2, 7, 3]
MAPE: 8.855201788754822 [15.217391304347828, 3.75, 10.75268817204301, 3.6764705882352944, 2.73972602739726, 13.157894736842104, 0.0, 27.450980392156865, 7.4074074074074066, 4.761904761904762, 11.194029850746269, 6.896551724137931, 6.666666666666667, 1.8518518518518516, 0.0, 0.0, 2.6119402985074625, 12.658227848101266, 4.046242774566474, 6.896551724137931, 3.125, 11.11111111111111, 5.555555555555555, 8.16326530612245, 16.842105263157894, 15.384615384615385, 14.634146341463413, 6.976744186046512, 4.761904761904762, 2.9702970297029703, 1.7543859649122806, 6.25, 2.1505376344086025, 8.19672131147541, 4.700854700854701, 15.625, 20.588235294117645, 6.666666666666667, 5.172413793103448, 6.382978723404255, 22.5, 1.574803149606299, 33.33333333333333, 2.0408163265306123, 0.0, 2.898550724637681, 15.217391304347828, 13.793103448275861, 16.867469879518072, 0.819672131147541, 11.363636363636363, 3.9215686274509802, 11.267605633802818, 8.695652173913043, 16.3265306122449, 15.789473684210526, 3.061224489795918, 5.263157894736842, 7.2727272727272725, 6.185567010309279, 11.785714285714285, 6.0, 7.4324324324324325, 20.0, 1.6129032258064515, 9.67741935483871, 2.666666666666667, 16.9811320754717, 10.0, 2.083333333333333, 0.49261083743842365, 11.818181818181818, 7.792207792207792, 0.0, 5.128205128205128, 3.8461538461538463, 23.076923076923077, 0.5988023952095809, 8.620689655172415, 23.404255319148938, 21.951219512195124, 3.125, 0.0, 1.5267175572519083, 3.4220532319391634, 4.054054054054054, 4.3478260869565215, 11.458333333333332, 94.44444444444444, 9.230769230769232, 4.651162790697675, 2.1739130434782608, 0.0, 4.761904761904762, 20.5607476635514, 3.278688524590164, 6.25, 1.0101010101010102, 16.666666666666664, 5.3097345132743365, 0.0, 4.0, 6.896551724137931, 12.5, 25.748502994011975, 2.7777777777777777, 3.8461538461538463, 23.404255319148938, 5.084745762711865, 5.4945054945054945, 3.076923076923077, 9.417040358744394, 9.210526315789473, 6.4, 0.5405405405405406, 18.75, 2.5210084033613445, 17.543859649122805, 2.7027027027027026, 20.408163265306122, 9.30232558139535, 2.1505376344086025, 8.571428571428571, 10.416666666666668, 8.333333333333332, 10.416666666666668, 3.508771929824561, 4.878048780487805, 9.210526315789473, 5.88235294117647]
RMSE: 9.86836437230686 [49, 81, 100, 25, 4, 25, 0, 784, 16, 16, 225, 4, 4, 1, 0, 0, 49, 100, 49, 16, 9, 81, 49, 16, 256, 16, 324, 9, 64, 36, 4, 36, 4, 25, 121, 100, 196, 4, 9, 9, 81, 4, 729, 1, 0, 4, 49, 64, 196, 1, 25, 16, 64, 4, 64, 9, 9, 16, 16, 36, 1089, 9, 121, 361, 4, 9, 4, 1296, 144, 1, 1, 169, 36, 0, 4, 1, 81, 1, 25, 121, 81, 1, 0, 4, 81, 9, 36, 121, 289, 36, 4, 1, 0, 16, 484, 4, 1, 1, 169, 36, 0, 16, 4, 441, 1849, 1, 1, 121, 36, 25, 4, 441, 49, 64, 1, 81, 9, 100, 1, 100, 16, 4, 9, 25, 16, 25, 4, 4, 49, 9]

pred: 11327 [39, 249, 83, 141, 71, 33, 46, 130, 58, 88, 149, 27, 28, 55, 56, 26, 275, 89, 166, 62, 99, 90, 119, 45, 111, 30, 105, 40, 160, 196, 112, 90, 91, 66, 245, 74, 82, 28, 55, 44, 49, 125, 108, 48, 32, 71, 39, 66, 97, 121, 49, 106, 63, 21, 41, 22, 101, 72, 59, 103, 313, 53, 137, 114, 126, 28, 77, 248, 108, 49, 204, 123, 83, 30, 37, 27, 48, 168, 63, 36, 50, 31, 121, 129, 272, 71, 144, 85, 1, 59, 45, 45, 72, 80, 129, 63, 17, 100, 65, 107, 56, 96, 31, 189, 210, 35, 27, 36, 112, 96, 67, 202, 69, 117, 186, 57, 122, 67, 38, 59, 47, 91, 32, 53, 44, 53, 55, 39, 83, 54]
real: 11073 [46, 240, 93, 136, 73, 38, 46, 102, 54, 84, 134, 29, 30, 54, 56, 26, 268, 79, 173, 58, 96, 81, 126, 49, 95, 26, 123, 43, 168, 202, 114, 96, 93, 61, 234, 64, 68, 30, 58, 47, 40, 127, 81, 49, 32, 69, 46, 58, 83, 122, 44, 102, 71, 23, 49, 19, 98, 76, 55, 97, 280, 50, 148, 95, 124, 31, 75, 212, 120, 48, 203, 110, 77, 30, 39, 26, 39, 167, 58, 47, 41, 32, 121, 131, 263, 74, 138, 96, 18, 65, 43, 46, 72, 84, 107, 61, 16, 99, 78, 113, 56, 100, 29, 168, 167, 36, 26, 47, 118, 91, 65, 223, 76, 125, 185, 48, 119, 57, 37, 49, 43, 93, 35, 48, 48, 48, 57, 41, 76, 51]

grid_scale: 0.4
resize_scale: 0.5
confiance: 0.75

random_seed: 1011
data_augmentation: True
samples: 130
