MAE: 7.323076923076923 [0, 18, 14, 8, 1, 2, 2, 33, 1, 1, 17, 4, 0, 0, 0, 2, 48, 12, 5, 4, 0, 2, 32, 0, 1, 2, 15, 2, 6, 16, 4, 8, 1, 2, 39, 11, 7, 0, 9, 1, 4, 9, 28, 3, 8, 5, 0, 7, 2, 13, 1, 14, 5, 2, 7, 3, 7, 2, 6, 7, 62, 4, 8, 19, 8, 4, 2, 42, 2, 2, 16, 3, 3, 2, 7, 2, 0, 11, 1, 1, 1, 1, 13, 17, 40, 4, 13, 3, 18, 12, 1, 6, 0, 1, 7, 2, 4, 1, 7, 4, 3, 1, 1, 14, 12, 1, 6, 5, 5, 2, 5, 2, 4, 6, 5, 4, 3, 9, 2, 8, 1, 2, 0, 6, 8, 4, 5, 4, 3, 4]
MAPE: 8.586412043672292 [0.0, 7.5, 15.053763440860216, 5.88235294117647, 1.36986301369863, 5.263157894736842, 4.3478260869565215, 32.35294117647059, 1.8518518518518516, 1.1904761904761905, 12.686567164179104, 13.793103448275861, 0.0, 0.0, 0.0, 7.6923076923076925, 17.91044776119403, 15.18987341772152, 2.8901734104046244, 6.896551724137931, 0.0, 2.4691358024691357, 25.396825396825395, 0.0, 1.0526315789473684, 7.6923076923076925, 12.195121951219512, 4.651162790697675, 3.571428571428571, 7.920792079207921, 3.508771929824561, 8.333333333333332, 1.0752688172043012, 3.278688524590164, 16.666666666666664, 17.1875, 10.294117647058822, 0.0, 15.517241379310345, 2.127659574468085, 10.0, 7.086614173228346, 34.5679012345679, 6.122448979591836, 25.0, 7.246376811594203, 0.0, 12.068965517241379, 2.4096385542168677, 10.655737704918032, 2.272727272727273, 13.725490196078432, 7.042253521126761, 8.695652173913043, 14.285714285714285, 15.789473684210526, 7.142857142857142, 2.631578947368421, 10.909090909090908, 7.216494845360824, 22.142857142857142, 8.0, 5.405405405405405, 20.0, 6.451612903225806, 12.903225806451612, 2.666666666666667, 19.81132075471698, 1.6666666666666667, 4.166666666666666, 7.8817733990147785, 2.727272727272727, 3.896103896103896, 6.666666666666667, 17.94871794871795, 7.6923076923076925, 0.0, 6.58682634730539, 1.7241379310344827, 2.127659574468085, 2.4390243902439024, 3.125, 10.743801652892563, 12.977099236641221, 15.209125475285171, 5.405405405405405, 9.420289855072465, 3.125, 100.0, 18.461538461538463, 2.3255813953488373, 13.043478260869565, 0.0, 1.1904761904761905, 6.5420560747663545, 3.278688524590164, 25.0, 1.0101010101010102, 8.974358974358974, 3.5398230088495577, 5.357142857142857, 1.0, 3.4482758620689653, 8.333333333333332, 7.18562874251497, 2.7777777777777777, 23.076923076923077, 10.638297872340425, 4.23728813559322, 2.197802197802198, 7.6923076923076925, 0.8968609865470852, 5.263157894736842, 4.8, 2.7027027027027026, 8.333333333333332, 2.5210084033613445, 15.789473684210526, 5.405405405405405, 16.3265306122449, 2.3255813953488373, 2.1505376344086025, 0.0, 12.5, 16.666666666666664, 8.333333333333332, 8.771929824561402, 9.75609756097561, 3.9473684210526314, 7.8431372549019605]
RMSE: 12.37739875741264 [0, 324, 196, 64, 1, 4, 4, 1089, 1, 1, 289, 16, 0, 0, 0, 4, 2304, 144, 25, 16, 0, 4, 1024, 0, 1, 4, 225, 4, 36, 256, 16, 64, 1, 4, 1521, 121, 49, 0, 81, 1, 16, 81, 784, 9, 64, 25, 0, 49, 4, 169, 1, 196, 25, 4, 49, 9, 49, 4, 36, 49, 3844, 16, 64, 361, 64, 16, 4, 1764, 4, 4, 256, 9, 9, 4, 49, 4, 0, 121, 1, 1, 1, 1, 169, 289, 1600, 16, 169, 9, 324, 144, 1, 36, 0, 1, 49, 4, 16, 1, 49, 16, 9, 1, 1, 196, 144, 1, 36, 25, 25, 4, 25, 4, 16, 36, 25, 16, 9, 81, 4, 64, 1, 4, 0, 36, 64, 16, 25, 16, 9, 16]

pred: 11445 [46, 258, 79, 144, 72, 36, 44, 135, 53, 85, 151, 25, 30, 54, 56, 28, 316, 91, 168, 54, 96, 83, 158, 49, 96, 24, 108, 41, 174, 186, 110, 88, 94, 63, 273, 75, 75, 30, 49, 46, 44, 118, 109, 46, 24, 64, 46, 65, 85, 135, 45, 88, 76, 25, 42, 22, 105, 74, 61, 90, 342, 46, 156, 114, 132, 27, 73, 254, 118, 50, 219, 113, 80, 28, 46, 28, 39, 178, 57, 46, 40, 33, 108, 148, 303, 70, 151, 93, 0, 53, 44, 40, 72, 85, 114, 59, 20, 98, 71, 117, 53, 99, 30, 182, 179, 35, 32, 42, 113, 89, 60, 221, 72, 119, 190, 52, 116, 66, 35, 57, 42, 91, 35, 54, 40, 52, 52, 37, 73, 55]
real: 11073 [46, 240, 93, 136, 73, 38, 46, 102, 54, 84, 134, 29, 30, 54, 56, 26, 268, 79, 173, 58, 96, 81, 126, 49, 95, 26, 123, 43, 168, 202, 114, 96, 93, 61, 234, 64, 68, 30, 58, 47, 40, 127, 81, 49, 32, 69, 46, 58, 83, 122, 44, 102, 71, 23, 49, 19, 98, 76, 55, 97, 280, 50, 148, 95, 124, 31, 75, 212, 120, 48, 203, 110, 77, 30, 39, 26, 39, 167, 58, 47, 41, 32, 121, 131, 263, 74, 138, 96, 18, 65, 43, 46, 72, 84, 107, 61, 16, 99, 78, 113, 56, 100, 29, 168, 167, 36, 26, 47, 118, 91, 65, 223, 76, 125, 185, 48, 119, 57, 37, 49, 43, 93, 35, 48, 48, 48, 57, 41, 76, 51]

grid_scale: 0.3
resize_scale: 0.5
confiance: 0.8

random_seed: 1011
data_augmentation: True
samples: 130
