MAE: 10.238461538461538 [4, 13, 25, 9, 8, 3, 1, 34, 5, 21, 7, 3, 2, 11, 5, 2, 48, 28, 24, 10, 13, 3, 4, 1, 8, 1, 9, 3, 10, 51, 22, 17, 10, 9, 11, 9, 11, 2, 9, 1, 6, 1, 25, 3, 0, 12, 2, 4, 29, 10, 7, 7, 9, 1, 6, 7, 28, 15, 10, 7, 1, 0, 4, 33, 6, 4, 13, 11, 5, 15, 5, 7, 16, 3, 5, 3, 17, 20, 11, 27, 4, 1, 11, 9, 31, 2, 21, 19, 18, 13, 4, 14, 9, 0, 15, 5, 1, 46, 3, 4, 1, 2, 1, 11, 13, 14, 0, 15, 3, 12, 6, 47, 1, 5, 15, 9, 5, 10, 1, 12, 6, 2, 3, 5, 6, 3, 6, 5, 14, 6]
MAPE: 13.366384092971607 [8.695652173913043, 5.416666666666667, 26.881720430107524, 6.61764705882353, 10.95890410958904, 7.894736842105263, 2.1739130434782608, 33.33333333333333, 9.25925925925926, 25.0, 5.223880597014925, 10.344827586206897, 6.666666666666667, 20.37037037037037, 8.928571428571429, 7.6923076923076925, 17.91044776119403, 35.44303797468354, 13.872832369942195, 17.24137931034483, 13.541666666666666, 3.7037037037037033, 3.1746031746031744, 2.0408163265306123, 8.421052631578947, 3.8461538461538463, 7.317073170731707, 6.976744186046512, 5.952380952380952, 25.247524752475247, 19.298245614035086, 17.708333333333336, 10.75268817204301, 14.754098360655737, 4.700854700854701, 14.0625, 16.176470588235293, 6.666666666666667, 15.517241379310345, 2.127659574468085, 15.0, 0.7874015748031495, 30.864197530864196, 6.122448979591836, 0.0, 17.391304347826086, 4.3478260869565215, 6.896551724137931, 34.93975903614458, 8.19672131147541, 15.909090909090908, 6.862745098039216, 12.676056338028168, 4.3478260869565215, 12.244897959183673, 36.84210526315789, 28.57142857142857, 19.736842105263158, 18.181818181818183, 7.216494845360824, 0.35714285714285715, 0.0, 2.7027027027027026, 34.73684210526316, 4.838709677419355, 12.903225806451612, 17.333333333333336, 5.188679245283019, 4.166666666666666, 31.25, 2.4630541871921183, 6.363636363636363, 20.77922077922078, 10.0, 12.82051282051282, 11.538461538461538, 43.58974358974359, 11.976047904191617, 18.96551724137931, 57.446808510638306, 9.75609756097561, 3.125, 9.090909090909092, 6.870229007633588, 11.787072243346007, 2.7027027027027026, 15.217391304347828, 19.791666666666664, 100.0, 20.0, 9.30232558139535, 30.434782608695656, 12.5, 0.0, 14.018691588785046, 8.19672131147541, 6.25, 46.464646464646464, 3.8461538461538463, 3.5398230088495577, 1.7857142857142856, 2.0, 3.4482758620689653, 6.547619047619048, 7.784431137724551, 38.88888888888889, 0.0, 31.914893617021278, 2.5423728813559325, 13.186813186813188, 9.230769230769232, 21.076233183856502, 1.3157894736842104, 4.0, 8.108108108108109, 18.75, 4.201680672268908, 17.543859649122805, 2.7027027027027026, 24.489795918367346, 13.953488372093023, 2.1505376344086025, 8.571428571428571, 10.416666666666668, 12.5, 6.25, 10.526315789473683, 12.195121951219512, 18.421052631578945, 11.76470588235294]
RMSE: 14.432601983010548 [16, 169, 625, 81, 64, 9, 1, 1156, 25, 441, 49, 9, 4, 121, 25, 4, 2304, 784, 576, 100, 169, 9, 16, 1, 64, 1, 81, 9, 100, 2601, 484, 289, 100, 81, 121, 81, 121, 4, 81, 1, 36, 1, 625, 9, 0, 144, 4, 16, 841, 100, 49, 49, 81, 1, 36, 49, 784, 225, 100, 49, 1, 0, 16, 1089, 36, 16, 169, 121, 25, 225, 25, 49, 256, 9, 25, 9, 289, 400, 121, 729, 16, 1, 121, 81, 961, 4, 441, 361, 324, 169, 16, 196, 81, 0, 225, 25, 1, 2116, 9, 16, 1, 4, 1, 121, 169, 196, 0, 225, 9, 144, 36, 2209, 1, 25, 225, 81, 25, 100, 1, 144, 36, 4, 9, 25, 36, 9, 36, 25, 196, 36]

pred: 11224 [42, 227, 68, 127, 81, 35, 45, 136, 59, 105, 127, 26, 28, 65, 61, 28, 220, 107, 149, 68, 109, 78, 122, 50, 103, 27, 114, 46, 158, 151, 136, 79, 83, 70, 245, 73, 79, 28, 67, 46, 46, 126, 106, 52, 32, 81, 44, 62, 112, 132, 37, 95, 62, 22, 43, 26, 126, 91, 65, 104, 281, 50, 144, 128, 130, 27, 88, 201, 125, 63, 208, 117, 93, 33, 44, 23, 56, 147, 69, 20, 45, 31, 110, 122, 232, 72, 159, 77, 0, 78, 47, 60, 81, 84, 122, 66, 17, 53, 75, 109, 55, 98, 28, 179, 180, 50, 26, 32, 121, 79, 71, 176, 75, 130, 200, 57, 114, 67, 38, 61, 49, 95, 32, 53, 42, 51, 63, 36, 90, 57]
real: 11073 [46, 240, 93, 136, 73, 38, 46, 102, 54, 84, 134, 29, 30, 54, 56, 26, 268, 79, 173, 58, 96, 81, 126, 49, 95, 26, 123, 43, 168, 202, 114, 96, 93, 61, 234, 64, 68, 30, 58, 47, 40, 127, 81, 49, 32, 69, 46, 58, 83, 122, 44, 102, 71, 23, 49, 19, 98, 76, 55, 97, 280, 50, 148, 95, 124, 31, 75, 212, 120, 48, 203, 110, 77, 30, 39, 26, 39, 167, 58, 47, 41, 32, 121, 131, 263, 74, 138, 96, 18, 65, 43, 46, 72, 84, 107, 61, 16, 99, 78, 113, 56, 100, 29, 168, 167, 36, 26, 47, 118, 91, 65, 223, 76, 125, 185, 48, 119, 57, 37, 49, 43, 93, 35, 48, 48, 48, 57, 41, 76, 51]

grid_scale: 0.5
resize_scale: 0.5
confiance: 0.7

random_seed: 1011
data_augmentation: True
samples: 130
