MAE: 18.661538461538463 [8, 45, 3, 45, 24, 15, 8, 50, 5, 6, 26, 2, 10, 11, 17, 4, 150, 20, 38, 17, 15, 5, 103, 10, 18, 8, 5, 4, 27, 32, 25, 11, 11, 15, 132, 17, 8, 6, 3, 14, 5, 4, 8, 9, 2, 3, 3, 13, 10, 6, 8, 12, 4, 3, 1, 3, 19, 3, 26, 12, 137, 1, 25, 22, 15, 4, 15, 128, 4, 5, 107, 36, 3, 1, 3, 7, 9, 31, 2, 6, 45, 6, 4, 73, 99, 10, 33, 3, 13, 6, 3, 3, 7, 5, 20, 22, 22, 5, 2, 12, 6, 6, 11, 13, 12, 4, 6, 1, 5, 7, 8, 56, 12, 19, 25, 16, 27, 11, 5, 15, 11, 4, 2, 23, 3, 9, 6, 9, 12, 1]
MAPE: 20.26322372564962 [17.391304347826086, 18.75, 3.225806451612903, 33.088235294117645, 32.87671232876712, 39.473684210526315, 17.391304347826086, 49.01960784313725, 9.25925925925926, 7.142857142857142, 19.402985074626866, 6.896551724137931, 33.33333333333333, 20.37037037037037, 30.357142857142854, 15.384615384615385, 55.970149253731336, 25.31645569620253, 21.965317919075144, 29.310344827586203, 15.625, 6.172839506172839, 81.74603174603175, 20.408163265306122, 18.947368421052634, 30.76923076923077, 4.0650406504065035, 9.30232558139535, 16.071428571428573, 15.841584158415841, 21.929824561403507, 11.458333333333332, 11.827956989247312, 24.59016393442623, 56.41025641025641, 26.5625, 11.76470588235294, 20.0, 5.172413793103448, 29.78723404255319, 12.5, 3.149606299212598, 9.876543209876543, 18.367346938775512, 6.25, 4.3478260869565215, 6.521739130434782, 22.413793103448278, 12.048192771084338, 4.918032786885246, 18.181818181818183, 11.76470588235294, 5.633802816901409, 13.043478260869565, 2.0408163265306123, 15.789473684210526, 19.387755102040817, 3.9473684210526314, 47.27272727272727, 12.371134020618557, 48.92857142857142, 2.0, 16.89189189189189, 23.157894736842106, 12.096774193548388, 12.903225806451612, 20.0, 60.37735849056604, 3.3333333333333335, 10.416666666666668, 52.70935960591133, 32.72727272727273, 3.896103896103896, 3.3333333333333335, 7.6923076923076925, 26.923076923076923, 23.076923076923077, 18.562874251497004, 3.4482758620689653, 12.76595744680851, 109.75609756097562, 18.75, 3.3057851239669422, 55.72519083969466, 37.6425855513308, 13.513513513513514, 23.91304347826087, 3.125, 72.22222222222221, 9.230769230769232, 6.976744186046512, 6.521739130434782, 9.722222222222223, 5.952380952380952, 18.69158878504673, 36.0655737704918, 137.5, 5.05050505050505, 2.564102564102564, 10.619469026548673, 10.714285714285714, 6.0, 37.93103448275862, 7.738095238095238, 7.18562874251497, 11.11111111111111, 23.076923076923077, 2.127659574468085, 4.23728813559322, 7.6923076923076925, 12.307692307692308, 25.112107623318387, 15.789473684210526, 15.2, 13.513513513513514, 33.33333333333333, 22.689075630252102, 19.298245614035086, 13.513513513513514, 30.612244897959183, 25.581395348837212, 4.301075268817205, 5.714285714285714, 47.91666666666667, 6.25, 18.75, 10.526315789473683, 21.951219512195124, 15.789473684210526, 1.9607843137254901]
RMSE: 33.49328290866693 [64, 2025, 9, 2025, 576, 225, 64, 2500, 25, 36, 676, 4, 100, 121, 289, 16, 22500, 400, 1444, 289, 225, 25, 10609, 100, 324, 64, 25, 16, 729, 1024, 625, 121, 121, 225, 17424, 289, 64, 36, 9, 196, 25, 16, 64, 81, 4, 9, 9, 169, 100, 36, 64, 144, 16, 9, 1, 9, 361, 9, 676, 144, 18769, 1, 625, 484, 225, 16, 225, 16384, 16, 25, 11449, 1296, 9, 1, 9, 49, 81, 961, 4, 36, 2025, 36, 16, 5329, 9801, 100, 1089, 9, 169, 36, 9, 9, 49, 25, 400, 484, 484, 25, 4, 144, 36, 36, 121, 169, 144, 16, 36, 1, 25, 49, 64, 3136, 144, 361, 625, 256, 729, 121, 25, 225, 121, 16, 4, 529, 9, 81, 36, 81, 144, 1]

pred: 13393 [54, 285, 90, 181, 97, 53, 54, 152, 59, 90, 160, 27, 20, 65, 73, 30, 418, 99, 211, 75, 111, 86, 229, 59, 113, 34, 128, 47, 195, 234, 139, 107, 104, 76, 366, 81, 76, 36, 61, 61, 45, 131, 89, 58, 34, 72, 43, 71, 93, 128, 52, 90, 75, 26, 48, 22, 117, 79, 81, 109, 417, 49, 173, 117, 139, 35, 90, 340, 124, 53, 310, 146, 80, 29, 42, 33, 48, 198, 60, 53, 86, 38, 125, 204, 362, 84, 171, 99, 5, 71, 46, 43, 79, 89, 127, 83, 38, 104, 80, 125, 62, 106, 40, 181, 179, 40, 32, 46, 123, 98, 73, 279, 88, 144, 210, 64, 146, 68, 42, 64, 54, 97, 33, 71, 51, 57, 63, 50, 88, 50]
real: 11073 [46, 240, 93, 136, 73, 38, 46, 102, 54, 84, 134, 29, 30, 54, 56, 26, 268, 79, 173, 58, 96, 81, 126, 49, 95, 26, 123, 43, 168, 202, 114, 96, 93, 61, 234, 64, 68, 30, 58, 47, 40, 127, 81, 49, 32, 69, 46, 58, 83, 122, 44, 102, 71, 23, 49, 19, 98, 76, 55, 97, 280, 50, 148, 95, 124, 31, 75, 212, 120, 48, 203, 110, 77, 30, 39, 26, 39, 167, 58, 47, 41, 32, 121, 131, 263, 74, 138, 96, 18, 65, 43, 46, 72, 84, 107, 61, 16, 99, 78, 113, 56, 100, 29, 168, 167, 36, 26, 47, 118, 91, 65, 223, 76, 125, 185, 48, 119, 57, 37, 49, 43, 93, 35, 48, 48, 48, 57, 41, 76, 51]

grid_scale: 0.2
resize_scale: 0.5
confiance: 0.5

random_seed: 1011
data_augmentation: True
samples: 130
