MAE: 14.03076923076923 [11, 49, 37, 25, 4, 13, 6, 15, 6, 14, 14, 2, 1, 2, 4, 1, 50, 5, 37, 4, 10, 11, 0, 5, 24, 4, 36, 7, 24, 74, 34, 22, 1, 1, 33, 2, 13, 2, 10, 7, 1, 19, 12, 14, 3, 1, 10, 0, 6, 16, 4, 29, 2, 5, 2, 2, 8, 6, 8, 14, 47, 7, 29, 15, 31, 6, 2, 36, 25, 4, 42, 7, 4, 5, 9, 0, 0, 26, 0, 36, 1, 2, 18, 10, 56, 6, 5, 31, 18, 5, 5, 5, 3, 10, 1, 0, 2, 55, 21, 38, 6, 22, 0, 4, 6, 3, 1, 13, 49, 12, 10, 93, 8, 12, 42, 1, 53, 8, 3, 10, 0, 11, 4, 0, 23, 5, 5, 3, 5, 7]
MAPE: 15.075956670844239 [23.91304347826087, 20.416666666666668, 39.784946236559136, 18.38235294117647, 5.47945205479452, 34.21052631578947, 13.043478260869565, 14.705882352941178, 11.11111111111111, 16.666666666666664, 10.44776119402985, 6.896551724137931, 3.3333333333333335, 3.7037037037037033, 7.142857142857142, 3.8461538461538463, 18.65671641791045, 6.329113924050633, 21.38728323699422, 6.896551724137931, 10.416666666666668, 13.580246913580247, 0.0, 10.204081632653061, 25.263157894736842, 15.384615384615385, 29.268292682926827, 16.27906976744186, 14.285714285714285, 36.633663366336634, 29.82456140350877, 22.916666666666664, 1.0752688172043012, 1.639344262295082, 14.102564102564102, 3.125, 19.11764705882353, 6.666666666666667, 17.24137931034483, 14.893617021276595, 2.5, 14.960629921259844, 14.814814814814813, 28.57142857142857, 9.375, 1.4492753623188406, 21.73913043478261, 0.0, 7.228915662650602, 13.114754098360656, 9.090909090909092, 28.431372549019606, 2.8169014084507045, 21.73913043478261, 4.081632653061225, 10.526315789473683, 8.16326530612245, 7.894736842105263, 14.545454545454545, 14.432989690721648, 16.785714285714285, 14.000000000000002, 19.594594594594593, 15.789473684210526, 25.0, 19.35483870967742, 2.666666666666667, 16.9811320754717, 20.833333333333336, 8.333333333333332, 20.689655172413794, 6.363636363636363, 5.194805194805195, 16.666666666666664, 23.076923076923077, 0.0, 0.0, 15.568862275449103, 0.0, 76.59574468085107, 2.4390243902439024, 6.25, 14.87603305785124, 7.633587786259542, 21.292775665399237, 8.108108108108109, 3.6231884057971016, 32.29166666666667, 100.0, 7.6923076923076925, 11.627906976744185, 10.869565217391305, 4.166666666666666, 11.904761904761903, 0.9345794392523363, 0.0, 12.5, 55.55555555555556, 26.923076923076923, 33.6283185840708, 10.714285714285714, 22.0, 0.0, 2.380952380952381, 3.592814371257485, 8.333333333333332, 3.8461538461538463, 27.659574468085108, 41.52542372881356, 13.186813186813188, 15.384615384615385, 41.70403587443946, 10.526315789473683, 9.6, 22.702702702702705, 2.083333333333333, 44.537815126050425, 14.035087719298245, 8.108108108108109, 20.408163265306122, 0.0, 11.827956989247312, 11.428571428571429, 0.0, 47.91666666666667, 10.416666666666668, 8.771929824561402, 7.317073170731707, 6.578947368421052, 13.725490196078432]
RMSE: 21.653566059125758 [121, 2401, 1369, 625, 16, 169, 36, 225, 36, 196, 196, 4, 1, 4, 16, 1, 2500, 25, 1369, 16, 100, 121, 0, 25, 576, 16, 1296, 49, 576, 5476, 1156, 484, 1, 1, 1089, 4, 169, 4, 100, 49, 1, 361, 144, 196, 9, 1, 100, 0, 36, 256, 16, 841, 4, 25, 4, 4, 64, 36, 64, 196, 2209, 49, 841, 225, 961, 36, 4, 1296, 625, 16, 1764, 49, 16, 25, 81, 0, 0, 676, 0, 1296, 1, 4, 324, 100, 3136, 36, 25, 961, 324, 25, 25, 25, 9, 100, 1, 0, 4, 3025, 441, 1444, 36, 484, 0, 16, 36, 9, 1, 169, 2401, 144, 100, 8649, 64, 144, 1764, 1, 2809, 64, 9, 100, 0, 121, 16, 0, 529, 25, 25, 9, 25, 49]

pred: 9565 [35, 191, 56, 111, 77, 25, 52, 117, 48, 98, 120, 27, 29, 56, 60, 25, 218, 84, 136, 54, 86, 70, 126, 44, 71, 22, 87, 36, 144, 128, 80, 74, 92, 60, 201, 62, 81, 28, 48, 40, 39, 108, 93, 35, 29, 70, 36, 58, 89, 106, 40, 73, 69, 18, 47, 21, 106, 82, 47, 83, 233, 43, 119, 110, 93, 25, 73, 176, 95, 44, 161, 103, 81, 25, 30, 26, 39, 141, 58, 11, 42, 30, 103, 141, 207, 68, 133, 65, 0, 60, 38, 51, 69, 74, 106, 61, 18, 44, 57, 75, 50, 78, 29, 172, 161, 33, 27, 34, 69, 79, 55, 130, 68, 113, 143, 47, 66, 65, 34, 59, 43, 82, 31, 48, 25, 43, 52, 38, 71, 44]
real: 11073 [46, 240, 93, 136, 73, 38, 46, 102, 54, 84, 134, 29, 30, 54, 56, 26, 268, 79, 173, 58, 96, 81, 126, 49, 95, 26, 123, 43, 168, 202, 114, 96, 93, 61, 234, 64, 68, 30, 58, 47, 40, 127, 81, 49, 32, 69, 46, 58, 83, 122, 44, 102, 71, 23, 49, 19, 98, 76, 55, 97, 280, 50, 148, 95, 124, 31, 75, 212, 120, 48, 203, 110, 77, 30, 39, 26, 39, 167, 58, 47, 41, 32, 121, 131, 263, 74, 138, 96, 18, 65, 43, 46, 72, 84, 107, 61, 16, 99, 78, 113, 56, 100, 29, 168, 167, 36, 26, 47, 118, 91, 65, 223, 76, 125, 185, 48, 119, 57, 37, 49, 43, 93, 35, 48, 48, 48, 57, 41, 76, 51]

grid_scale: 0.5
resize_scale: 0.5
confiance: 0.85

random_seed: 1011
data_augmentation: True
samples: 130
