MAE: 9.984615384615385 [0, 34, 7, 26, 6, 6, 2, 38, 6, 2, 15, 2, 5, 7, 1, 1, 56, 18, 19, 6, 3, 7, 38, 3, 4, 4, 7, 5, 12, 8, 3, 0, 5, 5, 63, 9, 7, 3, 1, 1, 8, 11, 16, 11, 5, 0, 2, 14, 10, 4, 0, 3, 1, 3, 8, 2, 11, 3, 13, 13, 74, 0, 32, 20, 0, 2, 7, 43, 3, 5, 62, 2, 4, 3, 6, 7, 5, 2, 5, 0, 7, 0, 3, 39, 58, 4, 16, 10, 15, 6, 3, 1, 5, 4, 18, 1, 7, 1, 3, 17, 1, 3, 7, 12, 17, 1, 12, 4, 5, 5, 1, 24, 6, 6, 21, 16, 5, 17, 3, 9, 3, 2, 1, 16, 4, 2, 0, 7, 5, 0]
MAPE: 11.480159544885025 [0.0, 14.166666666666666, 7.526881720430108, 19.11764705882353, 8.21917808219178, 15.789473684210526, 4.3478260869565215, 37.254901960784316, 11.11111111111111, 2.380952380952381, 11.194029850746269, 6.896551724137931, 16.666666666666664, 12.962962962962962, 1.7857142857142856, 3.8461538461538463, 20.8955223880597, 22.78481012658228, 10.982658959537572, 10.344827586206897, 3.125, 8.641975308641975, 30.158730158730158, 6.122448979591836, 4.2105263157894735, 15.384615384615385, 5.691056910569105, 11.627906976744185, 7.142857142857142, 3.9603960396039604, 2.631578947368421, 0.0, 5.376344086021505, 8.19672131147541, 26.923076923076923, 14.0625, 10.294117647058822, 10.0, 1.7241379310344827, 2.127659574468085, 20.0, 8.661417322834646, 19.753086419753085, 22.448979591836736, 15.625, 0.0, 4.3478260869565215, 24.137931034482758, 12.048192771084338, 3.278688524590164, 0.0, 2.941176470588235, 1.4084507042253522, 13.043478260869565, 16.3265306122449, 10.526315789473683, 11.224489795918368, 3.9473684210526314, 23.636363636363637, 13.402061855670103, 26.42857142857143, 0.0, 21.62162162162162, 21.052631578947366, 0.0, 6.451612903225806, 9.333333333333334, 20.28301886792453, 2.5, 10.416666666666668, 30.541871921182267, 1.8181818181818181, 5.194805194805195, 10.0, 15.384615384615385, 26.923076923076923, 12.82051282051282, 1.1976047904191618, 8.620689655172415, 0.0, 17.073170731707318, 0.0, 2.479338842975207, 29.770992366412212, 22.0532319391635, 5.405405405405405, 11.594202898550725, 10.416666666666668, 83.33333333333334, 9.230769230769232, 6.976744186046512, 2.1739130434782608, 6.944444444444445, 4.761904761904762, 16.822429906542055, 1.639344262295082, 43.75, 1.0101010101010102, 3.8461538461538463, 15.04424778761062, 1.7857142857142856, 3.0, 24.137931034482758, 7.142857142857142, 10.179640718562874, 2.7777777777777777, 46.15384615384615, 8.51063829787234, 4.23728813559322, 5.4945054945054945, 1.5384615384615385, 10.762331838565023, 7.894736842105263, 4.8, 11.351351351351353, 33.33333333333333, 4.201680672268908, 29.82456140350877, 8.108108108108109, 18.367346938775512, 6.976744186046512, 2.1505376344086025, 2.857142857142857, 33.33333333333333, 8.333333333333332, 4.166666666666666, 0.0, 17.073170731707318, 6.578947368421052, 0.0]
RMSE: 16.87510683726864 [0, 1156, 49, 676, 36, 36, 4, 1444, 36, 4, 225, 4, 25, 49, 1, 1, 3136, 324, 361, 36, 9, 49, 1444, 9, 16, 16, 49, 25, 144, 64, 9, 0, 25, 25, 3969, 81, 49, 9, 1, 1, 64, 121, 256, 121, 25, 0, 4, 196, 100, 16, 0, 9, 1, 9, 64, 4, 121, 9, 169, 169, 5476, 0, 1024, 400, 0, 4, 49, 1849, 9, 25, 3844, 4, 16, 9, 36, 49, 25, 4, 25, 0, 49, 0, 9, 1521, 3364, 16, 256, 100, 225, 36, 9, 1, 25, 16, 324, 1, 49, 1, 9, 289, 1, 9, 49, 144, 289, 1, 144, 16, 25, 25, 1, 576, 36, 36, 441, 256, 25, 289, 9, 81, 9, 4, 1, 256, 16, 4, 0, 49, 25, 0]

pred: 12145 [46, 274, 100, 162, 79, 44, 48, 140, 60, 86, 149, 31, 25, 61, 57, 27, 324, 97, 192, 64, 99, 88, 164, 46, 99, 30, 116, 48, 180, 194, 117, 96, 88, 66, 297, 73, 75, 27, 59, 48, 48, 116, 97, 60, 27, 69, 48, 72, 93, 126, 44, 99, 70, 26, 57, 21, 109, 79, 68, 110, 354, 50, 180, 115, 124, 29, 82, 255, 117, 53, 265, 112, 81, 33, 33, 33, 44, 169, 63, 47, 48, 32, 124, 170, 321, 70, 154, 106, 3, 59, 40, 45, 67, 88, 125, 62, 23, 98, 81, 130, 57, 103, 36, 180, 184, 37, 38, 43, 123, 96, 64, 247, 82, 119, 206, 64, 124, 74, 40, 58, 46, 95, 34, 64, 44, 50, 57, 48, 81, 51]
real: 11073 [46, 240, 93, 136, 73, 38, 46, 102, 54, 84, 134, 29, 30, 54, 56, 26, 268, 79, 173, 58, 96, 81, 126, 49, 95, 26, 123, 43, 168, 202, 114, 96, 93, 61, 234, 64, 68, 30, 58, 47, 40, 127, 81, 49, 32, 69, 46, 58, 83, 122, 44, 102, 71, 23, 49, 19, 98, 76, 55, 97, 280, 50, 148, 95, 124, 31, 75, 212, 120, 48, 203, 110, 77, 30, 39, 26, 39, 167, 58, 47, 41, 32, 121, 131, 263, 74, 138, 96, 18, 65, 43, 46, 72, 84, 107, 61, 16, 99, 78, 113, 56, 100, 29, 168, 167, 36, 26, 47, 118, 91, 65, 223, 76, 125, 185, 48, 119, 57, 37, 49, 43, 93, 35, 48, 48, 48, 57, 41, 76, 51]

grid_scale: 0.3
resize_scale: 0.5
confiance: 0.7

random_seed: 1011
data_augmentation: True
samples: 130
