MAE: 9.638461538461538 [0, 22, 15, 4, 3, 2, 1, 26, 2, 8, 5, 4, 15, 5, 1, 0, 84, 14, 9, 6, 6, 5, 70, 9, 10, 2, 2, 0, 16, 3, 6, 0, 5, 3, 84, 10, 6, 4, 5, 1, 13, 12, 2, 2, 0, 10, 9, 5, 15, 3, 5, 16, 2, 3, 0, 4, 10, 4, 19, 0, 88, 6, 9, 7, 2, 1, 3, 74, 14, 3, 56, 8, 6, 5, 9, 1, 4, 7, 1, 2, 17, 1, 6, 35, 38, 2, 13, 4, 12, 15, 1, 8, 4, 2, 10, 4, 3, 9, 1, 3, 2, 4, 3, 6, 3, 1, 7, 2, 9, 1, 2, 4, 4, 12, 5, 18, 4, 3, 3, 1, 10, 7, 5, 9, 7, 8, 2, 3, 5, 2]
MAPE: 10.945474838066652 [0.0, 9.166666666666666, 16.129032258064516, 2.941176470588235, 4.10958904109589, 5.263157894736842, 2.1739130434782608, 25.49019607843137, 3.7037037037037033, 9.523809523809524, 3.731343283582089, 13.793103448275861, 50.0, 9.25925925925926, 1.7857142857142856, 0.0, 31.343283582089555, 17.72151898734177, 5.202312138728324, 10.344827586206897, 6.25, 6.172839506172839, 55.55555555555556, 18.367346938775512, 10.526315789473683, 7.6923076923076925, 1.6260162601626018, 0.0, 9.523809523809524, 1.4851485148514851, 5.263157894736842, 0.0, 5.376344086021505, 4.918032786885246, 35.8974358974359, 15.625, 8.823529411764707, 13.333333333333334, 8.620689655172415, 2.127659574468085, 32.5, 9.448818897637794, 2.4691358024691357, 4.081632653061225, 0.0, 14.492753623188406, 19.565217391304348, 8.620689655172415, 18.072289156626507, 2.459016393442623, 11.363636363636363, 15.686274509803921, 2.8169014084507045, 13.043478260869565, 0.0, 21.052631578947366, 10.204081632653061, 5.263157894736842, 34.54545454545455, 0.0, 31.428571428571427, 12.0, 6.081081081081082, 7.368421052631578, 1.6129032258064515, 3.225806451612903, 4.0, 34.90566037735849, 11.666666666666666, 6.25, 27.586206896551722, 7.2727272727272725, 7.792207792207792, 16.666666666666664, 23.076923076923077, 3.8461538461538463, 10.256410256410255, 4.191616766467066, 1.7241379310344827, 4.25531914893617, 41.46341463414634, 3.125, 4.958677685950414, 26.717557251908396, 14.44866920152091, 2.7027027027027026, 9.420289855072465, 4.166666666666666, 66.66666666666666, 23.076923076923077, 2.3255813953488373, 17.391304347826086, 5.555555555555555, 2.380952380952381, 9.345794392523365, 6.557377049180328, 18.75, 9.090909090909092, 1.282051282051282, 2.6548672566371683, 3.571428571428571, 4.0, 10.344827586206897, 3.571428571428571, 1.7964071856287425, 2.7777777777777777, 26.923076923076923, 4.25531914893617, 7.627118644067797, 1.098901098901099, 3.076923076923077, 1.7937219730941705, 5.263157894736842, 9.6, 2.7027027027027026, 37.5, 3.361344537815126, 5.263157894736842, 8.108108108108109, 2.0408163265306123, 23.25581395348837, 7.526881720430108, 14.285714285714285, 18.75, 14.583333333333334, 16.666666666666664, 3.508771929824561, 7.317073170731707, 6.578947368421052, 3.9215686274509802]
RMSE: 18.701501379465604 [0, 484, 225, 16, 9, 4, 1, 676, 4, 64, 25, 16, 225, 25, 1, 0, 7056, 196, 81, 36, 36, 25, 4900, 81, 100, 4, 4, 0, 256, 9, 36, 0, 25, 9, 7056, 100, 36, 16, 25, 1, 169, 144, 4, 4, 0, 100, 81, 25, 225, 9, 25, 256, 4, 9, 0, 16, 100, 16, 361, 0, 7744, 36, 81, 49, 4, 1, 9, 5476, 196, 9, 3136, 64, 36, 25, 81, 1, 16, 49, 1, 4, 289, 1, 36, 1225, 1444, 4, 169, 16, 144, 225, 1, 64, 16, 4, 100, 16, 9, 81, 1, 9, 4, 16, 9, 36, 9, 1, 49, 4, 81, 1, 4, 16, 16, 144, 25, 324, 16, 9, 9, 1, 100, 49, 25, 81, 49, 64, 4, 9, 25, 4]

pred: 11764 [46, 262, 78, 140, 76, 40, 45, 128, 56, 92, 139, 25, 15, 59, 55, 26, 352, 93, 182, 64, 102, 76, 196, 58, 105, 24, 125, 43, 184, 199, 120, 96, 98, 58, 318, 74, 74, 26, 53, 46, 53, 115, 79, 51, 32, 59, 37, 63, 98, 119, 49, 86, 69, 26, 49, 23, 108, 72, 74, 97, 368, 44, 157, 102, 122, 30, 72, 286, 106, 51, 259, 118, 71, 25, 30, 27, 43, 174, 57, 49, 58, 33, 115, 166, 301, 72, 151, 92, 6, 50, 42, 38, 76, 86, 117, 65, 19, 90, 79, 116, 58, 96, 32, 162, 170, 37, 33, 45, 109, 90, 63, 227, 80, 113, 190, 66, 123, 60, 34, 50, 53, 86, 30, 57, 41, 56, 59, 44, 81, 49]
real: 11073 [46, 240, 93, 136, 73, 38, 46, 102, 54, 84, 134, 29, 30, 54, 56, 26, 268, 79, 173, 58, 96, 81, 126, 49, 95, 26, 123, 43, 168, 202, 114, 96, 93, 61, 234, 64, 68, 30, 58, 47, 40, 127, 81, 49, 32, 69, 46, 58, 83, 122, 44, 102, 71, 23, 49, 19, 98, 76, 55, 97, 280, 50, 148, 95, 124, 31, 75, 212, 120, 48, 203, 110, 77, 30, 39, 26, 39, 167, 58, 47, 41, 32, 121, 131, 263, 74, 138, 96, 18, 65, 43, 46, 72, 84, 107, 61, 16, 99, 78, 113, 56, 100, 29, 168, 167, 36, 26, 47, 118, 91, 65, 223, 76, 125, 185, 48, 119, 57, 37, 49, 43, 93, 35, 48, 48, 48, 57, 41, 76, 51]

grid_scale: 0.2
resize_scale: 0.5
confiance: 0.75

random_seed: 1011
data_augmentation: True
samples: 130
