MAE: 15.330769230769231 [4, 70, 18, 20, 5, 10, 4, 42, 10, 11, 32, 7, 1, 6, 6, 4, 66, 25, 16, 15, 13, 12, 31, 3, 9, 5, 1, 4, 32, 9, 16, 5, 18, 14, 93, 21, 9, 2, 3, 1, 4, 5, 25, 7, 1, 9, 2, 10, 16, 11, 5, 19, 6, 2, 3, 4, 21, 4, 24, 15, 127, 8, 30, 18, 19, 2, 12, 72, 3, 5, 56, 20, 12, 2, 12, 11, 8, 15, 10, 1, 29, 1, 12, 47, 75, 3, 31, 8, 11, 12, 4, 8, 1, 9, 26, 13, 6, 7, 13, 13, 5, 5, 5, 19, 38, 8, 7, 2, 6, 9, 5, 31, 9, 9, 29, 26, 20, 24, 1, 12, 8, 29, 4, 19, 4, 8, 1, 4, 2, 6]
MAPE: 17.01001321106419 [8.695652173913043, 29.166666666666668, 19.35483870967742, 14.705882352941178, 6.8493150684931505, 26.31578947368421, 8.695652173913043, 41.17647058823529, 18.51851851851852, 13.095238095238097, 23.88059701492537, 24.137931034482758, 3.3333333333333335, 11.11111111111111, 10.714285714285714, 15.384615384615385, 24.62686567164179, 31.645569620253166, 9.248554913294797, 25.862068965517242, 13.541666666666666, 14.814814814814813, 24.6031746031746, 6.122448979591836, 9.473684210526317, 19.230769230769234, 0.8130081300813009, 9.30232558139535, 19.047619047619047, 4.455445544554455, 14.035087719298245, 5.208333333333334, 19.35483870967742, 22.950819672131146, 39.743589743589745, 32.8125, 13.23529411764706, 6.666666666666667, 5.172413793103448, 2.127659574468085, 10.0, 3.937007874015748, 30.864197530864196, 14.285714285714285, 3.125, 13.043478260869565, 4.3478260869565215, 17.24137931034483, 19.27710843373494, 9.01639344262295, 11.363636363636363, 18.627450980392158, 8.450704225352112, 8.695652173913043, 6.122448979591836, 21.052631578947366, 21.428571428571427, 5.263157894736842, 43.63636363636363, 15.463917525773196, 45.357142857142854, 16.0, 20.27027027027027, 18.947368421052634, 15.32258064516129, 6.451612903225806, 16.0, 33.9622641509434, 2.5, 10.416666666666668, 27.586206896551722, 18.181818181818183, 15.584415584415584, 6.666666666666667, 30.76923076923077, 42.30769230769231, 20.51282051282051, 8.982035928143713, 17.24137931034483, 2.127659574468085, 70.73170731707317, 3.125, 9.917355371900827, 35.87786259541985, 28.517110266159694, 4.054054054054054, 22.463768115942027, 8.333333333333332, 61.111111111111114, 18.461538461538463, 9.30232558139535, 17.391304347826086, 1.3888888888888888, 10.714285714285714, 24.299065420560748, 21.311475409836063, 37.5, 7.07070707070707, 16.666666666666664, 11.504424778761061, 8.928571428571429, 5.0, 17.24137931034483, 11.30952380952381, 22.75449101796407, 22.22222222222222, 26.923076923076923, 4.25531914893617, 5.084745762711865, 9.89010989010989, 7.6923076923076925, 13.901345291479823, 11.842105263157894, 7.199999999999999, 15.675675675675677, 54.166666666666664, 16.80672268907563, 42.10526315789473, 2.7027027027027026, 24.489795918367346, 18.6046511627907, 31.182795698924732, 11.428571428571429, 39.58333333333333, 8.333333333333332, 16.666666666666664, 1.7543859649122806, 9.75609756097561, 2.631578947368421, 11.76470588235294]
RMSE: 24.214585560074198 [16, 4900, 324, 400, 25, 100, 16, 1764, 100, 121, 1024, 49, 1, 36, 36, 16, 4356, 625, 256, 225, 169, 144, 961, 9, 81, 25, 1, 16, 1024, 81, 256, 25, 324, 196, 8649, 441, 81, 4, 9, 1, 16, 25, 625, 49, 1, 81, 4, 100, 256, 121, 25, 361, 36, 4, 9, 16, 441, 16, 576, 225, 16129, 64, 900, 324, 361, 4, 144, 5184, 9, 25, 3136, 400, 144, 4, 144, 121, 64, 225, 100, 1, 841, 1, 144, 2209, 5625, 9, 961, 64, 121, 144, 16, 64, 1, 81, 676, 169, 36, 49, 169, 169, 25, 25, 25, 361, 1444, 64, 49, 4, 36, 81, 25, 961, 81, 81, 841, 676, 400, 576, 1, 144, 64, 841, 16, 361, 16, 64, 1, 16, 4, 36]

pred: 13022 [50, 310, 111, 156, 78, 48, 50, 144, 64, 95, 166, 36, 31, 60, 62, 30, 334, 104, 189, 73, 109, 93, 157, 52, 104, 31, 124, 47, 200, 211, 130, 101, 111, 75, 327, 85, 77, 28, 61, 48, 44, 132, 106, 56, 33, 78, 48, 68, 99, 133, 49, 121, 77, 25, 52, 23, 119, 80, 79, 112, 407, 58, 178, 113, 143, 33, 87, 284, 117, 53, 259, 130, 89, 32, 51, 37, 47, 182, 68, 48, 70, 33, 133, 178, 338, 77, 169, 104, 7, 77, 47, 54, 73, 93, 133, 74, 22, 106, 91, 126, 61, 105, 34, 187, 205, 44, 33, 45, 124, 100, 70, 254, 85, 134, 214, 74, 139, 81, 38, 61, 51, 122, 31, 67, 52, 56, 58, 45, 78, 57]
real: 11073 [46, 240, 93, 136, 73, 38, 46, 102, 54, 84, 134, 29, 30, 54, 56, 26, 268, 79, 173, 58, 96, 81, 126, 49, 95, 26, 123, 43, 168, 202, 114, 96, 93, 61, 234, 64, 68, 30, 58, 47, 40, 127, 81, 49, 32, 69, 46, 58, 83, 122, 44, 102, 71, 23, 49, 19, 98, 76, 55, 97, 280, 50, 148, 95, 124, 31, 75, 212, 120, 48, 203, 110, 77, 30, 39, 26, 39, 167, 58, 47, 41, 32, 121, 131, 263, 74, 138, 96, 18, 65, 43, 46, 72, 84, 107, 61, 16, 99, 78, 113, 56, 100, 29, 168, 167, 36, 26, 47, 118, 91, 65, 223, 76, 125, 185, 48, 119, 57, 37, 49, 43, 93, 35, 48, 48, 48, 57, 41, 76, 51]

grid_scale: 0.3
resize_scale: 0.5
confiance: 0.55

random_seed: 1011
data_augmentation: True
samples: 130
