MAE: 8.338461538461539 [1, 27, 15, 6, 2, 4, 2, 22, 4, 6, 13, 0, 6, 9, 5, 2, 39, 14, 12, 5, 8, 2, 20, 7, 3, 5, 6, 2, 16, 4, 3, 3, 6, 4, 64, 5, 6, 4, 3, 3, 7, 16, 10, 2, 1, 3, 8, 4, 11, 2, 1, 3, 3, 4, 4, 2, 5, 3, 8, 0, 63, 0, 7, 11, 13, 0, 1, 27, 2, 2, 43, 3, 3, 2, 5, 2, 2, 8, 5, 8, 8, 3, 0, 35, 48, 5, 14, 4, 14, 10, 3, 2, 4, 6, 14, 1, 6, 7, 3, 3, 8, 13, 4, 18, 14, 0, 10, 8, 2, 5, 4, 23, 2, 8, 22, 14, 3, 18, 1, 8, 1, 3, 0, 10, 4, 0, 1, 1, 14, 3]
MAPE: 9.81716078661319 [2.1739130434782608, 11.25, 16.129032258064516, 4.411764705882353, 2.73972602739726, 10.526315789473683, 4.3478260869565215, 21.568627450980394, 7.4074074074074066, 7.142857142857142, 9.701492537313433, 0.0, 20.0, 16.666666666666664, 8.928571428571429, 7.6923076923076925, 14.55223880597015, 17.72151898734177, 6.9364161849710975, 8.620689655172415, 8.333333333333332, 2.4691358024691357, 15.873015873015872, 14.285714285714285, 3.1578947368421053, 19.230769230769234, 4.878048780487805, 4.651162790697675, 9.523809523809524, 1.9801980198019802, 2.631578947368421, 3.125, 6.451612903225806, 6.557377049180328, 27.350427350427353, 7.8125, 8.823529411764707, 13.333333333333334, 5.172413793103448, 6.382978723404255, 17.5, 12.598425196850393, 12.345679012345679, 4.081632653061225, 3.125, 4.3478260869565215, 17.391304347826086, 6.896551724137931, 13.253012048192772, 1.639344262295082, 2.272727272727273, 2.941176470588235, 4.225352112676056, 17.391304347826086, 8.16326530612245, 10.526315789473683, 5.1020408163265305, 3.9473684210526314, 14.545454545454545, 0.0, 22.5, 0.0, 4.72972972972973, 11.578947368421053, 10.483870967741936, 0.0, 1.3333333333333335, 12.735849056603774, 1.6666666666666667, 4.166666666666666, 21.182266009852217, 2.727272727272727, 3.896103896103896, 6.666666666666667, 12.82051282051282, 7.6923076923076925, 5.128205128205128, 4.790419161676647, 8.620689655172415, 17.02127659574468, 19.51219512195122, 9.375, 0.0, 26.717557251908396, 18.250950570342205, 6.756756756756757, 10.144927536231885, 4.166666666666666, 77.77777777777779, 15.384615384615385, 6.976744186046512, 4.3478260869565215, 5.555555555555555, 7.142857142857142, 13.084112149532709, 1.639344262295082, 37.5, 7.07070707070707, 3.8461538461538463, 2.6548672566371683, 14.285714285714285, 13.0, 13.793103448275861, 10.714285714285714, 8.383233532934131, 0.0, 38.46153846153847, 17.02127659574468, 1.694915254237288, 5.4945054945054945, 6.153846153846154, 10.31390134529148, 2.631578947368421, 6.4, 11.891891891891893, 29.166666666666668, 2.5210084033613445, 31.57894736842105, 2.7027027027027026, 16.3265306122449, 2.3255813953488373, 3.225806451612903, 0.0, 20.833333333333336, 8.333333333333332, 0.0, 1.7543859649122806, 2.4390243902439024, 18.421052631578945, 5.88235294117647]
RMSE: 13.655655351425763 [1, 729, 225, 36, 4, 16, 4, 484, 16, 36, 169, 0, 36, 81, 25, 4, 1521, 196, 144, 25, 64, 4, 400, 49, 9, 25, 36, 4, 256, 16, 9, 9, 36, 16, 4096, 25, 36, 16, 9, 9, 49, 256, 100, 4, 1, 9, 64, 16, 121, 4, 1, 9, 9, 16, 16, 4, 25, 9, 64, 0, 3969, 0, 49, 121, 169, 0, 1, 729, 4, 4, 1849, 9, 9, 4, 25, 4, 4, 64, 25, 64, 64, 9, 0, 1225, 2304, 25, 196, 16, 196, 100, 9, 4, 16, 36, 196, 1, 36, 49, 9, 9, 64, 169, 16, 324, 196, 0, 100, 64, 4, 25, 16, 529, 4, 64, 484, 196, 9, 324, 1, 64, 1, 9, 0, 100, 16, 0, 1, 1, 196, 9]

pred: 11823 [47, 267, 78, 142, 75, 34, 44, 124, 58, 90, 147, 29, 24, 63, 61, 28, 307, 93, 185, 63, 104, 79, 146, 56, 98, 31, 117, 45, 184, 206, 111, 99, 99, 57, 298, 69, 74, 34, 55, 50, 47, 143, 91, 51, 33, 72, 38, 62, 94, 124, 45, 99, 74, 27, 53, 21, 103, 79, 63, 97, 343, 50, 155, 106, 111, 31, 76, 239, 122, 50, 246, 113, 80, 32, 44, 28, 41, 175, 63, 39, 49, 35, 121, 166, 311, 69, 152, 100, 4, 55, 40, 44, 68, 78, 121, 62, 22, 92, 75, 116, 48, 113, 33, 186, 181, 36, 36, 39, 120, 96, 69, 246, 78, 117, 207, 62, 116, 75, 38, 57, 42, 96, 35, 58, 44, 48, 56, 42, 90, 48]
real: 11073 [46, 240, 93, 136, 73, 38, 46, 102, 54, 84, 134, 29, 30, 54, 56, 26, 268, 79, 173, 58, 96, 81, 126, 49, 95, 26, 123, 43, 168, 202, 114, 96, 93, 61, 234, 64, 68, 30, 58, 47, 40, 127, 81, 49, 32, 69, 46, 58, 83, 122, 44, 102, 71, 23, 49, 19, 98, 76, 55, 97, 280, 50, 148, 95, 124, 31, 75, 212, 120, 48, 203, 110, 77, 30, 39, 26, 39, 167, 58, 47, 41, 32, 121, 131, 263, 74, 138, 96, 18, 65, 43, 46, 72, 84, 107, 61, 16, 99, 78, 113, 56, 100, 29, 168, 167, 36, 26, 47, 118, 91, 65, 223, 76, 125, 185, 48, 119, 57, 37, 49, 43, 93, 35, 48, 48, 48, 57, 41, 76, 51]

grid_scale: 0.3
resize_scale: 0.5
confiance: 0.75

random_seed: 1011
data_augmentation: True
samples: 130
