MAE: 11.876923076923077 [7, 37, 35, 23, 9, 8, 0, 16, 5, 4, 25, 0, 2, 6, 6, 1, 48, 15, 12, 4, 12, 7, 16, 5, 0, 2, 23, 2, 18, 55, 7, 9, 4, 3, 2, 4, 12, 0, 10, 0, 4, 5, 22, 15, 2, 2, 4, 12, 13, 6, 4, 15, 3, 4, 11, 0, 5, 9, 0, 15, 23, 2, 27, 9, 23, 10, 4, 26, 22, 12, 33, 8, 3, 3, 9, 3, 4, 30, 2, 32, 10, 3, 20, 13, 32, 7, 2, 26, 17, 1, 1, 5, 3, 10, 18, 10, 2, 58, 17, 18, 3, 17, 3, 16, 12, 5, 5, 21, 45, 9, 7, 99, 3, 2, 41, 7, 19, 6, 6, 4, 1, 13, 0, 4, 13, 1, 8, 8, 2, 1]
MAPE: 13.672859406698972 [15.217391304347828, 15.416666666666668, 37.634408602150536, 16.911764705882355, 12.32876712328767, 21.052631578947366, 0.0, 15.686274509803921, 9.25925925925926, 4.761904761904762, 18.65671641791045, 0.0, 6.666666666666667, 11.11111111111111, 10.714285714285714, 3.8461538461538463, 17.91044776119403, 18.9873417721519, 6.9364161849710975, 6.896551724137931, 12.5, 8.641975308641975, 12.698412698412698, 10.204081632653061, 0.0, 7.6923076923076925, 18.69918699186992, 4.651162790697675, 10.714285714285714, 27.22772277227723, 6.140350877192982, 9.375, 4.301075268817205, 4.918032786885246, 0.8547008547008548, 6.25, 17.647058823529413, 0.0, 17.24137931034483, 0.0, 10.0, 3.937007874015748, 27.160493827160494, 30.612244897959183, 6.25, 2.898550724637681, 8.695652173913043, 20.689655172413794, 15.66265060240964, 4.918032786885246, 9.090909090909092, 14.705882352941178, 4.225352112676056, 17.391304347826086, 22.448979591836736, 0.0, 5.1020408163265305, 11.842105263157894, 0.0, 15.463917525773196, 8.214285714285714, 4.0, 18.243243243243242, 9.473684210526317, 18.548387096774192, 32.25806451612903, 5.333333333333334, 12.264150943396226, 18.333333333333332, 25.0, 16.25615763546798, 7.2727272727272725, 3.896103896103896, 10.0, 23.076923076923077, 11.538461538461538, 10.256410256410255, 17.964071856287426, 3.4482758620689653, 68.08510638297872, 24.390243902439025, 9.375, 16.528925619834713, 9.923664122137405, 12.167300380228136, 9.45945945945946, 1.4492753623188406, 27.083333333333332, 94.44444444444444, 1.5384615384615385, 2.3255813953488373, 10.869565217391305, 4.166666666666666, 11.904761904761903, 16.822429906542055, 16.39344262295082, 12.5, 58.58585858585859, 21.794871794871796, 15.929203539823009, 5.357142857142857, 17.0, 10.344827586206897, 9.523809523809524, 7.18562874251497, 13.88888888888889, 19.230769230769234, 44.680851063829785, 38.13559322033898, 9.89010989010989, 10.76923076923077, 44.39461883408072, 3.9473684210526314, 1.6, 22.162162162162165, 14.583333333333334, 15.966386554621847, 10.526315789473683, 16.216216216216218, 8.16326530612245, 2.3255813953488373, 13.978494623655912, 0.0, 8.333333333333332, 27.083333333333332, 2.083333333333333, 14.035087719298245, 19.51219512195122, 2.631578947368421, 1.9607843137254901]
RMSE: 18.233105984613644 [49, 1369, 1225, 529, 81, 64, 0, 256, 25, 16, 625, 0, 4, 36, 36, 1, 2304, 225, 144, 16, 144, 49, 256, 25, 0, 4, 529, 4, 324, 3025, 49, 81, 16, 9, 4, 16, 144, 0, 100, 0, 16, 25, 484, 225, 4, 4, 16, 144, 169, 36, 16, 225, 9, 16, 121, 0, 25, 81, 0, 225, 529, 4, 729, 81, 529, 100, 16, 676, 484, 144, 1089, 64, 9, 9, 81, 9, 16, 900, 4, 1024, 100, 9, 400, 169, 1024, 49, 4, 676, 289, 1, 1, 25, 9, 100, 324, 100, 4, 3364, 289, 324, 9, 289, 9, 256, 144, 25, 25, 441, 2025, 81, 49, 9801, 9, 4, 1681, 49, 361, 36, 36, 16, 1, 169, 0, 16, 169, 1, 64, 64, 4, 1]

pred: 10147 [39, 203, 58, 113, 82, 30, 46, 118, 59, 88, 109, 29, 28, 60, 62, 27, 220, 94, 161, 62, 84, 74, 110, 44, 95, 28, 100, 41, 150, 147, 121, 87, 89, 64, 236, 60, 80, 30, 48, 47, 44, 122, 103, 34, 30, 71, 42, 70, 96, 116, 40, 87, 74, 19, 38, 19, 103, 85, 55, 82, 257, 52, 121, 104, 101, 21, 71, 186, 98, 60, 170, 118, 80, 27, 30, 23, 43, 137, 56, 15, 31, 35, 101, 144, 231, 67, 136, 70, 1, 66, 42, 51, 75, 74, 125, 71, 14, 41, 61, 95, 59, 83, 32, 152, 179, 41, 21, 26, 73, 82, 72, 124, 73, 127, 144, 55, 100, 63, 31, 53, 42, 80, 35, 52, 35, 47, 49, 33, 78, 52]
real: 11073 [46, 240, 93, 136, 73, 38, 46, 102, 54, 84, 134, 29, 30, 54, 56, 26, 268, 79, 173, 58, 96, 81, 126, 49, 95, 26, 123, 43, 168, 202, 114, 96, 93, 61, 234, 64, 68, 30, 58, 47, 40, 127, 81, 49, 32, 69, 46, 58, 83, 122, 44, 102, 71, 23, 49, 19, 98, 76, 55, 97, 280, 50, 148, 95, 124, 31, 75, 212, 120, 48, 203, 110, 77, 30, 39, 26, 39, 167, 58, 47, 41, 32, 121, 131, 263, 74, 138, 96, 18, 65, 43, 46, 72, 84, 107, 61, 16, 99, 78, 113, 56, 100, 29, 168, 167, 36, 26, 47, 118, 91, 65, 223, 76, 125, 185, 48, 119, 57, 37, 49, 43, 93, 35, 48, 48, 48, 57, 41, 76, 51]

grid_scale: 0.5
resize_scale: 0.5
confiance: 0.8

random_seed: 1011
data_augmentation: True
samples: 130
