MAE: 14.23076923076923 [7, 23, 5, 5, 14, 12, 5, 26, 24, 29, 15, 4, 1, 21, 5, 10, 26, 45, 3, 7, 36, 9, 22, 1, 44, 3, 3, 4, 9, 5, 23, 4, 16, 19, 35, 21, 29, 1, 6, 1, 11, 15, 48, 6, 1, 12, 7, 21, 31, 33, 5, 3, 2, 1, 19, 3, 27, 28, 12, 11, 10, 11, 16, 39, 1, 1, 16, 11, 9, 27, 13, 23, 24, 9, 6, 10, 5, 12, 14, 12, 11, 1, 15, 38, 1, 2, 25, 6, 18, 13, 4, 16, 13, 14, 46, 13, 3, 30, 6, 7, 4, 7, 6, 37, 47, 14, 10, 5, 17, 4, 14, 49, 6, 40, 22, 14, 4, 20, 3, 24, 4, 20, 5, 18, 9, 3, 3, 4, 8, 4]
MAPE: 19.242897432474027 [15.217391304347828, 9.583333333333334, 5.376344086021505, 3.6764705882352944, 19.17808219178082, 31.57894736842105, 10.869565217391305, 25.49019607843137, 44.44444444444444, 34.523809523809526, 11.194029850746269, 13.793103448275861, 3.3333333333333335, 38.88888888888889, 8.928571428571429, 38.46153846153847, 9.701492537313433, 56.9620253164557, 1.7341040462427744, 12.068965517241379, 37.5, 11.11111111111111, 17.46031746031746, 2.0408163265306123, 46.31578947368421, 11.538461538461538, 2.4390243902439024, 9.30232558139535, 5.357142857142857, 2.4752475247524752, 20.175438596491226, 4.166666666666666, 17.20430107526882, 31.147540983606557, 14.957264957264957, 32.8125, 42.64705882352941, 3.3333333333333335, 10.344827586206897, 2.127659574468085, 27.500000000000004, 11.811023622047244, 59.25925925925925, 12.244897959183673, 3.125, 17.391304347826086, 15.217391304347828, 36.206896551724135, 37.34939759036144, 27.049180327868854, 11.363636363636363, 2.941176470588235, 2.8169014084507045, 4.3478260869565215, 38.775510204081634, 15.789473684210526, 27.55102040816326, 36.84210526315789, 21.818181818181817, 11.34020618556701, 3.571428571428571, 22.0, 10.81081081081081, 41.05263157894737, 0.8064516129032258, 3.225806451612903, 21.333333333333336, 5.188679245283019, 7.5, 56.25, 6.403940886699508, 20.909090909090907, 31.16883116883117, 30.0, 15.384615384615385, 38.46153846153847, 12.82051282051282, 7.18562874251497, 24.137931034482758, 25.53191489361702, 26.82926829268293, 3.125, 12.396694214876034, 29.00763358778626, 0.38022813688212925, 2.7027027027027026, 18.115942028985508, 6.25, 100.0, 20.0, 9.30232558139535, 34.78260869565217, 18.055555555555554, 16.666666666666664, 42.99065420560748, 21.311475409836063, 18.75, 30.303030303030305, 7.6923076923076925, 6.1946902654867255, 7.142857142857142, 7.000000000000001, 20.689655172413794, 22.023809523809522, 28.143712574850298, 38.88888888888889, 38.46153846153847, 10.638297872340425, 14.40677966101695, 4.395604395604396, 21.53846153846154, 21.973094170403588, 7.894736842105263, 32.0, 11.891891891891893, 29.166666666666668, 3.361344537815126, 35.08771929824561, 8.108108108108109, 48.97959183673469, 9.30232558139535, 21.50537634408602, 14.285714285714285, 37.5, 18.75, 6.25, 5.263157894736842, 9.75609756097561, 10.526315789473683, 7.8431372549019605]
RMSE: 18.62339306438999 [49, 529, 25, 25, 196, 144, 25, 676, 576, 841, 225, 16, 1, 441, 25, 100, 676, 2025, 9, 49, 1296, 81, 484, 1, 1936, 9, 9, 16, 81, 25, 529, 16, 256, 361, 1225, 441, 841, 1, 36, 1, 121, 225, 2304, 36, 1, 144, 49, 441, 961, 1089, 25, 9, 4, 1, 361, 9, 729, 784, 144, 121, 100, 121, 256, 1521, 1, 1, 256, 121, 81, 729, 169, 529, 576, 81, 36, 100, 25, 144, 196, 144, 121, 1, 225, 1444, 1, 4, 625, 36, 324, 169, 16, 256, 169, 196, 2116, 169, 9, 900, 36, 49, 16, 49, 36, 1369, 2209, 196, 100, 25, 289, 16, 196, 2401, 36, 1600, 484, 196, 16, 400, 9, 576, 16, 400, 25, 324, 81, 9, 9, 16, 64, 16]

pred: 12449 [53, 263, 88, 131, 87, 50, 51, 128, 78, 113, 149, 33, 31, 75, 61, 36, 242, 124, 170, 65, 132, 90, 148, 50, 139, 29, 120, 47, 177, 197, 137, 100, 109, 80, 269, 85, 97, 31, 64, 48, 51, 142, 129, 43, 33, 81, 39, 79, 114, 155, 49, 105, 73, 22, 68, 22, 125, 104, 67, 108, 290, 61, 164, 134, 125, 32, 91, 223, 129, 75, 190, 133, 101, 39, 45, 36, 44, 155, 72, 35, 52, 33, 136, 169, 262, 76, 163, 90, 0, 78, 47, 62, 85, 98, 153, 74, 19, 69, 72, 120, 60, 107, 35, 205, 214, 50, 36, 52, 101, 95, 79, 174, 82, 165, 207, 62, 123, 77, 34, 73, 47, 113, 40, 66, 39, 51, 60, 45, 84, 55]
real: 11073 [46, 240, 93, 136, 73, 38, 46, 102, 54, 84, 134, 29, 30, 54, 56, 26, 268, 79, 173, 58, 96, 81, 126, 49, 95, 26, 123, 43, 168, 202, 114, 96, 93, 61, 234, 64, 68, 30, 58, 47, 40, 127, 81, 49, 32, 69, 46, 58, 83, 122, 44, 102, 71, 23, 49, 19, 98, 76, 55, 97, 280, 50, 148, 95, 124, 31, 75, 212, 120, 48, 203, 110, 77, 30, 39, 26, 39, 167, 58, 47, 41, 32, 121, 131, 263, 74, 138, 96, 18, 65, 43, 46, 72, 84, 107, 61, 16, 99, 78, 113, 56, 100, 29, 168, 167, 36, 26, 47, 118, 91, 65, 223, 76, 125, 185, 48, 119, 57, 37, 49, 43, 93, 35, 48, 48, 48, 57, 41, 76, 51]

grid_scale: 0.5
resize_scale: 0.5
confiance: 0.55

random_seed: 1011
data_augmentation: True
samples: 130
