MAE: 11.646153846153846 [2, 32, 16, 6, 3, 5, 5, 24, 1, 4, 4, 2, 9, 4, 2, 3, 102, 11, 8, 9, 8, 2, 76, 8, 10, 2, 0, 4, 19, 21, 9, 5, 14, 1, 120, 4, 3, 5, 7, 1, 3, 13, 1, 11, 3, 11, 3, 1, 4, 2, 6, 17, 0, 2, 3, 1, 10, 2, 19, 7, 110, 6, 18, 10, 6, 2, 6, 118, 7, 4, 39, 8, 3, 1, 10, 7, 9, 16, 9, 3, 34, 3, 5, 44, 67, 0, 29, 3, 8, 13, 4, 1, 1, 2, 8, 7, 6, 1, 4, 4, 3, 2, 8, 10, 3, 6, 6, 3, 8, 0, 5, 16, 9, 7, 21, 20, 13, 3, 2, 4, 4, 2, 3, 9, 3, 3, 4, 3, 4, 4]
MAPE: 12.281408712359157 [4.3478260869565215, 13.333333333333334, 17.20430107526882, 4.411764705882353, 4.10958904109589, 13.157894736842104, 10.869565217391305, 23.52941176470588, 1.8518518518518516, 4.761904761904762, 2.9850746268656714, 6.896551724137931, 30.0, 7.4074074074074066, 3.571428571428571, 11.538461538461538, 38.059701492537314, 13.924050632911392, 4.624277456647398, 15.517241379310345, 8.333333333333332, 2.4691358024691357, 60.317460317460316, 16.3265306122449, 10.526315789473683, 7.6923076923076925, 0.0, 9.30232558139535, 11.30952380952381, 10.396039603960396, 7.894736842105263, 5.208333333333334, 15.053763440860216, 1.639344262295082, 51.28205128205128, 6.25, 4.411764705882353, 16.666666666666664, 12.068965517241379, 2.127659574468085, 7.5, 10.236220472440944, 1.2345679012345678, 22.448979591836736, 9.375, 15.942028985507244, 6.521739130434782, 1.7241379310344827, 4.819277108433735, 1.639344262295082, 13.636363636363635, 16.666666666666664, 0.0, 8.695652173913043, 6.122448979591836, 5.263157894736842, 10.204081632653061, 2.631578947368421, 34.54545454545455, 7.216494845360824, 39.285714285714285, 12.0, 12.162162162162163, 10.526315789473683, 4.838709677419355, 6.451612903225806, 8.0, 55.660377358490564, 5.833333333333333, 8.333333333333332, 19.21182266009852, 7.2727272727272725, 3.896103896103896, 3.3333333333333335, 25.64102564102564, 26.923076923076923, 23.076923076923077, 9.580838323353294, 15.517241379310345, 6.382978723404255, 82.92682926829268, 9.375, 4.132231404958678, 33.587786259541986, 25.475285171102662, 0.0, 21.014492753623188, 3.125, 44.44444444444444, 20.0, 9.30232558139535, 2.1739130434782608, 1.3888888888888888, 2.380952380952381, 7.476635514018691, 11.475409836065573, 37.5, 1.0101010101010102, 5.128205128205128, 3.5398230088495577, 5.357142857142857, 2.0, 27.586206896551722, 5.952380952380952, 1.7964071856287425, 16.666666666666664, 23.076923076923077, 6.382978723404255, 6.779661016949152, 0.0, 7.6923076923076925, 7.174887892376682, 11.842105263157894, 5.6000000000000005, 11.351351351351353, 41.66666666666667, 10.92436974789916, 5.263157894736842, 5.405405405405405, 8.16326530612245, 9.30232558139535, 2.1505376344086025, 8.571428571428571, 18.75, 6.25, 6.25, 7.017543859649122, 7.317073170731707, 5.263157894736842, 7.8431372549019605]
RMSE: 24.080314334774336 [4, 1024, 256, 36, 9, 25, 25, 576, 1, 16, 16, 4, 81, 16, 4, 9, 10404, 121, 64, 81, 64, 4, 5776, 64, 100, 4, 0, 16, 361, 441, 81, 25, 196, 1, 14400, 16, 9, 25, 49, 1, 9, 169, 1, 121, 9, 121, 9, 1, 16, 4, 36, 289, 0, 4, 9, 1, 100, 4, 361, 49, 12100, 36, 324, 100, 36, 4, 36, 13924, 49, 16, 1521, 64, 9, 1, 100, 49, 81, 256, 81, 9, 1156, 9, 25, 1936, 4489, 0, 841, 9, 64, 169, 16, 1, 1, 4, 64, 49, 36, 1, 16, 16, 9, 4, 64, 100, 9, 36, 36, 9, 64, 0, 25, 256, 81, 49, 441, 400, 169, 9, 4, 16, 16, 4, 9, 81, 9, 9, 16, 9, 16, 16]

pred: 12175 [48, 272, 77, 142, 76, 43, 41, 126, 53, 88, 138, 27, 21, 58, 58, 29, 370, 90, 181, 67, 104, 83, 202, 57, 105, 28, 123, 39, 187, 223, 123, 101, 107, 60, 354, 68, 71, 25, 51, 46, 43, 114, 80, 60, 29, 58, 43, 59, 87, 120, 50, 85, 71, 25, 46, 20, 108, 78, 74, 104, 390, 44, 166, 105, 130, 33, 81, 330, 113, 52, 242, 118, 74, 29, 29, 33, 48, 183, 49, 44, 75, 35, 116, 175, 330, 74, 167, 93, 10, 52, 39, 45, 73, 86, 115, 68, 22, 100, 82, 117, 59, 102, 37, 178, 170, 42, 32, 50, 110, 91, 60, 239, 85, 132, 206, 68, 132, 60, 35, 53, 47, 95, 32, 57, 45, 51, 53, 44, 80, 47]
real: 11073 [46, 240, 93, 136, 73, 38, 46, 102, 54, 84, 134, 29, 30, 54, 56, 26, 268, 79, 173, 58, 96, 81, 126, 49, 95, 26, 123, 43, 168, 202, 114, 96, 93, 61, 234, 64, 68, 30, 58, 47, 40, 127, 81, 49, 32, 69, 46, 58, 83, 122, 44, 102, 71, 23, 49, 19, 98, 76, 55, 97, 280, 50, 148, 95, 124, 31, 75, 212, 120, 48, 203, 110, 77, 30, 39, 26, 39, 167, 58, 47, 41, 32, 121, 131, 263, 74, 138, 96, 18, 65, 43, 46, 72, 84, 107, 61, 16, 99, 78, 113, 56, 100, 29, 168, 167, 36, 26, 47, 118, 91, 65, 223, 76, 125, 185, 48, 119, 57, 37, 49, 43, 93, 35, 48, 48, 48, 57, 41, 76, 51]

grid_scale: 0.2
resize_scale: 0.5
confiance: 0.7

random_seed: 1011
data_augmentation: True
samples: 130
