MAE: 10.784615384615385 [5, 55, 11, 15, 4, 4, 2, 45, 3, 17, 19, 2, 2, 9, 4, 1, 45, 36, 7, 5, 11, 11, 4, 4, 15, 2, 12, 4, 34, 12, 12, 2, 12, 7, 26, 5, 10, 3, 3, 3, 8, 3, 25, 7, 6, 7, 1, 14, 12, 10, 5, 9, 5, 3, 12, 2, 23, 12, 3, 21, 25, 6, 5, 24, 23, 2, 5, 22, 9, 5, 38, 27, 8, 2, 0, 3, 4, 2, 13, 2, 27, 1, 9, 16, 30, 6, 51, 1, 18, 0, 3, 4, 2, 5, 31, 13, 5, 21, 0, 1, 8, 13, 7, 33, 43, 0, 11, 1, 8, 3, 5, 2, 7, 8, 10, 8, 6, 16, 2, 9, 2, 8, 0, 8, 11, 5, 6, 3, 19, 0]
MAPE: 13.199215683016687 [10.869565217391305, 22.916666666666664, 11.827956989247312, 11.029411764705882, 5.47945205479452, 10.526315789473683, 4.3478260869565215, 44.11764705882353, 5.555555555555555, 20.238095238095237, 14.17910447761194, 6.896551724137931, 6.666666666666667, 16.666666666666664, 7.142857142857142, 3.8461538461538463, 16.791044776119403, 45.56962025316456, 4.046242774566474, 8.620689655172415, 11.458333333333332, 13.580246913580247, 3.1746031746031744, 8.16326530612245, 15.789473684210526, 7.6923076923076925, 9.75609756097561, 9.30232558139535, 20.238095238095237, 5.9405940594059405, 10.526315789473683, 2.083333333333333, 12.903225806451612, 11.475409836065573, 11.11111111111111, 7.8125, 14.705882352941178, 10.0, 5.172413793103448, 6.382978723404255, 20.0, 2.3622047244094486, 30.864197530864196, 14.285714285714285, 18.75, 10.144927536231885, 2.1739130434782608, 24.137931034482758, 14.457831325301203, 8.19672131147541, 11.363636363636363, 8.823529411764707, 7.042253521126761, 13.043478260869565, 24.489795918367346, 10.526315789473683, 23.46938775510204, 15.789473684210526, 5.454545454545454, 21.649484536082475, 8.928571428571429, 12.0, 3.3783783783783785, 25.263157894736842, 18.548387096774192, 6.451612903225806, 6.666666666666667, 10.377358490566039, 7.5, 10.416666666666668, 18.7192118226601, 24.545454545454547, 10.38961038961039, 6.666666666666667, 0.0, 11.538461538461538, 10.256410256410255, 1.1976047904191618, 22.413793103448278, 4.25531914893617, 65.85365853658537, 3.125, 7.43801652892562, 12.213740458015266, 11.406844106463879, 8.108108108108109, 36.95652173913043, 1.0416666666666665, 100.0, 0.0, 6.976744186046512, 8.695652173913043, 2.7777777777777777, 5.952380952380952, 28.971962616822427, 21.311475409836063, 31.25, 21.21212121212121, 0.0, 0.8849557522123894, 14.285714285714285, 13.0, 24.137931034482758, 19.642857142857142, 25.748502994011975, 0.0, 42.30769230769231, 2.127659574468085, 6.779661016949152, 3.296703296703297, 7.6923076923076925, 0.8968609865470852, 9.210526315789473, 6.4, 5.405405405405405, 16.666666666666664, 5.042016806722689, 28.07017543859649, 5.405405405405405, 18.367346938775512, 4.651162790697675, 8.60215053763441, 0.0, 16.666666666666664, 22.916666666666664, 10.416666666666668, 10.526315789473683, 7.317073170731707, 25.0, 0.0]
RMSE: 15.602761096874932 [25, 3025, 121, 225, 16, 16, 4, 2025, 9, 289, 361, 4, 4, 81, 16, 1, 2025, 1296, 49, 25, 121, 121, 16, 16, 225, 4, 144, 16, 1156, 144, 144, 4, 144, 49, 676, 25, 100, 9, 9, 9, 64, 9, 625, 49, 36, 49, 1, 196, 144, 100, 25, 81, 25, 9, 144, 4, 529, 144, 9, 441, 625, 36, 25, 576, 529, 4, 25, 484, 81, 25, 1444, 729, 64, 4, 0, 9, 16, 4, 169, 4, 729, 1, 81, 256, 900, 36, 2601, 1, 324, 0, 9, 16, 4, 25, 961, 169, 25, 441, 0, 1, 64, 169, 49, 1089, 1849, 0, 121, 1, 64, 9, 25, 4, 49, 64, 100, 64, 36, 256, 4, 81, 4, 64, 0, 64, 121, 25, 36, 9, 361, 0]

pred: 12185 [41, 295, 104, 151, 77, 42, 48, 147, 57, 101, 153, 31, 32, 63, 60, 27, 313, 115, 180, 53, 107, 92, 130, 45, 110, 24, 111, 39, 202, 214, 126, 94, 105, 68, 260, 69, 78, 33, 55, 44, 48, 130, 106, 56, 38, 76, 45, 72, 95, 132, 49, 93, 66, 26, 61, 21, 121, 88, 58, 118, 305, 56, 153, 119, 147, 29, 80, 234, 129, 53, 241, 137, 85, 28, 39, 29, 43, 165, 71, 45, 68, 33, 130, 147, 293, 68, 189, 95, 0, 65, 46, 50, 74, 79, 138, 74, 21, 78, 78, 112, 64, 113, 36, 201, 210, 36, 37, 46, 126, 94, 70, 221, 83, 133, 175, 56, 113, 73, 39, 58, 45, 101, 35, 56, 37, 53, 63, 44, 95, 51]
real: 11073 [46, 240, 93, 136, 73, 38, 46, 102, 54, 84, 134, 29, 30, 54, 56, 26, 268, 79, 173, 58, 96, 81, 126, 49, 95, 26, 123, 43, 168, 202, 114, 96, 93, 61, 234, 64, 68, 30, 58, 47, 40, 127, 81, 49, 32, 69, 46, 58, 83, 122, 44, 102, 71, 23, 49, 19, 98, 76, 55, 97, 280, 50, 148, 95, 124, 31, 75, 212, 120, 48, 203, 110, 77, 30, 39, 26, 39, 167, 58, 47, 41, 32, 121, 131, 263, 74, 138, 96, 18, 65, 43, 46, 72, 84, 107, 61, 16, 99, 78, 113, 56, 100, 29, 168, 167, 36, 26, 47, 118, 91, 65, 223, 76, 125, 185, 48, 119, 57, 37, 49, 43, 93, 35, 48, 48, 48, 57, 41, 76, 51]

grid_scale: 0.4
resize_scale: 0.5
confiance: 0.65

random_seed: 1011
data_augmentation: True
samples: 130
