MAE: 11.569230769230769 [2, 10, 23, 1, 14, 5, 2, 13, 2, 25, 5, 3, 5, 19, 16, 7, 10, 29, 2, 6, 32, 2, 6, 2, 19, 2, 4, 1, 11, 39, 12, 2, 34, 13, 1, 18, 21, 2, 2, 1, 6, 0, 35, 6, 7, 7, 3, 13, 37, 21, 8, 5, 9, 1, 9, 2, 21, 25, 2, 28, 19, 2, 7, 24, 12, 0, 13, 9, 1, 29, 15, 4, 15, 1, 2, 3, 7, 4, 17, 29, 11, 1, 10, 18, 38, 2, 16, 21, 17, 1, 1, 13, 2, 7, 49, 18, 3, 38, 9, 17, 3, 3, 3, 26, 14, 9, 5, 15, 11, 1, 2, 41, 0, 18, 25, 11, 24, 20, 4, 20, 0, 21, 2, 13, 16, 3, 9, 7, 2, 3]
MAPE: 15.571262226980414 [4.3478260869565215, 4.166666666666666, 24.731182795698924, 0.7352941176470588, 19.17808219178082, 13.157894736842104, 4.3478260869565215, 12.745098039215685, 3.7037037037037033, 29.761904761904763, 3.731343283582089, 10.344827586206897, 16.666666666666664, 35.18518518518518, 28.57142857142857, 26.923076923076923, 3.731343283582089, 36.708860759493675, 1.1560693641618496, 10.344827586206897, 33.33333333333333, 2.4691358024691357, 4.761904761904762, 4.081632653061225, 20.0, 7.6923076923076925, 3.2520325203252036, 2.3255813953488373, 6.547619047619048, 19.306930693069308, 10.526315789473683, 2.083333333333333, 36.55913978494624, 21.311475409836063, 0.4273504273504274, 28.125, 30.88235294117647, 6.666666666666667, 3.4482758620689653, 2.127659574468085, 15.0, 0.0, 43.20987654320987, 12.244897959183673, 21.875, 10.144927536231885, 6.521739130434782, 22.413793103448278, 44.57831325301205, 17.21311475409836, 18.181818181818183, 4.901960784313726, 12.676056338028168, 4.3478260869565215, 18.367346938775512, 10.526315789473683, 21.428571428571427, 32.89473684210527, 3.6363636363636362, 28.865979381443296, 6.785714285714286, 4.0, 4.72972972972973, 25.263157894736842, 9.67741935483871, 0.0, 17.333333333333336, 4.245283018867925, 0.8333333333333334, 60.416666666666664, 7.389162561576355, 3.6363636363636362, 19.480519480519483, 3.3333333333333335, 5.128205128205128, 11.538461538461538, 17.94871794871795, 2.3952095808383236, 29.310344827586203, 61.702127659574465, 26.82926829268293, 3.125, 8.264462809917356, 13.740458015267176, 14.44866920152091, 2.7027027027027026, 11.594202898550725, 21.875, 94.44444444444444, 1.5384615384615385, 2.3255813953488373, 28.26086956521739, 2.7777777777777777, 8.333333333333332, 45.794392523364486, 29.508196721311474, 18.75, 38.38383838383838, 11.538461538461538, 15.04424778761062, 5.357142857142857, 3.0, 10.344827586206897, 15.476190476190476, 8.383233532934131, 25.0, 19.230769230769234, 31.914893617021278, 9.322033898305085, 1.098901098901099, 3.076923076923077, 18.385650224215247, 0.0, 14.399999999999999, 13.513513513513514, 22.916666666666664, 20.168067226890756, 35.08771929824561, 10.81081081081081, 40.816326530612244, 0.0, 22.58064516129032, 5.714285714285714, 27.083333333333332, 33.33333333333333, 6.25, 15.789473684210526, 17.073170731707318, 2.631578947368421, 5.88235294117647]
RMSE: 15.7797338380595 [4, 100, 529, 1, 196, 25, 4, 169, 4, 625, 25, 9, 25, 361, 256, 49, 100, 841, 4, 36, 1024, 4, 36, 4, 361, 4, 16, 1, 121, 1521, 144, 4, 1156, 169, 1, 324, 441, 4, 4, 1, 36, 0, 1225, 36, 49, 49, 9, 169, 1369, 441, 64, 25, 81, 1, 81, 4, 441, 625, 4, 784, 361, 4, 49, 576, 144, 0, 169, 81, 1, 841, 225, 16, 225, 1, 4, 9, 49, 16, 289, 841, 121, 1, 100, 324, 1444, 4, 256, 441, 289, 1, 1, 169, 4, 49, 2401, 324, 9, 1444, 81, 289, 9, 9, 9, 676, 196, 81, 25, 225, 121, 1, 4, 1681, 0, 324, 625, 121, 576, 400, 16, 400, 0, 441, 4, 169, 256, 9, 81, 49, 4, 9]

pred: 11477 [44, 230, 70, 137, 87, 43, 48, 115, 52, 109, 129, 32, 25, 73, 72, 33, 258, 108, 175, 64, 128, 79, 120, 51, 114, 28, 119, 44, 157, 163, 126, 94, 127, 74, 233, 82, 89, 28, 60, 46, 46, 127, 116, 43, 25, 76, 43, 71, 120, 143, 52, 107, 62, 24, 58, 21, 119, 101, 53, 125, 261, 52, 141, 119, 112, 31, 88, 203, 121, 77, 188, 114, 92, 29, 41, 29, 46, 163, 75, 18, 52, 33, 111, 149, 225, 72, 154, 75, 1, 66, 42, 59, 70, 91, 156, 79, 19, 61, 69, 96, 53, 103, 32, 194, 181, 45, 31, 32, 107, 90, 63, 182, 76, 143, 160, 59, 95, 77, 33, 69, 43, 114, 37, 61, 32, 45, 66, 48, 74, 54]
real: 11073 [46, 240, 93, 136, 73, 38, 46, 102, 54, 84, 134, 29, 30, 54, 56, 26, 268, 79, 173, 58, 96, 81, 126, 49, 95, 26, 123, 43, 168, 202, 114, 96, 93, 61, 234, 64, 68, 30, 58, 47, 40, 127, 81, 49, 32, 69, 46, 58, 83, 122, 44, 102, 71, 23, 49, 19, 98, 76, 55, 97, 280, 50, 148, 95, 124, 31, 75, 212, 120, 48, 203, 110, 77, 30, 39, 26, 39, 167, 58, 47, 41, 32, 121, 131, 263, 74, 138, 96, 18, 65, 43, 46, 72, 84, 107, 61, 16, 99, 78, 113, 56, 100, 29, 168, 167, 36, 26, 47, 118, 91, 65, 223, 76, 125, 185, 48, 119, 57, 37, 49, 43, 93, 35, 48, 48, 48, 57, 41, 76, 51]

grid_scale: 0.5
resize_scale: 0.5
confiance: 0.65

random_seed: 1011
data_augmentation: True
samples: 130
