MAE: 13.4 [5, 55, 5, 2, 17, 1, 1, 37, 0, 30, 22, 1, 0, 6, 7, 3, 62, 47, 7, 1, 19, 13, 21, 0, 23, 4, 4, 0, 12, 15, 22, 5, 34, 11, 80, 9, 13, 0, 2, 1, 7, 15, 41, 3, 2, 8, 4, 7, 17, 15, 2, 3, 8, 1, 8, 3, 21, 13, 9, 14, 32, 1, 12, 47, 16, 1, 2, 40, 1, 14, 60, 32, 4, 5, 6, 2, 15, 2, 18, 0, 30, 1, 21, 43, 47, 5, 29, 2, 17, 1, 6, 6, 3, 4, 35, 9, 1, 13, 5, 9, 5, 22, 6, 39, 45, 2, 7, 6, 16, 5, 10, 13, 3, 15, 9, 20, 17, 18, 4, 18, 7, 12, 4, 11, 4, 12, 10, 3, 4, 0]
MAPE: 15.37330123034461 [10.869565217391305, 22.916666666666664, 5.376344086021505, 1.4705882352941175, 23.28767123287671, 2.631578947368421, 2.1739130434782608, 36.27450980392157, 0.0, 35.714285714285715, 16.417910447761194, 3.4482758620689653, 0.0, 11.11111111111111, 12.5, 11.538461538461538, 23.134328358208954, 59.49367088607595, 4.046242774566474, 1.7241379310344827, 19.791666666666664, 16.049382716049383, 16.666666666666664, 0.0, 24.210526315789473, 15.384615384615385, 3.2520325203252036, 0.0, 7.142857142857142, 7.425742574257425, 19.298245614035086, 5.208333333333334, 36.55913978494624, 18.0327868852459, 34.18803418803419, 14.0625, 19.11764705882353, 0.0, 3.4482758620689653, 2.127659574468085, 17.5, 11.811023622047244, 50.617283950617285, 6.122448979591836, 6.25, 11.594202898550725, 8.695652173913043, 12.068965517241379, 20.481927710843372, 12.295081967213115, 4.545454545454546, 2.941176470588235, 11.267605633802818, 4.3478260869565215, 16.3265306122449, 15.789473684210526, 21.428571428571427, 17.105263157894736, 16.363636363636363, 14.432989690721648, 11.428571428571429, 2.0, 8.108108108108109, 49.473684210526315, 12.903225806451612, 3.225806451612903, 2.666666666666667, 18.867924528301888, 0.8333333333333334, 29.166666666666668, 29.55665024630542, 29.09090909090909, 5.194805194805195, 16.666666666666664, 15.384615384615385, 7.6923076923076925, 38.46153846153847, 1.1976047904191618, 31.03448275862069, 0.0, 73.17073170731707, 3.125, 17.355371900826448, 32.82442748091603, 17.870722433460077, 6.756756756756757, 21.014492753623188, 2.083333333333333, 94.44444444444444, 1.5384615384615385, 13.953488372093023, 13.043478260869565, 4.166666666666666, 4.761904761904762, 32.71028037383177, 14.754098360655737, 6.25, 13.131313131313133, 6.41025641025641, 7.964601769911504, 8.928571428571429, 22.0, 20.689655172413794, 23.214285714285715, 26.94610778443114, 5.555555555555555, 26.923076923076923, 12.76595744680851, 13.559322033898304, 5.4945054945054945, 15.384615384615385, 5.829596412556054, 3.9473684210526314, 12.0, 4.864864864864865, 41.66666666666667, 14.285714285714285, 31.57894736842105, 10.81081081081081, 36.734693877551024, 16.27906976744186, 12.903225806451612, 11.428571428571429, 22.916666666666664, 8.333333333333332, 25.0, 17.543859649122805, 7.317073170731707, 5.263157894736842, 0.0]
RMSE: 20.049553994655724 [25, 3025, 25, 4, 289, 1, 1, 1369, 0, 900, 484, 1, 0, 36, 49, 9, 3844, 2209, 49, 1, 361, 169, 441, 0, 529, 16, 16, 0, 144, 225, 484, 25, 1156, 121, 6400, 81, 169, 0, 4, 1, 49, 225, 1681, 9, 4, 64, 16, 49, 289, 225, 4, 9, 64, 1, 64, 9, 441, 169, 81, 196, 1024, 1, 144, 2209, 256, 1, 4, 1600, 1, 196, 3600, 1024, 16, 25, 36, 4, 225, 4, 324, 0, 900, 1, 441, 1849, 2209, 25, 841, 4, 289, 1, 36, 36, 9, 16, 1225, 81, 1, 169, 25, 81, 25, 484, 36, 1521, 2025, 4, 49, 36, 256, 25, 100, 169, 9, 225, 81, 400, 289, 324, 16, 324, 49, 144, 16, 121, 16, 144, 100, 9, 16, 0]

pred: 12659 [51, 295, 98, 138, 90, 39, 45, 139, 54, 114, 156, 30, 30, 60, 63, 29, 330, 126, 180, 59, 115, 94, 147, 49, 118, 30, 119, 43, 180, 217, 136, 101, 127, 72, 314, 73, 81, 30, 56, 46, 47, 142, 122, 52, 34, 77, 42, 65, 100, 137, 46, 99, 79, 24, 57, 22, 119, 89, 64, 111, 312, 51, 160, 142, 140, 30, 77, 252, 119, 62, 263, 142, 73, 35, 45, 28, 54, 169, 76, 47, 71, 33, 142, 174, 310, 79, 167, 98, 1, 64, 49, 52, 75, 88, 142, 70, 17, 86, 83, 122, 61, 122, 35, 207, 212, 38, 33, 41, 134, 96, 75, 236, 79, 140, 176, 68, 136, 75, 33, 67, 50, 105, 31, 59, 52, 60, 67, 38, 80, 51]
real: 11073 [46, 240, 93, 136, 73, 38, 46, 102, 54, 84, 134, 29, 30, 54, 56, 26, 268, 79, 173, 58, 96, 81, 126, 49, 95, 26, 123, 43, 168, 202, 114, 96, 93, 61, 234, 64, 68, 30, 58, 47, 40, 127, 81, 49, 32, 69, 46, 58, 83, 122, 44, 102, 71, 23, 49, 19, 98, 76, 55, 97, 280, 50, 148, 95, 124, 31, 75, 212, 120, 48, 203, 110, 77, 30, 39, 26, 39, 167, 58, 47, 41, 32, 121, 131, 263, 74, 138, 96, 18, 65, 43, 46, 72, 84, 107, 61, 16, 99, 78, 113, 56, 100, 29, 168, 167, 36, 26, 47, 118, 91, 65, 223, 76, 125, 185, 48, 119, 57, 37, 49, 43, 93, 35, 48, 48, 48, 57, 41, 76, 51]

grid_scale: 0.4
resize_scale: 0.5
confiance: 0.55

random_seed: 1011
data_augmentation: True
samples: 130
