MAE: 11.584615384615384 [7, 47, 2, 21, 6, 10, 4, 33, 8, 20, 12, 2, 4, 22, 14, 4, 1, 33, 14, 6, 26, 13, 0, 2, 19, 4, 2, 3, 12, 2, 21, 1, 10, 8, 34, 25, 26, 0, 2, 3, 5, 4, 43, 14, 3, 0, 1, 9, 15, 16, 8, 0, 1, 5, 4, 3, 18, 12, 17, 2, 26, 5, 25, 34, 7, 2, 13, 72, 14, 9, 43, 26, 8, 0, 2, 6, 6, 12, 15, 5, 34, 5, 7, 37, 10, 6, 31, 5, 17, 2, 3, 1, 7, 1, 26, 2, 2, 0, 5, 19, 5, 13, 5, 25, 53, 7, 7, 6, 4, 0, 6, 9, 14, 16, 10, 11, 2, 23, 0, 8, 3, 13, 3, 19, 5, 8, 2, 3, 12, 1]
MAPE: 14.887280770605063 [15.217391304347828, 19.583333333333332, 2.1505376344086025, 15.441176470588236, 8.21917808219178, 26.31578947368421, 8.695652173913043, 32.35294117647059, 14.814814814814813, 23.809523809523807, 8.955223880597014, 6.896551724137931, 13.333333333333334, 40.74074074074074, 25.0, 15.384615384615385, 0.3731343283582089, 41.77215189873418, 8.092485549132949, 10.344827586206897, 27.083333333333332, 16.049382716049383, 0.0, 4.081632653061225, 20.0, 15.384615384615385, 1.6260162601626018, 6.976744186046512, 7.142857142857142, 0.9900990099009901, 18.421052631578945, 1.0416666666666665, 10.75268817204301, 13.114754098360656, 14.529914529914532, 39.0625, 38.23529411764706, 0.0, 3.4482758620689653, 6.382978723404255, 12.5, 3.149606299212598, 53.086419753086425, 28.57142857142857, 9.375, 0.0, 2.1739130434782608, 15.517241379310345, 18.072289156626507, 13.114754098360656, 18.181818181818183, 0.0, 1.4084507042253522, 21.73913043478261, 8.16326530612245, 15.789473684210526, 18.367346938775512, 15.789473684210526, 30.909090909090907, 2.0618556701030926, 9.285714285714286, 10.0, 16.89189189189189, 35.78947368421053, 5.64516129032258, 6.451612903225806, 17.333333333333336, 33.9622641509434, 11.666666666666666, 18.75, 21.182266009852217, 23.636363636363637, 10.38961038961039, 0.0, 5.128205128205128, 23.076923076923077, 15.384615384615385, 7.18562874251497, 25.862068965517242, 10.638297872340425, 82.92682926829268, 15.625, 5.785123966942149, 28.24427480916031, 3.802281368821293, 8.108108108108109, 22.463768115942027, 5.208333333333334, 94.44444444444444, 3.076923076923077, 6.976744186046512, 2.1739130434782608, 9.722222222222223, 1.1904761904761905, 24.299065420560748, 3.278688524590164, 12.5, 0.0, 6.41025641025641, 16.8141592920354, 8.928571428571429, 13.0, 17.24137931034483, 14.880952380952381, 31.736526946107784, 19.444444444444446, 26.923076923076923, 12.76595744680851, 3.389830508474576, 0.0, 9.230769230769232, 4.0358744394618835, 18.421052631578945, 12.8, 5.405405405405405, 22.916666666666664, 1.680672268907563, 40.35087719298245, 0.0, 16.3265306122449, 6.976744186046512, 13.978494623655912, 8.571428571428571, 39.58333333333333, 10.416666666666668, 16.666666666666664, 3.508771929824561, 7.317073170731707, 15.789473684210526, 1.9607843137254901]
RMSE: 16.85686347319234 [49, 2209, 4, 441, 36, 100, 16, 1089, 64, 400, 144, 4, 16, 484, 196, 16, 1, 1089, 196, 36, 676, 169, 0, 4, 361, 16, 4, 9, 144, 4, 441, 1, 100, 64, 1156, 625, 676, 0, 4, 9, 25, 16, 1849, 196, 9, 0, 1, 81, 225, 256, 64, 0, 1, 25, 16, 9, 324, 144, 289, 4, 676, 25, 625, 1156, 49, 4, 169, 5184, 196, 81, 1849, 676, 64, 0, 4, 36, 36, 144, 225, 25, 1156, 25, 49, 1369, 100, 36, 961, 25, 289, 4, 9, 1, 49, 1, 676, 4, 4, 0, 25, 361, 25, 169, 25, 625, 2809, 49, 49, 36, 16, 0, 36, 81, 196, 256, 100, 121, 4, 529, 0, 64, 9, 169, 9, 361, 25, 64, 4, 9, 144, 1]

pred: 12425 [53, 287, 95, 157, 79, 48, 50, 135, 62, 104, 146, 27, 26, 76, 70, 30, 269, 112, 187, 64, 122, 94, 126, 51, 114, 30, 121, 46, 180, 204, 135, 95, 103, 69, 268, 89, 94, 30, 60, 44, 45, 131, 124, 63, 35, 69, 45, 67, 98, 138, 52, 102, 70, 18, 53, 22, 116, 88, 72, 95, 306, 55, 173, 129, 131, 29, 88, 284, 134, 57, 246, 136, 85, 30, 37, 32, 45, 179, 73, 42, 75, 37, 128, 168, 273, 80, 169, 91, 1, 63, 40, 47, 79, 83, 133, 63, 18, 99, 73, 132, 61, 113, 34, 193, 220, 43, 33, 41, 114, 91, 71, 232, 90, 141, 195, 59, 121, 80, 37, 57, 46, 106, 32, 67, 53, 56, 59, 44, 88, 50]
real: 11073 [46, 240, 93, 136, 73, 38, 46, 102, 54, 84, 134, 29, 30, 54, 56, 26, 268, 79, 173, 58, 96, 81, 126, 49, 95, 26, 123, 43, 168, 202, 114, 96, 93, 61, 234, 64, 68, 30, 58, 47, 40, 127, 81, 49, 32, 69, 46, 58, 83, 122, 44, 102, 71, 23, 49, 19, 98, 76, 55, 97, 280, 50, 148, 95, 124, 31, 75, 212, 120, 48, 203, 110, 77, 30, 39, 26, 39, 167, 58, 47, 41, 32, 121, 131, 263, 74, 138, 96, 18, 65, 43, 46, 72, 84, 107, 61, 16, 99, 78, 113, 56, 100, 29, 168, 167, 36, 26, 47, 118, 91, 65, 223, 76, 125, 185, 48, 119, 57, 37, 49, 43, 93, 35, 48, 48, 48, 57, 41, 76, 51]

grid_scale: 0.4
resize_scale: 0.5
confiance: 0.6

random_seed: 1011
data_augmentation: True
samples: 130
