MAE: 11.73076923076923 [5, 43, 4, 20, 8, 6, 1, 31, 2, 8, 22, 1, 4, 5, 6, 5, 89, 21, 18, 8, 13, 0, 62, 4, 6, 1, 0, 1, 24, 10, 16, 2, 0, 7, 48, 18, 14, 2, 2, 0, 8, 3, 18, 4, 4, 7, 4, 18, 7, 3, 8, 3, 4, 0, 8, 3, 23, 4, 22, 13, 85, 1, 10, 21, 5, 4, 6, 88, 1, 12, 64, 22, 8, 0, 5, 6, 5, 8, 12, 2, 13, 1, 1, 31, 81, 2, 26, 5, 17, 3, 5, 4, 3, 2, 10, 4, 4, 7, 3, 7, 3, 2, 5, 17, 25, 1, 8, 3, 10, 7, 8, 23, 7, 1, 26, 13, 1, 18, 2, 10, 11, 5, 2, 13, 2, 1, 1, 0, 4, 1]
MAPE: 12.805980176230829 [10.869565217391305, 17.916666666666668, 4.301075268817205, 14.705882352941178, 10.95890410958904, 15.789473684210526, 2.1739130434782608, 30.392156862745097, 3.7037037037037033, 9.523809523809524, 16.417910447761194, 3.4482758620689653, 13.333333333333334, 9.25925925925926, 10.714285714285714, 19.230769230769234, 33.2089552238806, 26.582278481012654, 10.404624277456648, 13.793103448275861, 13.541666666666666, 0.0, 49.2063492063492, 8.16326530612245, 6.315789473684211, 3.8461538461538463, 0.0, 2.3255813953488373, 14.285714285714285, 4.9504950495049505, 14.035087719298245, 2.083333333333333, 0.0, 11.475409836065573, 20.51282051282051, 28.125, 20.588235294117645, 6.666666666666667, 3.4482758620689653, 0.0, 20.0, 2.3622047244094486, 22.22222222222222, 8.16326530612245, 12.5, 10.144927536231885, 8.695652173913043, 31.03448275862069, 8.433734939759036, 2.459016393442623, 18.181818181818183, 2.941176470588235, 5.633802816901409, 0.0, 16.3265306122449, 15.789473684210526, 23.46938775510204, 5.263157894736842, 40.0, 13.402061855670103, 30.357142857142854, 2.0, 6.756756756756757, 22.105263157894736, 4.032258064516129, 12.903225806451612, 8.0, 41.509433962264154, 0.8333333333333334, 25.0, 31.527093596059114, 20.0, 10.38961038961039, 0.0, 12.82051282051282, 23.076923076923077, 12.82051282051282, 4.790419161676647, 20.689655172413794, 4.25531914893617, 31.70731707317073, 3.125, 0.8264462809917356, 23.66412213740458, 30.798479087452474, 2.7027027027027026, 18.84057971014493, 5.208333333333334, 94.44444444444444, 4.615384615384616, 11.627906976744185, 8.695652173913043, 4.166666666666666, 2.380952380952381, 9.345794392523365, 6.557377049180328, 25.0, 7.07070707070707, 3.8461538461538463, 6.1946902654867255, 5.357142857142857, 2.0, 17.24137931034483, 10.119047619047619, 14.97005988023952, 2.7777777777777777, 30.76923076923077, 6.382978723404255, 8.47457627118644, 7.6923076923076925, 12.307692307692308, 10.31390134529148, 9.210526315789473, 0.8, 14.054054054054054, 27.083333333333332, 0.8403361344537815, 31.57894736842105, 5.405405405405405, 20.408163265306122, 25.581395348837212, 5.376344086021505, 5.714285714285714, 27.083333333333332, 4.166666666666666, 2.083333333333333, 1.7543859649122806, 0.0, 5.263157894736842, 1.9607843137254901]
RMSE: 20.750347541111765 [25, 1849, 16, 400, 64, 36, 1, 961, 4, 64, 484, 1, 16, 25, 36, 25, 7921, 441, 324, 64, 169, 0, 3844, 16, 36, 1, 0, 1, 576, 100, 256, 4, 0, 49, 2304, 324, 196, 4, 4, 0, 64, 9, 324, 16, 16, 49, 16, 324, 49, 9, 64, 9, 16, 0, 64, 9, 529, 16, 484, 169, 7225, 1, 100, 441, 25, 16, 36, 7744, 1, 144, 4096, 484, 64, 0, 25, 36, 25, 64, 144, 4, 169, 1, 1, 961, 6561, 4, 676, 25, 289, 9, 25, 16, 9, 4, 100, 16, 16, 49, 9, 49, 9, 4, 25, 289, 625, 1, 64, 9, 100, 49, 64, 529, 49, 1, 676, 169, 1, 324, 4, 100, 121, 25, 4, 169, 4, 1, 1, 0, 16, 1]

pred: 12438 [51, 283, 89, 156, 81, 44, 47, 133, 52, 92, 156, 28, 26, 59, 62, 31, 357, 100, 191, 66, 109, 81, 188, 53, 101, 27, 123, 42, 192, 212, 130, 98, 93, 68, 282, 82, 82, 28, 56, 47, 48, 130, 99, 53, 28, 76, 50, 76, 90, 125, 52, 99, 75, 23, 57, 22, 121, 80, 77, 110, 365, 51, 158, 116, 119, 27, 81, 300, 121, 60, 267, 132, 85, 30, 44, 32, 44, 175, 70, 45, 54, 31, 120, 162, 344, 76, 164, 101, 1, 62, 48, 50, 69, 82, 117, 65, 20, 92, 81, 120, 59, 102, 34, 185, 192, 35, 34, 44, 128, 98, 73, 246, 83, 126, 211, 61, 118, 75, 39, 59, 54, 98, 37, 61, 46, 49, 56, 41, 72, 52]
real: 11073 [46, 240, 93, 136, 73, 38, 46, 102, 54, 84, 134, 29, 30, 54, 56, 26, 268, 79, 173, 58, 96, 81, 126, 49, 95, 26, 123, 43, 168, 202, 114, 96, 93, 61, 234, 64, 68, 30, 58, 47, 40, 127, 81, 49, 32, 69, 46, 58, 83, 122, 44, 102, 71, 23, 49, 19, 98, 76, 55, 97, 280, 50, 148, 95, 124, 31, 75, 212, 120, 48, 203, 110, 77, 30, 39, 26, 39, 167, 58, 47, 41, 32, 121, 131, 263, 74, 138, 96, 18, 65, 43, 46, 72, 84, 107, 61, 16, 99, 78, 113, 56, 100, 29, 168, 167, 36, 26, 47, 118, 91, 65, 223, 76, 125, 185, 48, 119, 57, 37, 49, 43, 93, 35, 48, 48, 48, 57, 41, 76, 51]

grid_scale: 0.3
resize_scale: 0.5
confiance: 0.65

random_seed: 1011
data_augmentation: True
samples: 130
