MAE: 8.476923076923077 [4, 5, 2, 4, 2, 12, 8, 5, 2, 3, 15, 0, 4, 3, 11, 1, 72, 4, 3, 12, 72, 3, 6, 2, 7, 12, 9, 9, 6, 1, 0, 2, 4, 2, 5, 6, 1, 17, 16, 0, 3, 4, 5, 4, 5, 3, 12, 72, 1, 6, 2, 9, 78, 2, 10, 11, 2, 3, 5, 17, 1, 15, 1, 4, 5, 3, 2, 8, 4, 11, 8, 0, 2, 10, 0, 0, 14, 7, 3, 5, 1, 8, 4, 5, 2, 1, 4, 2, 4, 7, 27, 1, 20, 4, 0, 4, 3, 11, 0, 2, 30, 1, 9, 5, 2, 5, 6, 4, 0, 16, 4, 9, 5, 1, 1, 7, 5, 9, 19, 4, 0, 73, 34, 3, 6, 2, 10, 12, 0, 1]
MAPE: 9.87555797267171 [15.384615384615385, 5.263157894736842, 2.197802197802198, 13.793103448275861, 4.651162790697675, 9.6, 5.405405405405405, 10.869565217391305, 2.083333333333333, 5.357142857142857, 83.33333333333334, 0.0, 2.9850746268656714, 2.6548672566371683, 11.458333333333332, 2.127659574468085, 25.71428571428571, 7.017543859649122, 2.5210084033613445, 7.142857142857142, 33.9622641509434, 13.043478260869565, 7.792207792207792, 2.8169014084507045, 21.875, 25.0, 4.455445544554455, 10.714285714285714, 8.108108108108109, 0.9090909090909091, 0.0, 5.405405405405405, 6.896551724137931, 4.166666666666666, 2.7027027027027026, 4.838709677419355, 2.0408163265306123, 30.909090909090907, 13.114754098360656, 0.0, 2.631578947368421, 4.301075268817205, 6.172839506172839, 4.301075268817205, 10.638297872340425, 4.10958904109589, 10.0, 57.14285714285714, 3.125, 13.043478260869565, 4.878048780487805, 18.0, 29.1044776119403, 4.166666666666666, 4.484304932735426, 18.96551724137931, 4.081632653061225, 2.5423728813559325, 2.9940119760479043, 26.153846153846157, 2.3255813953488373, 11.811023622047244, 0.5952380952380952, 13.333333333333334, 8.771929824561402, 2.479338842975207, 1.8691588785046727, 8.421052631578947, 10.256410256410255, 15.942028985507244, 12.5, 0.0, 2.083333333333333, 5.9880239520958085, 0.0, 0.0, 46.666666666666664, 23.333333333333332, 5.172413793103448, 6.41025641025641, 1.3888888888888888, 8.080808080808081, 5.263157894736842, 14.285714285714285, 3.571428571428571, 1.4705882352941175, 8.695652173913043, 3.9215686274509802, 25.0, 12.068965517241379, 20.610687022900763, 1.639344262295082, 19.607843137254903, 8.695652173913043, 0.0, 4.0, 4.918032786885246, 10.784313725490197, 0.0, 0.8333333333333334, 14.77832512315271, 3.4482758620689653, 10.843373493975903, 9.25925925925926, 7.6923076923076925, 6.172839506172839, 6.122448979591836, 7.4074074074074066, 0.0, 17.20430107526882, 8.51063829787234, 12.0, 10.416666666666668, 3.225806451612903, 1.0309278350515463, 14.583333333333334, 26.31578947368421, 5.202312138728324, 46.34146341463415, 9.30232558139535, 0.0, 31.196581196581196, 12.927756653992395, 6.122448979591836, 7.59493670886076, 4.545454545454546, 7.246376811594203, 9.75609756097561, 0.0, 2.631578947368421]
RMSE: 16.566416445512704 [16, 25, 4, 16, 4, 144, 64, 25, 4, 9, 225, 0, 16, 9, 121, 1, 5184, 16, 9, 144, 5184, 9, 36, 4, 49, 144, 81, 81, 36, 1, 0, 4, 16, 4, 25, 36, 1, 289, 256, 0, 9, 16, 25, 16, 25, 9, 144, 5184, 1, 36, 4, 81, 6084, 4, 100, 121, 4, 9, 25, 289, 1, 225, 1, 16, 25, 9, 4, 64, 16, 121, 64, 0, 4, 100, 0, 0, 196, 49, 9, 25, 1, 64, 16, 25, 4, 1, 16, 4, 16, 49, 729, 1, 400, 16, 0, 16, 9, 121, 0, 4, 900, 1, 81, 25, 4, 25, 36, 16, 0, 256, 16, 81, 25, 1, 1, 49, 25, 81, 361, 16, 0, 5329, 1156, 9, 36, 4, 100, 144, 0, 1]

pred: 11449 [30, 100, 89, 33, 41, 113, 156, 41, 94, 53, 3, 39, 130, 116, 85, 48, 352, 53, 122, 180, 284, 26, 71, 69, 25, 60, 211, 93, 68, 111, 26, 39, 54, 46, 190, 118, 50, 72, 106, 36, 117, 97, 76, 89, 42, 76, 108, 198, 33, 40, 43, 41, 346, 46, 233, 47, 51, 115, 162, 48, 44, 112, 169, 26, 52, 118, 109, 103, 43, 58, 72, 84, 98, 177, 65, 49, 16, 23, 55, 73, 71, 91, 72, 30, 54, 67, 42, 49, 20, 65, 158, 60, 82, 50, 76, 104, 58, 113, 26, 242, 233, 28, 92, 49, 28, 76, 104, 58, 136, 77, 43, 66, 53, 30, 96, 55, 24, 182, 60, 47, 76, 307, 297, 52, 85, 42, 148, 111, 40, 37]
real: 11073 [26, 95, 91, 29, 43, 125, 148, 46, 96, 56, 18, 39, 134, 113, 96, 47, 280, 57, 119, 168, 212, 23, 77, 71, 32, 48, 202, 84, 74, 110, 26, 37, 58, 48, 185, 124, 49, 55, 122, 36, 114, 93, 81, 93, 47, 73, 120, 126, 32, 46, 41, 50, 268, 48, 223, 58, 49, 118, 167, 65, 43, 127, 168, 30, 57, 121, 107, 95, 39, 69, 64, 84, 96, 167, 65, 49, 30, 30, 58, 78, 72, 99, 76, 35, 56, 68, 46, 51, 16, 58, 131, 61, 102, 46, 76, 100, 61, 102, 26, 240, 203, 29, 83, 54, 26, 81, 98, 54, 136, 93, 47, 75, 48, 31, 97, 48, 19, 173, 41, 43, 76, 234, 263, 49, 79, 44, 138, 123, 40, 38]

grid_scale: 0.2
resize_scale: 0.5
confiance: 0.8

random_seed: 1011
data_augmentation: True
samples: 130
