MAE: 11.907692307692308 [4, 12, 17, 3, 5, 6, 6, 30, 6, 33, 1, 3, 4, 23, 9, 6, 3, 22, 10, 19, 10, 3, 13, 6, 11, 0, 8, 6, 2, 12, 22, 3, 30, 15, 21, 20, 25, 2, 14, 1, 8, 6, 54, 9, 3, 10, 0, 15, 27, 26, 1, 6, 2, 1, 8, 3, 27, 19, 14, 23, 15, 10, 1, 22, 3, 0, 0, 2, 22, 12, 2, 13, 33, 3, 7, 6, 11, 2, 19, 18, 11, 0, 5, 20, 10, 7, 21, 8, 17, 1, 5, 16, 11, 1, 42, 2, 4, 36, 3, 4, 2, 14, 4, 37, 28, 6, 8, 2, 27, 7, 4, 53, 9, 27, 40, 15, 23, 14, 2, 22, 8, 9, 4, 20, 7, 4, 5, 5, 0, 9]
MAPE: 16.252613779150934 [8.695652173913043, 5.0, 18.27956989247312, 2.2058823529411766, 6.8493150684931505, 15.789473684210526, 13.043478260869565, 29.411764705882355, 11.11111111111111, 39.285714285714285, 0.7462686567164178, 10.344827586206897, 13.333333333333334, 42.592592592592595, 16.071428571428573, 23.076923076923077, 1.1194029850746268, 27.848101265822784, 5.780346820809249, 32.758620689655174, 10.416666666666668, 3.7037037037037033, 10.317460317460316, 12.244897959183673, 11.578947368421053, 0.0, 6.504065040650407, 13.953488372093023, 1.1904761904761905, 5.9405940594059405, 19.298245614035086, 3.125, 32.25806451612903, 24.59016393442623, 8.974358974358974, 31.25, 36.76470588235294, 6.666666666666667, 24.137931034482758, 2.127659574468085, 20.0, 4.724409448818897, 66.66666666666666, 18.367346938775512, 9.375, 14.492753623188406, 0.0, 25.862068965517242, 32.53012048192771, 21.311475409836063, 2.272727272727273, 5.88235294117647, 2.8169014084507045, 4.3478260869565215, 16.3265306122449, 15.789473684210526, 27.55102040816326, 25.0, 25.454545454545453, 23.711340206185564, 5.357142857142857, 20.0, 0.6756756756756757, 23.157894736842106, 2.4193548387096775, 0.0, 0.0, 0.9433962264150944, 18.333333333333332, 25.0, 0.9852216748768473, 11.818181818181818, 42.857142857142854, 10.0, 17.94871794871795, 23.076923076923077, 28.205128205128204, 1.1976047904191618, 32.758620689655174, 38.297872340425535, 26.82926829268293, 0.0, 4.132231404958678, 15.267175572519085, 3.802281368821293, 9.45945945945946, 15.217391304347828, 8.333333333333332, 94.44444444444444, 1.5384615384615385, 11.627906976744185, 34.78260869565217, 15.277777777777779, 1.1904761904761905, 39.25233644859813, 3.278688524590164, 25.0, 36.36363636363637, 3.8461538461538463, 3.5398230088495577, 3.571428571428571, 14.000000000000002, 13.793103448275861, 22.023809523809522, 16.766467065868262, 16.666666666666664, 30.76923076923077, 4.25531914893617, 22.88135593220339, 7.6923076923076925, 6.153846153846154, 23.766816143497756, 11.842105263157894, 21.6, 21.62162162162162, 31.25, 19.327731092436977, 24.561403508771928, 5.405405405405405, 44.89795918367347, 18.6046511627907, 9.67741935483871, 11.428571428571429, 41.66666666666667, 14.583333333333334, 8.333333333333332, 8.771929824561402, 12.195121951219512, 0.0, 17.647058823529413]
RMSE: 16.228180617489016 [16, 144, 289, 9, 25, 36, 36, 900, 36, 1089, 1, 9, 16, 529, 81, 36, 9, 484, 100, 361, 100, 9, 169, 36, 121, 0, 64, 36, 4, 144, 484, 9, 900, 225, 441, 400, 625, 4, 196, 1, 64, 36, 2916, 81, 9, 100, 0, 225, 729, 676, 1, 36, 4, 1, 64, 9, 729, 361, 196, 529, 225, 100, 1, 484, 9, 0, 0, 4, 484, 144, 4, 169, 1089, 9, 49, 36, 121, 4, 361, 324, 121, 0, 25, 400, 100, 49, 441, 64, 289, 1, 25, 256, 121, 1, 1764, 4, 16, 1296, 9, 16, 4, 196, 16, 1369, 784, 36, 64, 4, 729, 49, 16, 2809, 81, 729, 1600, 225, 529, 196, 4, 484, 64, 81, 16, 400, 49, 16, 25, 25, 0, 81]

pred: 11807 [50, 252, 76, 133, 78, 44, 52, 132, 60, 117, 133, 26, 34, 77, 65, 32, 265, 101, 163, 77, 106, 84, 113, 55, 106, 26, 115, 49, 170, 190, 136, 93, 123, 76, 213, 84, 93, 32, 72, 48, 48, 133, 135, 40, 29, 79, 46, 73, 110, 148, 43, 96, 69, 22, 57, 22, 125, 95, 69, 120, 265, 60, 147, 117, 121, 31, 75, 214, 142, 60, 201, 123, 110, 33, 46, 20, 50, 165, 77, 29, 52, 32, 126, 151, 253, 81, 159, 88, 1, 64, 48, 62, 83, 83, 149, 63, 20, 63, 75, 117, 54, 114, 33, 205, 195, 42, 34, 49, 91, 84, 69, 170, 85, 152, 145, 63, 96, 71, 39, 71, 51, 102, 31, 68, 41, 52, 62, 36, 76, 60]
real: 11073 [46, 240, 93, 136, 73, 38, 46, 102, 54, 84, 134, 29, 30, 54, 56, 26, 268, 79, 173, 58, 96, 81, 126, 49, 95, 26, 123, 43, 168, 202, 114, 96, 93, 61, 234, 64, 68, 30, 58, 47, 40, 127, 81, 49, 32, 69, 46, 58, 83, 122, 44, 102, 71, 23, 49, 19, 98, 76, 55, 97, 280, 50, 148, 95, 124, 31, 75, 212, 120, 48, 203, 110, 77, 30, 39, 26, 39, 167, 58, 47, 41, 32, 121, 131, 263, 74, 138, 96, 18, 65, 43, 46, 72, 84, 107, 61, 16, 99, 78, 113, 56, 100, 29, 168, 167, 36, 26, 47, 118, 91, 65, 223, 76, 125, 185, 48, 119, 57, 37, 49, 43, 93, 35, 48, 48, 48, 57, 41, 76, 51]

grid_scale: 0.5
resize_scale: 0.5
confiance: 0.6

random_seed: 1011
data_augmentation: True
samples: 130
