MAE: 18.20769230769231 [9, 78, 7, 27, 15, 15, 2, 40, 8, 18, 33, 0, 1, 13, 9, 7, 88, 35, 48, 13, 23, 7, 62, 4, 17, 0, 9, 4, 56, 16, 27, 25, 15, 11, 124, 15, 8, 4, 4, 1, 8, 2, 47, 15, 1, 15, 6, 9, 16, 12, 10, 13, 4, 3, 5, 3, 28, 9, 16, 20, 90, 6, 20, 26, 15, 1, 9, 108, 3, 7, 76, 28, 4, 4, 2, 6, 6, 21, 11, 4, 24, 0, 15, 55, 70, 1, 42, 19, 17, 7, 2, 11, 10, 12, 29, 19, 8, 1, 8, 17, 1, 20, 3, 27, 37, 6, 9, 0, 15, 13, 6, 46, 11, 13, 43, 21, 16, 19, 0, 16, 9, 22, 4, 24, 4, 9, 3, 0, 11, 5]
MAPE: 19.309916796025334 [19.565217391304348, 32.5, 7.526881720430108, 19.852941176470587, 20.54794520547945, 39.473684210526315, 4.3478260869565215, 39.21568627450981, 14.814814814814813, 21.428571428571427, 24.62686567164179, 0.0, 3.3333333333333335, 24.074074074074073, 16.071428571428573, 26.923076923076923, 32.83582089552239, 44.303797468354425, 27.74566473988439, 22.413793103448278, 23.958333333333336, 8.641975308641975, 49.2063492063492, 8.16326530612245, 17.894736842105264, 0.0, 7.317073170731707, 9.30232558139535, 33.33333333333333, 7.920792079207921, 23.684210526315788, 26.041666666666668, 16.129032258064516, 18.0327868852459, 52.991452991452995, 23.4375, 11.76470588235294, 13.333333333333334, 6.896551724137931, 2.127659574468085, 20.0, 1.574803149606299, 58.0246913580247, 30.612244897959183, 3.125, 21.73913043478261, 13.043478260869565, 15.517241379310345, 19.27710843373494, 9.836065573770492, 22.727272727272727, 12.745098039215685, 5.633802816901409, 13.043478260869565, 10.204081632653061, 15.789473684210526, 28.57142857142857, 11.842105263157894, 29.09090909090909, 20.618556701030926, 32.142857142857146, 12.0, 13.513513513513514, 27.368421052631582, 12.096774193548388, 3.225806451612903, 12.0, 50.943396226415096, 2.5, 14.583333333333334, 37.4384236453202, 25.454545454545453, 5.194805194805195, 13.333333333333334, 5.128205128205128, 23.076923076923077, 15.384615384615385, 12.574850299401197, 18.96551724137931, 8.51063829787234, 58.536585365853654, 0.0, 12.396694214876034, 41.98473282442748, 26.61596958174905, 1.3513513513513513, 30.434782608695656, 19.791666666666664, 94.44444444444444, 10.76923076923077, 4.651162790697675, 23.91304347826087, 13.88888888888889, 14.285714285714285, 27.102803738317753, 31.147540983606557, 50.0, 1.0101010101010102, 10.256410256410255, 15.04424778761062, 1.7857142857142856, 20.0, 10.344827586206897, 16.071428571428573, 22.15568862275449, 16.666666666666664, 34.61538461538461, 0.0, 12.711864406779661, 14.285714285714285, 9.230769230769232, 20.62780269058296, 14.473684210526317, 10.4, 23.243243243243246, 43.75, 13.445378151260504, 33.33333333333333, 0.0, 32.6530612244898, 20.930232558139537, 23.655913978494624, 11.428571428571429, 50.0, 8.333333333333332, 18.75, 5.263157894736842, 0.0, 14.473684210526317, 9.803921568627452]
RMSE: 28.368861586117756 [81, 6084, 49, 729, 225, 225, 4, 1600, 64, 324, 1089, 0, 1, 169, 81, 49, 7744, 1225, 2304, 169, 529, 49, 3844, 16, 289, 0, 81, 16, 3136, 256, 729, 625, 225, 121, 15376, 225, 64, 16, 16, 1, 64, 4, 2209, 225, 1, 225, 36, 81, 256, 144, 100, 169, 16, 9, 25, 9, 784, 81, 256, 400, 8100, 36, 400, 676, 225, 1, 81, 11664, 9, 49, 5776, 784, 16, 16, 4, 36, 36, 441, 121, 16, 576, 0, 225, 3025, 4900, 1, 1764, 361, 289, 49, 4, 121, 100, 144, 841, 361, 64, 1, 64, 289, 1, 400, 9, 729, 1369, 36, 81, 0, 225, 169, 36, 2116, 121, 169, 1849, 441, 256, 361, 0, 256, 81, 484, 16, 576, 16, 81, 9, 0, 121, 25]

pred: 13396 [55, 318, 100, 163, 88, 53, 48, 142, 62, 102, 167, 29, 29, 67, 65, 33, 356, 114, 221, 71, 119, 88, 188, 53, 112, 26, 132, 47, 224, 218, 141, 121, 108, 72, 358, 79, 76, 34, 62, 48, 48, 129, 128, 64, 33, 84, 52, 67, 99, 134, 54, 115, 75, 26, 54, 22, 126, 85, 71, 117, 370, 56, 168, 121, 139, 32, 84, 320, 123, 55, 279, 138, 81, 34, 41, 32, 45, 188, 69, 43, 65, 32, 136, 186, 333, 75, 180, 115, 1, 72, 45, 57, 82, 96, 136, 80, 24, 100, 86, 130, 57, 120, 32, 195, 204, 42, 35, 47, 133, 104, 71, 269, 87, 138, 228, 69, 135, 76, 37, 65, 52, 115, 39, 72, 52, 57, 60, 41, 87, 56]
real: 11073 [46, 240, 93, 136, 73, 38, 46, 102, 54, 84, 134, 29, 30, 54, 56, 26, 268, 79, 173, 58, 96, 81, 126, 49, 95, 26, 123, 43, 168, 202, 114, 96, 93, 61, 234, 64, 68, 30, 58, 47, 40, 127, 81, 49, 32, 69, 46, 58, 83, 122, 44, 102, 71, 23, 49, 19, 98, 76, 55, 97, 280, 50, 148, 95, 124, 31, 75, 212, 120, 48, 203, 110, 77, 30, 39, 26, 39, 167, 58, 47, 41, 32, 121, 131, 263, 74, 138, 96, 18, 65, 43, 46, 72, 84, 107, 61, 16, 99, 78, 113, 56, 100, 29, 168, 167, 36, 26, 47, 118, 91, 65, 223, 76, 125, 185, 48, 119, 57, 37, 49, 43, 93, 35, 48, 48, 48, 57, 41, 76, 51]

grid_scale: 0.3
resize_scale: 0.5
confiance: 0.5

random_seed: 1011
data_augmentation: True
samples: 130
