MAE: 7.423076923076923 [8, 28, 25, 5, 1, 5, 8, 26, 2, 1, 0, 1, 1, 4, 5, 4, 10, 9, 3, 4, 4, 13, 13, 4, 3, 0, 16, 3, 6, 11, 3, 3, 3, 5, 13, 10, 2, 0, 4, 2, 6, 19, 22, 5, 0, 3, 3, 3, 0, 8, 4, 11, 8, 1, 3, 2, 13, 5, 5, 2, 17, 2, 6, 16, 5, 12, 5, 22, 23, 4, 23, 2, 6, 2, 6, 1, 5, 9, 1, 12, 0, 1, 4, 14, 1, 11, 12, 17, 17, 10, 1, 2, 1, 0, 17, 2, 2, 30, 9, 7, 1, 7, 5, 15, 13, 1, 1, 10, 18, 12, 5, 41, 7, 18, 13, 7, 11, 7, 5, 3, 1, 7, 3, 1, 12, 3, 0, 5, 1, 4]
MAPE: 9.477821244160959 [17.391304347826086, 11.666666666666666, 26.881720430107524, 3.6764705882352944, 1.36986301369863, 13.157894736842104, 17.391304347826086, 25.49019607843137, 3.7037037037037033, 1.1904761904761905, 0.0, 3.4482758620689653, 3.3333333333333335, 7.4074074074074066, 8.928571428571429, 15.384615384615385, 3.731343283582089, 11.39240506329114, 1.7341040462427744, 6.896551724137931, 4.166666666666666, 16.049382716049383, 10.317460317460316, 8.16326530612245, 3.1578947368421053, 0.0, 13.008130081300814, 6.976744186046512, 3.571428571428571, 5.445544554455446, 2.631578947368421, 3.125, 3.225806451612903, 8.19672131147541, 5.555555555555555, 15.625, 2.941176470588235, 0.0, 6.896551724137931, 4.25531914893617, 15.0, 14.960629921259844, 27.160493827160494, 10.204081632653061, 0.0, 4.3478260869565215, 6.521739130434782, 5.172413793103448, 0.0, 6.557377049180328, 9.090909090909092, 10.784313725490197, 11.267605633802818, 4.3478260869565215, 6.122448979591836, 10.526315789473683, 13.26530612244898, 6.578947368421052, 9.090909090909092, 2.0618556701030926, 6.071428571428571, 4.0, 4.054054054054054, 16.842105263157894, 4.032258064516129, 38.70967741935484, 6.666666666666667, 10.377358490566039, 19.166666666666668, 8.333333333333332, 11.330049261083744, 1.8181818181818181, 7.792207792207792, 6.666666666666667, 15.384615384615385, 3.8461538461538463, 12.82051282051282, 5.389221556886228, 1.7241379310344827, 25.53191489361702, 0.0, 3.125, 3.3057851239669422, 10.687022900763358, 0.38022813688212925, 14.864864864864865, 8.695652173913043, 17.708333333333336, 94.44444444444444, 15.384615384615385, 2.3255813953488373, 4.3478260869565215, 1.3888888888888888, 0.0, 15.887850467289718, 3.278688524590164, 12.5, 30.303030303030305, 11.538461538461538, 6.1946902654867255, 1.7857142857142856, 7.000000000000001, 17.24137931034483, 8.928571428571429, 7.784431137724551, 2.7777777777777777, 3.8461538461538463, 21.27659574468085, 15.254237288135593, 13.186813186813188, 7.6923076923076925, 18.385650224215247, 9.210526315789473, 14.399999999999999, 7.027027027027027, 14.583333333333334, 9.243697478991598, 12.280701754385964, 13.513513513513514, 6.122448979591836, 2.3255813953488373, 7.526881720430108, 8.571428571428571, 2.083333333333333, 25.0, 6.25, 0.0, 12.195121951219512, 1.3157894736842104, 7.8431372549019605]
RMSE: 10.403032102376542 [64, 784, 625, 25, 1, 25, 64, 676, 4, 1, 0, 1, 1, 16, 25, 16, 100, 81, 9, 16, 16, 169, 169, 16, 9, 0, 256, 9, 36, 121, 9, 9, 9, 25, 169, 100, 4, 0, 16, 4, 36, 361, 484, 25, 0, 9, 9, 9, 0, 64, 16, 121, 64, 1, 9, 4, 169, 25, 25, 4, 289, 4, 36, 256, 25, 144, 25, 484, 529, 16, 529, 4, 36, 4, 36, 1, 25, 81, 1, 144, 0, 1, 16, 196, 1, 121, 144, 289, 289, 100, 1, 4, 1, 0, 289, 4, 4, 900, 81, 49, 1, 49, 25, 225, 169, 1, 1, 100, 324, 144, 25, 1681, 49, 324, 169, 49, 121, 49, 25, 9, 1, 49, 9, 1, 144, 9, 0, 25, 1, 16]

pred: 10898 [38, 268, 68, 131, 72, 43, 54, 128, 52, 83, 134, 28, 29, 58, 61, 22, 258, 88, 170, 54, 92, 68, 113, 53, 92, 26, 107, 40, 162, 191, 117, 93, 90, 56, 247, 74, 70, 30, 54, 45, 46, 108, 103, 44, 32, 66, 43, 61, 83, 114, 48, 91, 63, 24, 46, 21, 111, 81, 60, 99, 297, 48, 154, 111, 119, 19, 80, 234, 97, 52, 226, 108, 83, 28, 33, 25, 44, 158, 57, 35, 41, 31, 117, 145, 264, 63, 150, 79, 1, 55, 42, 48, 73, 84, 124, 63, 18, 69, 69, 120, 55, 93, 34, 183, 180, 37, 27, 37, 100, 79, 60, 182, 69, 107, 172, 55, 108, 64, 32, 52, 42, 86, 32, 49, 36, 45, 57, 36, 75, 47]
real: 11073 [46, 240, 93, 136, 73, 38, 46, 102, 54, 84, 134, 29, 30, 54, 56, 26, 268, 79, 173, 58, 96, 81, 126, 49, 95, 26, 123, 43, 168, 202, 114, 96, 93, 61, 234, 64, 68, 30, 58, 47, 40, 127, 81, 49, 32, 69, 46, 58, 83, 122, 44, 102, 71, 23, 49, 19, 98, 76, 55, 97, 280, 50, 148, 95, 124, 31, 75, 212, 120, 48, 203, 110, 77, 30, 39, 26, 39, 167, 58, 47, 41, 32, 121, 131, 263, 74, 138, 96, 18, 65, 43, 46, 72, 84, 107, 61, 16, 99, 78, 113, 56, 100, 29, 168, 167, 36, 26, 47, 118, 91, 65, 223, 76, 125, 185, 48, 119, 57, 37, 49, 43, 93, 35, 48, 48, 48, 57, 41, 76, 51]

grid_scale: 0.4
resize_scale: 0.5
confiance: 0.8

random_seed: 1011
data_augmentation: True
samples: 130
