MAE: 13.823076923076924 [2, 63, 4, 5, 7, 4, 1, 33, 4, 13, 19, 3, 3, 9, 5, 2, 84, 25, 15, 10, 13, 8, 45, 6, 10, 1, 2, 4, 19, 27, 7, 3, 15, 5, 55, 12, 16, 0, 4, 3, 12, 1, 28, 11, 1, 10, 1, 16, 8, 5, 4, 5, 9, 2, 6, 1, 8, 5, 9, 5, 64, 7, 22, 27, 12, 5, 9, 87, 2, 5, 74, 20, 13, 4, 7, 4, 11, 23, 15, 9, 15, 2, 12, 57, 71, 3, 27, 15, 16, 17, 1, 5, 4, 7, 20, 13, 6, 3, 1, 13, 7, 10, 6, 37, 12, 0, 9, 1, 25, 8, 4, 56, 13, 10, 44, 14, 19, 22, 0, 11, 2, 7, 1, 18, 4, 0, 3, 4, 6, 3]
MAPE: 14.87836458565366 [4.3478260869565215, 26.25, 4.301075268817205, 3.6764705882352944, 9.58904109589041, 10.526315789473683, 2.1739130434782608, 32.35294117647059, 7.4074074074074066, 15.476190476190476, 14.17910447761194, 10.344827586206897, 10.0, 16.666666666666664, 8.928571428571429, 7.6923076923076925, 31.343283582089555, 31.645569620253166, 8.670520231213873, 17.24137931034483, 13.541666666666666, 9.876543209876543, 35.714285714285715, 12.244897959183673, 10.526315789473683, 3.8461538461538463, 1.6260162601626018, 9.30232558139535, 11.30952380952381, 13.366336633663368, 6.140350877192982, 3.125, 16.129032258064516, 8.19672131147541, 23.504273504273502, 18.75, 23.52941176470588, 0.0, 6.896551724137931, 6.382978723404255, 30.0, 0.7874015748031495, 34.5679012345679, 22.448979591836736, 3.125, 14.492753623188406, 2.1739130434782608, 27.586206896551722, 9.63855421686747, 4.098360655737705, 9.090909090909092, 4.901960784313726, 12.676056338028168, 8.695652173913043, 12.244897959183673, 5.263157894736842, 8.16326530612245, 6.578947368421052, 16.363636363636363, 5.154639175257731, 22.857142857142858, 14.000000000000002, 14.864864864864865, 28.421052631578945, 9.67741935483871, 16.129032258064516, 12.0, 41.0377358490566, 1.6666666666666667, 10.416666666666668, 36.45320197044335, 18.181818181818183, 16.883116883116884, 13.333333333333334, 17.94871794871795, 15.384615384615385, 28.205128205128204, 13.77245508982036, 25.862068965517242, 19.148936170212767, 36.58536585365854, 6.25, 9.917355371900827, 43.51145038167939, 26.996197718631176, 4.054054054054054, 19.565217391304348, 15.625, 88.88888888888889, 26.153846153846157, 2.3255813953488373, 10.869565217391305, 5.555555555555555, 8.333333333333332, 18.69158878504673, 21.311475409836063, 37.5, 3.0303030303030303, 1.282051282051282, 11.504424778761061, 12.5, 10.0, 20.689655172413794, 22.023809523809522, 7.18562874251497, 0.0, 34.61538461538461, 2.127659574468085, 21.1864406779661, 8.791208791208792, 6.153846153846154, 25.112107623318387, 17.105263157894736, 8.0, 23.783783783783786, 29.166666666666668, 15.966386554621847, 38.59649122807017, 0.0, 22.448979591836736, 4.651162790697675, 7.526881720430108, 2.857142857142857, 37.5, 8.333333333333332, 0.0, 5.263157894736842, 9.75609756097561, 7.894736842105263, 5.88235294117647]
RMSE: 22.145150537029373 [4, 3969, 16, 25, 49, 16, 1, 1089, 16, 169, 361, 9, 9, 81, 25, 4, 7056, 625, 225, 100, 169, 64, 2025, 36, 100, 1, 4, 16, 361, 729, 49, 9, 225, 25, 3025, 144, 256, 0, 16, 9, 144, 1, 784, 121, 1, 100, 1, 256, 64, 25, 16, 25, 81, 4, 36, 1, 64, 25, 81, 25, 4096, 49, 484, 729, 144, 25, 81, 7569, 4, 25, 5476, 400, 169, 16, 49, 16, 121, 529, 225, 81, 225, 4, 144, 3249, 5041, 9, 729, 225, 256, 289, 1, 25, 16, 49, 400, 169, 36, 9, 1, 169, 49, 100, 36, 1369, 144, 0, 81, 1, 625, 64, 16, 3136, 169, 100, 1936, 196, 361, 484, 0, 121, 4, 49, 1, 324, 16, 0, 9, 16, 36, 9]

pred: 12790 [48, 303, 97, 141, 80, 42, 47, 135, 58, 97, 153, 32, 27, 63, 61, 28, 352, 104, 188, 68, 109, 89, 171, 55, 105, 27, 125, 47, 187, 229, 121, 99, 108, 66, 289, 76, 84, 30, 62, 50, 52, 126, 109, 60, 31, 79, 45, 74, 91, 127, 48, 107, 80, 25, 55, 20, 106, 81, 64, 102, 344, 57, 170, 122, 136, 26, 84, 299, 118, 53, 277, 130, 90, 34, 46, 30, 50, 190, 73, 38, 56, 34, 133, 188, 334, 77, 165, 111, 2, 82, 44, 51, 76, 91, 127, 74, 22, 102, 77, 126, 63, 110, 35, 205, 179, 36, 35, 46, 143, 99, 69, 279, 89, 135, 229, 62, 138, 79, 37, 60, 45, 100, 36, 66, 52, 48, 60, 45, 82, 54]
real: 11073 [46, 240, 93, 136, 73, 38, 46, 102, 54, 84, 134, 29, 30, 54, 56, 26, 268, 79, 173, 58, 96, 81, 126, 49, 95, 26, 123, 43, 168, 202, 114, 96, 93, 61, 234, 64, 68, 30, 58, 47, 40, 127, 81, 49, 32, 69, 46, 58, 83, 122, 44, 102, 71, 23, 49, 19, 98, 76, 55, 97, 280, 50, 148, 95, 124, 31, 75, 212, 120, 48, 203, 110, 77, 30, 39, 26, 39, 167, 58, 47, 41, 32, 121, 131, 263, 74, 138, 96, 18, 65, 43, 46, 72, 84, 107, 61, 16, 99, 78, 113, 56, 100, 29, 168, 167, 36, 26, 47, 118, 91, 65, 223, 76, 125, 185, 48, 119, 57, 37, 49, 43, 93, 35, 48, 48, 48, 57, 41, 76, 51]

grid_scale: 0.3
resize_scale: 0.5
confiance: 0.6

random_seed: 1011
data_augmentation: True
samples: 130
