MAE: 14.792307692307693 [9, 37, 13, 22, 4, 3, 3, 27, 0, 1, 16, 4, 4, 12, 9, 3, 98, 11, 17, 10, 16, 2, 92, 7, 10, 4, 3, 5, 23, 33, 13, 3, 12, 3, 117, 13, 3, 7, 0, 6, 7, 8, 1, 16, 8, 4, 3, 11, 11, 8, 1, 15, 17, 2, 5, 4, 7, 2, 18, 10, 131, 7, 42, 14, 20, 3, 5, 113, 3, 10, 83, 26, 4, 3, 8, 5, 16, 21, 5, 2, 32, 5, 4, 63, 82, 0, 31, 0, 8, 12, 5, 1, 5, 1, 20, 4, 7, 2, 3, 25, 4, 2, 7, 17, 16, 1, 2, 4, 9, 3, 5, 33, 10, 13, 26, 17, 11, 12, 6, 15, 13, 3, 2, 11, 1, 3, 0, 5, 6, 2]
MAPE: 15.35146771142818 [19.565217391304348, 15.416666666666668, 13.978494623655912, 16.176470588235293, 5.47945205479452, 7.894736842105263, 6.521739130434782, 26.47058823529412, 0.0, 1.1904761904761905, 11.940298507462686, 13.793103448275861, 13.333333333333334, 22.22222222222222, 16.071428571428573, 11.538461538461538, 36.56716417910448, 13.924050632911392, 9.826589595375722, 17.24137931034483, 16.666666666666664, 2.4691358024691357, 73.01587301587301, 14.285714285714285, 10.526315789473683, 15.384615384615385, 2.4390243902439024, 11.627906976744185, 13.690476190476192, 16.33663366336634, 11.403508771929824, 3.125, 12.903225806451612, 4.918032786885246, 50.0, 20.3125, 4.411764705882353, 23.333333333333332, 0.0, 12.76595744680851, 17.5, 6.299212598425196, 1.2345679012345678, 32.6530612244898, 25.0, 5.797101449275362, 6.521739130434782, 18.96551724137931, 13.253012048192772, 6.557377049180328, 2.272727272727273, 14.705882352941178, 23.943661971830984, 8.695652173913043, 10.204081632653061, 21.052631578947366, 7.142857142857142, 2.631578947368421, 32.72727272727273, 10.309278350515463, 46.785714285714285, 14.000000000000002, 28.37837837837838, 14.736842105263156, 16.129032258064516, 9.67741935483871, 6.666666666666667, 53.301886792452834, 2.5, 20.833333333333336, 40.88669950738916, 23.636363636363637, 5.194805194805195, 10.0, 20.51282051282051, 19.230769230769234, 41.02564102564102, 12.574850299401197, 8.620689655172415, 4.25531914893617, 78.04878048780488, 15.625, 3.3057851239669422, 48.091603053435115, 31.1787072243346, 0.0, 22.463768115942027, 0.0, 44.44444444444444, 18.461538461538463, 11.627906976744185, 2.1739130434782608, 6.944444444444445, 1.1904761904761905, 18.69158878504673, 6.557377049180328, 43.75, 2.0202020202020203, 3.8461538461538463, 22.123893805309734, 7.142857142857142, 2.0, 24.137931034482758, 10.119047619047619, 9.580838323353294, 2.7777777777777777, 7.6923076923076925, 8.51063829787234, 7.627118644067797, 3.296703296703297, 7.6923076923076925, 14.798206278026907, 13.157894736842104, 10.4, 14.054054054054054, 35.41666666666667, 9.243697478991598, 21.052631578947366, 16.216216216216218, 30.612244897959183, 30.23255813953488, 3.225806451612903, 5.714285714285714, 22.916666666666664, 2.083333333333333, 6.25, 0.0, 12.195121951219512, 7.894736842105263, 3.9215686274509802]
RMSE: 27.606437376369023 [81, 1369, 169, 484, 16, 9, 9, 729, 0, 1, 256, 16, 16, 144, 81, 9, 9604, 121, 289, 100, 256, 4, 8464, 49, 100, 16, 9, 25, 529, 1089, 169, 9, 144, 9, 13689, 169, 9, 49, 0, 36, 49, 64, 1, 256, 64, 16, 9, 121, 121, 64, 1, 225, 289, 4, 25, 16, 49, 4, 324, 100, 17161, 49, 1764, 196, 400, 9, 25, 12769, 9, 100, 6889, 676, 16, 9, 64, 25, 256, 441, 25, 4, 1024, 25, 16, 3969, 6724, 0, 961, 0, 64, 144, 25, 1, 25, 1, 400, 16, 49, 4, 9, 625, 16, 4, 49, 289, 256, 1, 4, 16, 81, 9, 25, 1089, 100, 169, 676, 289, 121, 144, 36, 225, 169, 9, 4, 121, 1, 9, 0, 25, 36, 4]

pred: 12744 [55, 277, 80, 158, 77, 41, 49, 129, 54, 85, 150, 25, 26, 66, 65, 29, 366, 90, 190, 68, 112, 83, 218, 56, 105, 30, 126, 48, 191, 235, 127, 99, 105, 64, 351, 77, 71, 37, 58, 53, 47, 119, 80, 65, 40, 65, 43, 69, 94, 130, 45, 87, 88, 25, 44, 23, 105, 78, 73, 107, 411, 43, 190, 109, 144, 34, 80, 325, 117, 58, 286, 136, 73, 27, 31, 31, 55, 188, 53, 49, 73, 37, 125, 194, 345, 74, 169, 96, 10, 53, 48, 45, 77, 83, 127, 65, 23, 101, 81, 138, 52, 102, 36, 185, 183, 37, 28, 43, 127, 94, 70, 256, 86, 138, 211, 65, 130, 69, 31, 64, 56, 96, 33, 59, 47, 51, 57, 46, 82, 53]
real: 11073 [46, 240, 93, 136, 73, 38, 46, 102, 54, 84, 134, 29, 30, 54, 56, 26, 268, 79, 173, 58, 96, 81, 126, 49, 95, 26, 123, 43, 168, 202, 114, 96, 93, 61, 234, 64, 68, 30, 58, 47, 40, 127, 81, 49, 32, 69, 46, 58, 83, 122, 44, 102, 71, 23, 49, 19, 98, 76, 55, 97, 280, 50, 148, 95, 124, 31, 75, 212, 120, 48, 203, 110, 77, 30, 39, 26, 39, 167, 58, 47, 41, 32, 121, 131, 263, 74, 138, 96, 18, 65, 43, 46, 72, 84, 107, 61, 16, 99, 78, 113, 56, 100, 29, 168, 167, 36, 26, 47, 118, 91, 65, 223, 76, 125, 185, 48, 119, 57, 37, 49, 43, 93, 35, 48, 48, 48, 57, 41, 76, 51]

grid_scale: 0.2
resize_scale: 0.5
confiance: 0.6

random_seed: 1011
data_augmentation: True
samples: 130
