MAE: 16.553846153846155 [6, 75, 22, 34, 22, 16, 10, 30, 8, 7, 46, 1, 3, 8, 18, 5, 31, 39, 33, 4, 21, 1, 52, 3, 28, 4, 10, 2, 25, 27, 45, 11, 30, 14, 44, 12, 21, 1, 10, 1, 10, 3, 41, 4, 7, 22, 2, 10, 28, 25, 5, 10, 3, 3, 5, 2, 37, 9, 22, 10, 48, 5, 23, 39, 18, 0, 10, 59, 15, 21, 58, 37, 10, 5, 1, 11, 6, 8, 15, 2, 22, 2, 14, 34, 50, 2, 34, 1, 17, 2, 7, 7, 10, 1, 38, 1, 5, 2, 2, 11, 2, 22, 7, 44, 43, 6, 15, 2, 17, 21, 16, 43, 9, 18, 41, 21, 18, 15, 3, 20, 8, 27, 1, 17, 4, 8, 1, 0, 9, 3]
MAPE: 19.213169214424234 [13.043478260869565, 31.25, 23.655913978494624, 25.0, 30.136986301369863, 42.10526315789473, 21.73913043478261, 29.411764705882355, 14.814814814814813, 8.333333333333332, 34.32835820895522, 3.4482758620689653, 10.0, 14.814814814814813, 32.142857142857146, 19.230769230769234, 11.567164179104477, 49.36708860759494, 19.07514450867052, 6.896551724137931, 21.875, 1.2345679012345678, 41.269841269841265, 6.122448979591836, 29.47368421052631, 15.384615384615385, 8.130081300813007, 4.651162790697675, 14.880952380952381, 13.366336633663368, 39.473684210526315, 11.458333333333332, 32.25806451612903, 22.950819672131146, 18.803418803418804, 18.75, 30.88235294117647, 3.3333333333333335, 17.24137931034483, 2.127659574468085, 25.0, 2.3622047244094486, 50.617283950617285, 8.16326530612245, 21.875, 31.88405797101449, 4.3478260869565215, 17.24137931034483, 33.734939759036145, 20.491803278688526, 11.363636363636363, 9.803921568627452, 4.225352112676056, 13.043478260869565, 10.204081632653061, 10.526315789473683, 37.755102040816325, 11.842105263157894, 40.0, 10.309278350515463, 17.142857142857142, 10.0, 15.54054054054054, 41.05263157894737, 14.516129032258066, 0.0, 13.333333333333334, 27.830188679245282, 12.5, 43.75, 28.57142857142857, 33.63636363636363, 12.987012987012985, 16.666666666666664, 2.564102564102564, 42.30769230769231, 15.384615384615385, 4.790419161676647, 25.862068965517242, 4.25531914893617, 53.65853658536586, 6.25, 11.570247933884298, 25.954198473282442, 19.011406844106464, 2.7027027027027026, 24.637681159420293, 1.0416666666666665, 94.44444444444444, 3.076923076923077, 16.27906976744186, 15.217391304347828, 13.88888888888889, 1.1904761904761905, 35.51401869158878, 1.639344262295082, 31.25, 2.0202020202020203, 2.564102564102564, 9.734513274336283, 3.571428571428571, 22.0, 24.137931034482758, 26.190476190476193, 25.748502994011975, 16.666666666666664, 57.692307692307686, 4.25531914893617, 14.40677966101695, 23.076923076923077, 24.615384615384617, 19.282511210762333, 11.842105263157894, 14.399999999999999, 22.162162162162165, 43.75, 15.126050420168067, 26.31578947368421, 8.108108108108109, 40.816326530612244, 18.6046511627907, 29.03225806451613, 2.857142857142857, 35.41666666666667, 8.333333333333332, 16.666666666666664, 1.7543859649122806, 0.0, 11.842105263157894, 5.88235294117647]
RMSE: 22.63897252357264 [36, 5625, 484, 1156, 484, 256, 100, 900, 64, 49, 2116, 1, 9, 64, 324, 25, 961, 1521, 1089, 16, 441, 1, 2704, 9, 784, 16, 100, 4, 625, 729, 2025, 121, 900, 196, 1936, 144, 441, 1, 100, 1, 100, 9, 1681, 16, 49, 484, 4, 100, 784, 625, 25, 100, 9, 9, 25, 4, 1369, 81, 484, 100, 2304, 25, 529, 1521, 324, 0, 100, 3481, 225, 441, 3364, 1369, 100, 25, 1, 121, 36, 64, 225, 4, 484, 4, 196, 1156, 2500, 4, 1156, 1, 289, 4, 49, 49, 100, 1, 1444, 1, 25, 4, 4, 121, 4, 484, 49, 1936, 1849, 36, 225, 4, 289, 441, 256, 1849, 81, 324, 1681, 441, 324, 225, 9, 400, 64, 729, 1, 289, 16, 64, 1, 0, 81, 9]

pred: 13145 [52, 315, 115, 170, 95, 54, 56, 132, 62, 91, 180, 30, 27, 62, 74, 31, 299, 118, 206, 62, 117, 82, 178, 52, 123, 30, 133, 45, 193, 229, 159, 107, 123, 75, 278, 76, 89, 29, 68, 48, 50, 130, 122, 53, 25, 91, 44, 68, 111, 147, 49, 112, 74, 20, 54, 21, 135, 85, 77, 107, 328, 55, 171, 134, 142, 31, 85, 271, 135, 69, 261, 147, 87, 35, 40, 37, 45, 175, 73, 45, 63, 34, 135, 165, 313, 76, 172, 95, 1, 63, 50, 53, 82, 83, 145, 60, 21, 101, 80, 124, 58, 122, 36, 212, 210, 42, 41, 49, 135, 112, 81, 266, 85, 143, 226, 69, 137, 72, 40, 69, 51, 120, 36, 65, 52, 56, 58, 41, 85, 54]
real: 11073 [46, 240, 93, 136, 73, 38, 46, 102, 54, 84, 134, 29, 30, 54, 56, 26, 268, 79, 173, 58, 96, 81, 126, 49, 95, 26, 123, 43, 168, 202, 114, 96, 93, 61, 234, 64, 68, 30, 58, 47, 40, 127, 81, 49, 32, 69, 46, 58, 83, 122, 44, 102, 71, 23, 49, 19, 98, 76, 55, 97, 280, 50, 148, 95, 124, 31, 75, 212, 120, 48, 203, 110, 77, 30, 39, 26, 39, 167, 58, 47, 41, 32, 121, 131, 263, 74, 138, 96, 18, 65, 43, 46, 72, 84, 107, 61, 16, 99, 78, 113, 56, 100, 29, 168, 167, 36, 26, 47, 118, 91, 65, 223, 76, 125, 185, 48, 119, 57, 37, 49, 43, 93, 35, 48, 48, 48, 57, 41, 76, 51]

grid_scale: 0.4
resize_scale: 0.5
confiance: 0.5

random_seed: 1011
data_augmentation: True
samples: 130
