MAE: 11.5 [7, 36, 21, 9, 12, 7, 3, 15, 3, 19, 13, 5, 2, 2, 0, 3, 47, 20, 27, 3, 14, 5, 15, 0, 8, 0, 16, 1, 19, 47, 18, 17, 9, 2, 36, 6, 18, 1, 2, 4, 6, 4, 16, 8, 4, 13, 9, 5, 14, 9, 2, 9, 3, 1, 7, 3, 25, 17, 3, 4, 21, 5, 18, 21, 11, 0, 5, 23, 12, 5, 2, 8, 7, 4, 7, 1, 7, 23, 10, 34, 10, 0, 12, 16, 74, 10, 7, 6, 18, 1, 1, 14, 9, 6, 23, 4, 1, 48, 23, 22, 5, 1, 4, 3, 23, 3, 8, 13, 6, 14, 6, 70, 8, 9, 30, 12, 34, 10, 2, 3, 1, 6, 1, 7, 20, 0, 5, 3, 1, 4]
MAPE: 13.399893618850601 [15.217391304347828, 15.0, 22.58064516129032, 6.61764705882353, 16.43835616438356, 18.421052631578945, 6.521739130434782, 14.705882352941178, 5.555555555555555, 22.61904761904762, 9.701492537313433, 17.24137931034483, 6.666666666666667, 3.7037037037037033, 0.0, 11.538461538461538, 17.537313432835823, 25.31645569620253, 15.606936416184972, 5.172413793103448, 14.583333333333334, 6.172839506172839, 11.904761904761903, 0.0, 8.421052631578947, 0.0, 13.008130081300814, 2.3255813953488373, 11.30952380952381, 23.26732673267327, 15.789473684210526, 17.708333333333336, 9.67741935483871, 3.278688524590164, 15.384615384615385, 9.375, 26.47058823529412, 3.3333333333333335, 3.4482758620689653, 8.51063829787234, 15.0, 3.149606299212598, 19.753086419753085, 16.3265306122449, 12.5, 18.84057971014493, 19.565217391304348, 8.620689655172415, 16.867469879518072, 7.377049180327869, 4.545454545454546, 8.823529411764707, 4.225352112676056, 4.3478260869565215, 14.285714285714285, 15.789473684210526, 25.510204081632654, 22.36842105263158, 5.454545454545454, 4.123711340206185, 7.5, 10.0, 12.162162162162163, 22.105263157894736, 8.870967741935484, 0.0, 6.666666666666667, 10.849056603773585, 10.0, 10.416666666666668, 0.9852216748768473, 7.2727272727272725, 9.090909090909092, 13.333333333333334, 17.94871794871795, 3.8461538461538463, 17.94871794871795, 13.77245508982036, 17.24137931034483, 72.3404255319149, 24.390243902439025, 0.0, 9.917355371900827, 12.213740458015266, 28.13688212927757, 13.513513513513514, 5.072463768115942, 6.25, 100.0, 1.5384615384615385, 2.3255813953488373, 30.434782608695656, 12.5, 7.142857142857142, 21.49532710280374, 6.557377049180328, 6.25, 48.484848484848484, 29.48717948717949, 19.469026548672566, 8.928571428571429, 1.0, 13.793103448275861, 1.7857142857142856, 13.77245508982036, 8.333333333333332, 30.76923076923077, 27.659574468085108, 5.084745762711865, 15.384615384615385, 9.230769230769232, 31.390134529147986, 10.526315789473683, 7.199999999999999, 16.216216216216218, 25.0, 28.57142857142857, 17.543859649122805, 5.405405405405405, 6.122448979591836, 2.3255813953488373, 6.451612903225806, 2.857142857142857, 14.583333333333334, 41.66666666666667, 0.0, 8.771929824561402, 7.317073170731707, 1.3157894736842104, 7.8431372549019605]
RMSE: 17.03096727005974 [49, 1296, 441, 81, 144, 49, 9, 225, 9, 361, 169, 25, 4, 4, 0, 9, 2209, 400, 729, 9, 196, 25, 225, 0, 64, 0, 256, 1, 361, 2209, 324, 289, 81, 4, 1296, 36, 324, 1, 4, 16, 36, 16, 256, 64, 16, 169, 81, 25, 196, 81, 4, 81, 9, 1, 49, 9, 625, 289, 9, 16, 441, 25, 324, 441, 121, 0, 25, 529, 144, 25, 4, 64, 49, 16, 49, 1, 49, 529, 100, 1156, 100, 0, 144, 256, 5476, 100, 49, 36, 324, 1, 1, 196, 81, 36, 529, 16, 1, 2304, 529, 484, 25, 1, 16, 9, 529, 9, 64, 169, 36, 196, 36, 4900, 64, 81, 900, 144, 1156, 100, 4, 9, 1, 36, 1, 49, 400, 0, 25, 9, 1, 16]

pred: 10584 [39, 204, 72, 127, 85, 31, 49, 117, 57, 103, 121, 24, 28, 52, 56, 29, 221, 99, 146, 61, 110, 76, 111, 49, 103, 26, 107, 42, 149, 155, 96, 79, 102, 63, 198, 70, 86, 29, 56, 43, 46, 131, 97, 41, 28, 82, 37, 63, 97, 131, 46, 93, 68, 22, 56, 22, 123, 93, 58, 101, 259, 45, 130, 116, 113, 31, 80, 189, 108, 53, 201, 118, 84, 34, 46, 25, 46, 144, 68, 13, 51, 32, 109, 147, 189, 64, 131, 90, 0, 64, 44, 60, 81, 78, 130, 65, 17, 51, 55, 91, 61, 99, 33, 171, 190, 39, 34, 34, 112, 77, 59, 153, 68, 116, 155, 60, 85, 67, 35, 52, 42, 99, 34, 55, 28, 48, 52, 38, 75, 55]
real: 11073 [46, 240, 93, 136, 73, 38, 46, 102, 54, 84, 134, 29, 30, 54, 56, 26, 268, 79, 173, 58, 96, 81, 126, 49, 95, 26, 123, 43, 168, 202, 114, 96, 93, 61, 234, 64, 68, 30, 58, 47, 40, 127, 81, 49, 32, 69, 46, 58, 83, 122, 44, 102, 71, 23, 49, 19, 98, 76, 55, 97, 280, 50, 148, 95, 124, 31, 75, 212, 120, 48, 203, 110, 77, 30, 39, 26, 39, 167, 58, 47, 41, 32, 121, 131, 263, 74, 138, 96, 18, 65, 43, 46, 72, 84, 107, 61, 16, 99, 78, 113, 56, 100, 29, 168, 167, 36, 26, 47, 118, 91, 65, 223, 76, 125, 185, 48, 119, 57, 37, 49, 43, 93, 35, 48, 48, 48, 57, 41, 76, 51]

grid_scale: 0.5
resize_scale: 0.5
confiance: 0.75

random_seed: 1011
data_augmentation: True
samples: 130
