MAE: 12.792307692307693 [2, 30, 13, 12, 1, 8, 4, 27, 1, 1, 4, 5, 11, 9, 4, 4, 112, 14, 5, 4, 7, 2, 64, 6, 7, 4, 6, 4, 15, 26, 14, 5, 21, 12, 93, 10, 8, 2, 2, 9, 5, 10, 3, 3, 3, 3, 7, 1, 11, 8, 5, 15, 0, 9, 5, 1, 11, 4, 19, 7, 125, 9, 28, 23, 6, 5, 5, 95, 1, 6, 63, 19, 2, 1, 2, 4, 12, 27, 11, 4, 29, 0, 5, 42, 57, 3, 18, 0, 14, 9, 1, 3, 9, 6, 7, 7, 16, 6, 7, 8, 2, 13, 7, 2, 13, 2, 5, 2, 3, 10, 1, 53, 2, 0, 12, 13, 10, 11, 5, 6, 14, 2, 8, 20, 1, 6, 6, 11, 9, 1]
MAPE: 14.552199744204081 [4.3478260869565215, 12.5, 13.978494623655912, 8.823529411764707, 1.36986301369863, 21.052631578947366, 8.695652173913043, 26.47058823529412, 1.8518518518518516, 1.1904761904761905, 2.9850746268656714, 17.24137931034483, 36.666666666666664, 16.666666666666664, 7.142857142857142, 15.384615384615385, 41.7910447761194, 17.72151898734177, 2.8901734104046244, 6.896551724137931, 7.291666666666667, 2.4691358024691357, 50.79365079365079, 12.244897959183673, 7.368421052631578, 15.384615384615385, 4.878048780487805, 9.30232558139535, 8.928571428571429, 12.871287128712872, 12.280701754385964, 5.208333333333334, 22.58064516129032, 19.672131147540984, 39.743589743589745, 15.625, 11.76470588235294, 6.666666666666667, 3.4482758620689653, 19.148936170212767, 12.5, 7.874015748031496, 3.7037037037037033, 6.122448979591836, 9.375, 4.3478260869565215, 15.217391304347828, 1.7241379310344827, 13.253012048192772, 6.557377049180328, 11.363636363636363, 14.705882352941178, 0.0, 39.130434782608695, 10.204081632653061, 5.263157894736842, 11.224489795918368, 5.263157894736842, 34.54545454545455, 7.216494845360824, 44.642857142857146, 18.0, 18.91891891891892, 24.210526315789473, 4.838709677419355, 16.129032258064516, 6.666666666666667, 44.81132075471698, 0.8333333333333334, 12.5, 31.03448275862069, 17.272727272727273, 2.5974025974025974, 3.3333333333333335, 5.128205128205128, 15.384615384615385, 30.76923076923077, 16.16766467065868, 18.96551724137931, 8.51063829787234, 70.73170731707317, 0.0, 4.132231404958678, 32.06106870229007, 21.673003802281368, 4.054054054054054, 13.043478260869565, 0.0, 77.77777777777779, 13.846153846153847, 2.3255813953488373, 6.521739130434782, 12.5, 7.142857142857142, 6.5420560747663545, 11.475409836065573, 100.0, 6.0606060606060606, 8.974358974358974, 7.079646017699115, 3.571428571428571, 13.0, 24.137931034482758, 1.1904761904761905, 7.784431137724551, 5.555555555555555, 19.230769230769234, 4.25531914893617, 2.5423728813559325, 10.989010989010989, 1.5384615384615385, 23.766816143497756, 2.631578947368421, 0.0, 6.486486486486487, 27.083333333333332, 8.403361344537815, 19.298245614035086, 13.513513513513514, 12.244897959183673, 32.55813953488372, 2.1505376344086025, 22.857142857142858, 41.66666666666667, 2.083333333333333, 12.5, 10.526315789473683, 26.82926829268293, 11.842105263157894, 1.9607843137254901]
RMSE: 23.99246676643445 [4, 900, 169, 144, 1, 64, 16, 729, 1, 1, 16, 25, 121, 81, 16, 16, 12544, 196, 25, 16, 49, 4, 4096, 36, 49, 16, 36, 16, 225, 676, 196, 25, 441, 144, 8649, 100, 64, 4, 4, 81, 25, 100, 9, 9, 9, 9, 49, 1, 121, 64, 25, 225, 0, 81, 25, 1, 121, 16, 361, 49, 15625, 81, 784, 529, 36, 25, 25, 9025, 1, 36, 3969, 361, 4, 1, 4, 16, 144, 729, 121, 16, 841, 0, 25, 1764, 3249, 9, 324, 0, 196, 81, 1, 9, 81, 36, 49, 49, 256, 36, 49, 64, 4, 169, 49, 4, 169, 4, 25, 4, 9, 100, 1, 2809, 4, 0, 144, 169, 100, 121, 25, 36, 196, 4, 64, 400, 1, 36, 36, 121, 81, 1]

pred: 12382 [48, 270, 80, 148, 74, 46, 50, 129, 53, 85, 138, 24, 19, 63, 60, 30, 380, 93, 178, 62, 103, 83, 190, 55, 102, 30, 117, 47, 183, 228, 128, 101, 114, 73, 327, 74, 76, 28, 56, 56, 45, 117, 84, 52, 35, 66, 39, 59, 94, 114, 49, 87, 71, 32, 44, 20, 109, 72, 74, 90, 405, 41, 176, 118, 130, 36, 80, 307, 121, 54, 266, 129, 75, 31, 41, 30, 51, 194, 47, 51, 70, 32, 116, 173, 320, 77, 156, 96, 4, 56, 42, 43, 81, 90, 114, 68, 32, 105, 71, 121, 58, 113, 36, 166, 180, 38, 31, 45, 121, 101, 66, 276, 74, 125, 197, 61, 129, 68, 42, 55, 57, 91, 27, 68, 47, 54, 63, 52, 85, 52]
real: 11073 [46, 240, 93, 136, 73, 38, 46, 102, 54, 84, 134, 29, 30, 54, 56, 26, 268, 79, 173, 58, 96, 81, 126, 49, 95, 26, 123, 43, 168, 202, 114, 96, 93, 61, 234, 64, 68, 30, 58, 47, 40, 127, 81, 49, 32, 69, 46, 58, 83, 122, 44, 102, 71, 23, 49, 19, 98, 76, 55, 97, 280, 50, 148, 95, 124, 31, 75, 212, 120, 48, 203, 110, 77, 30, 39, 26, 39, 167, 58, 47, 41, 32, 121, 131, 263, 74, 138, 96, 18, 65, 43, 46, 72, 84, 107, 61, 16, 99, 78, 113, 56, 100, 29, 168, 167, 36, 26, 47, 118, 91, 65, 223, 76, 125, 185, 48, 119, 57, 37, 49, 43, 93, 35, 48, 48, 48, 57, 41, 76, 51]

grid_scale: 0.2
resize_scale: 0.5
confiance: 0.65

random_seed: 1011
data_augmentation: True
samples: 130
