MAE: 8.569230769230769 [10, 14, 16, 3, 2, 1, 1, 14, 3, 7, 6, 2, 5, 10, 3, 0, 20, 3, 23, 12, 7, 6, 12, 2, 10, 2, 17, 4, 22, 41, 9, 15, 8, 0, 12, 7, 9, 9, 8, 2, 0, 24, 8, 1, 8, 6, 7, 2, 1, 12, 2, 17, 5, 2, 0, 3, 6, 6, 4, 12, 7, 5, 13, 6, 7, 4, 5, 7, 26, 2, 6, 0, 1, 2, 4, 5, 5, 26, 2, 18, 7, 2, 25, 20, 13, 7, 6, 24, 18, 3, 9, 3, 7, 6, 0, 2, 2, 26, 14, 17, 4, 10, 0, 17, 12, 0, 4, 10, 26, 11, 0, 39, 12, 10, 11, 5, 22, 11, 4, 1, 1, 19, 6, 4, 10, 0, 5, 5, 6, 4]
MAPE: 10.855170493914738 [21.73913043478261, 5.833333333333333, 17.20430107526882, 2.2058823529411766, 2.73972602739726, 2.631578947368421, 2.1739130434782608, 13.725490196078432, 5.555555555555555, 8.333333333333332, 4.477611940298507, 6.896551724137931, 16.666666666666664, 18.51851851851852, 5.357142857142857, 0.0, 7.462686567164178, 3.79746835443038, 13.294797687861271, 20.689655172413794, 7.291666666666667, 7.4074074074074066, 9.523809523809524, 4.081632653061225, 10.526315789473683, 7.6923076923076925, 13.821138211382115, 9.30232558139535, 13.095238095238097, 20.2970297029703, 7.894736842105263, 15.625, 8.60215053763441, 0.0, 5.128205128205128, 10.9375, 13.23529411764706, 30.0, 13.793103448275861, 4.25531914893617, 0.0, 18.89763779527559, 9.876543209876543, 2.0408163265306123, 25.0, 8.695652173913043, 15.217391304347828, 3.4482758620689653, 1.2048192771084338, 9.836065573770492, 4.545454545454546, 16.666666666666664, 7.042253521126761, 8.695652173913043, 0.0, 15.789473684210526, 6.122448979591836, 7.894736842105263, 7.2727272727272725, 12.371134020618557, 2.5, 10.0, 8.783783783783784, 6.315789473684211, 5.64516129032258, 12.903225806451612, 6.666666666666667, 3.30188679245283, 21.666666666666668, 4.166666666666666, 2.955665024630542, 0.0, 1.2987012987012987, 6.666666666666667, 10.256410256410255, 19.230769230769234, 12.82051282051282, 15.568862275449103, 3.4482758620689653, 38.297872340425535, 17.073170731707318, 6.25, 20.66115702479339, 15.267175572519085, 4.942965779467681, 9.45945945945946, 4.3478260869565215, 25.0, 100.0, 4.615384615384616, 20.930232558139537, 6.521739130434782, 9.722222222222223, 7.142857142857142, 0.0, 3.278688524590164, 12.5, 26.262626262626267, 17.94871794871795, 15.04424778761062, 7.142857142857142, 10.0, 0.0, 10.119047619047619, 7.18562874251497, 0.0, 15.384615384615385, 21.27659574468085, 22.033898305084744, 12.087912087912088, 0.0, 17.48878923766816, 15.789473684210526, 8.0, 5.9459459459459465, 10.416666666666668, 18.487394957983195, 19.298245614035086, 10.81081081081081, 2.0408163265306123, 2.3255813953488373, 20.43010752688172, 17.142857142857142, 8.333333333333332, 20.833333333333336, 0.0, 8.771929824561402, 12.195121951219512, 7.894736842105263, 7.8431372549019605]
RMSE: 11.630199416241256 [100, 196, 256, 9, 4, 1, 1, 196, 9, 49, 36, 4, 25, 100, 9, 0, 400, 9, 529, 144, 49, 36, 144, 4, 100, 4, 289, 16, 484, 1681, 81, 225, 64, 0, 144, 49, 81, 81, 64, 4, 0, 576, 64, 1, 64, 36, 49, 4, 1, 144, 4, 289, 25, 4, 0, 9, 36, 36, 16, 144, 49, 25, 169, 36, 49, 16, 25, 49, 676, 4, 36, 0, 1, 4, 16, 25, 25, 676, 4, 324, 49, 4, 625, 400, 169, 49, 36, 576, 324, 9, 81, 9, 49, 36, 0, 4, 4, 676, 196, 289, 16, 100, 0, 289, 144, 0, 16, 100, 676, 121, 0, 1521, 144, 100, 121, 25, 484, 121, 16, 1, 1, 361, 36, 16, 100, 0, 25, 25, 36, 16]

pred: 10273 [36, 226, 77, 133, 71, 39, 47, 116, 51, 91, 128, 27, 25, 64, 53, 26, 248, 76, 150, 46, 89, 75, 114, 47, 105, 24, 106, 39, 146, 161, 105, 81, 85, 61, 246, 57, 77, 21, 50, 45, 40, 103, 89, 48, 24, 63, 39, 56, 84, 110, 42, 85, 66, 21, 49, 22, 104, 70, 59, 85, 273, 45, 135, 89, 117, 27, 70, 205, 94, 46, 197, 110, 76, 28, 35, 21, 34, 141, 56, 29, 48, 30, 96, 151, 250, 67, 132, 72, 0, 62, 34, 43, 65, 78, 107, 59, 14, 73, 64, 96, 52, 90, 29, 185, 179, 36, 22, 37, 92, 80, 65, 184, 64, 115, 174, 43, 97, 68, 33, 48, 42, 74, 29, 52, 38, 48, 52, 36, 70, 47]
real: 11073 [46, 240, 93, 136, 73, 38, 46, 102, 54, 84, 134, 29, 30, 54, 56, 26, 268, 79, 173, 58, 96, 81, 126, 49, 95, 26, 123, 43, 168, 202, 114, 96, 93, 61, 234, 64, 68, 30, 58, 47, 40, 127, 81, 49, 32, 69, 46, 58, 83, 122, 44, 102, 71, 23, 49, 19, 98, 76, 55, 97, 280, 50, 148, 95, 124, 31, 75, 212, 120, 48, 203, 110, 77, 30, 39, 26, 39, 167, 58, 47, 41, 32, 121, 131, 263, 74, 138, 96, 18, 65, 43, 46, 72, 84, 107, 61, 16, 99, 78, 113, 56, 100, 29, 168, 167, 36, 26, 47, 118, 91, 65, 223, 76, 125, 185, 48, 119, 57, 37, 49, 43, 93, 35, 48, 48, 48, 57, 41, 76, 51]

grid_scale: 0.4
resize_scale: 0.5
confiance: 0.85

random_seed: 1011
data_augmentation: True
samples: 130
