MAE: 17.130769230769232 [6, 48, 8, 22, 20, 9, 3, 42, 12, 6, 28, 1, 9, 11, 13, 3, 156, 21, 26, 11, 10, 9, 81, 6, 17, 6, 8, 1, 28, 29, 11, 9, 10, 13, 112, 14, 5, 2, 3, 8, 12, 12, 2, 5, 8, 2, 4, 21, 11, 8, 15, 6, 11, 7, 7, 2, 12, 3, 27, 13, 131, 0, 33, 16, 13, 2, 1, 137, 5, 11, 80, 13, 8, 5, 4, 4, 9, 28, 3, 1, 26, 3, 1, 47, 95, 11, 17, 2, 9, 10, 4, 4, 17, 5, 20, 20, 14, 7, 4, 18, 7, 6, 4, 19, 15, 11, 8, 6, 2, 10, 8, 58, 7, 11, 19, 18, 35, 12, 1, 13, 20, 4, 2, 19, 3, 15, 6, 12, 9, 4]
MAPE: 18.48016601929666 [13.043478260869565, 20.0, 8.60215053763441, 16.176470588235293, 27.397260273972602, 23.684210526315788, 6.521739130434782, 41.17647058823529, 22.22222222222222, 7.142857142857142, 20.8955223880597, 3.4482758620689653, 30.0, 20.37037037037037, 23.214285714285715, 11.538461538461538, 58.2089552238806, 26.582278481012654, 15.028901734104046, 18.96551724137931, 10.416666666666668, 11.11111111111111, 64.28571428571429, 12.244897959183673, 17.894736842105264, 23.076923076923077, 6.504065040650407, 2.3255813953488373, 16.666666666666664, 14.356435643564355, 9.649122807017543, 9.375, 10.75268817204301, 21.311475409836063, 47.863247863247864, 21.875, 7.352941176470589, 6.666666666666667, 5.172413793103448, 17.02127659574468, 30.0, 9.448818897637794, 2.4691358024691357, 10.204081632653061, 25.0, 2.898550724637681, 8.695652173913043, 36.206896551724135, 13.253012048192772, 6.557377049180328, 34.090909090909086, 5.88235294117647, 15.492957746478872, 30.434782608695656, 14.285714285714285, 10.526315789473683, 12.244897959183673, 3.9473684210526314, 49.09090909090909, 13.402061855670103, 46.785714285714285, 0.0, 22.2972972972973, 16.842105263157894, 10.483870967741936, 6.451612903225806, 1.3333333333333335, 64.62264150943396, 4.166666666666666, 22.916666666666664, 39.40886699507389, 11.818181818181818, 10.38961038961039, 16.666666666666664, 10.256410256410255, 15.384615384615385, 23.076923076923077, 16.766467065868262, 5.172413793103448, 2.127659574468085, 63.41463414634146, 9.375, 0.8264462809917356, 35.87786259541985, 36.12167300380228, 14.864864864864865, 12.318840579710146, 2.083333333333333, 50.0, 15.384615384615385, 9.30232558139535, 8.695652173913043, 23.61111111111111, 5.952380952380952, 18.69158878504673, 32.78688524590164, 87.5, 7.07070707070707, 5.128205128205128, 15.929203539823009, 12.5, 6.0, 13.793103448275861, 11.30952380952381, 8.982035928143713, 30.555555555555557, 30.76923076923077, 12.76595744680851, 1.694915254237288, 10.989010989010989, 12.307692307692308, 26.00896860986547, 9.210526315789473, 8.799999999999999, 10.27027027027027, 37.5, 29.411764705882355, 21.052631578947366, 2.7027027027027026, 26.53061224489796, 46.51162790697674, 4.301075268817205, 5.714285714285714, 39.58333333333333, 6.25, 31.25, 10.526315789473683, 29.268292682926827, 11.842105263157894, 7.8431372549019605]
RMSE: 30.916886100541337 [36, 2304, 64, 484, 400, 81, 9, 1764, 144, 36, 784, 1, 81, 121, 169, 9, 24336, 441, 676, 121, 100, 81, 6561, 36, 289, 36, 64, 1, 784, 841, 121, 81, 100, 169, 12544, 196, 25, 4, 9, 64, 144, 144, 4, 25, 64, 4, 16, 441, 121, 64, 225, 36, 121, 49, 49, 4, 144, 9, 729, 169, 17161, 0, 1089, 256, 169, 4, 1, 18769, 25, 121, 6400, 169, 64, 25, 16, 16, 81, 784, 9, 1, 676, 9, 1, 2209, 9025, 121, 289, 4, 81, 100, 16, 16, 289, 25, 400, 400, 196, 49, 16, 324, 49, 36, 16, 361, 225, 121, 64, 36, 4, 100, 64, 3364, 49, 121, 361, 324, 1225, 144, 1, 169, 400, 16, 4, 361, 9, 225, 36, 144, 81, 16]

pred: 13140 [52, 288, 85, 158, 93, 47, 49, 144, 66, 90, 162, 30, 21, 65, 69, 29, 424, 100, 199, 69, 106, 90, 207, 55, 112, 32, 131, 44, 196, 231, 125, 105, 103, 74, 346, 78, 73, 32, 61, 55, 52, 115, 83, 54, 40, 71, 42, 79, 94, 130, 59, 96, 82, 30, 56, 21, 110, 79, 82, 110, 411, 50, 181, 111, 137, 33, 76, 349, 115, 59, 283, 123, 69, 25, 43, 30, 48, 195, 55, 46, 67, 35, 122, 178, 358, 85, 155, 98, 9, 55, 47, 50, 89, 89, 127, 81, 30, 106, 82, 131, 63, 106, 33, 187, 182, 47, 34, 53, 120, 101, 73, 281, 83, 136, 204, 66, 154, 69, 38, 62, 63, 97, 37, 67, 51, 63, 63, 53, 85, 55]
real: 11073 [46, 240, 93, 136, 73, 38, 46, 102, 54, 84, 134, 29, 30, 54, 56, 26, 268, 79, 173, 58, 96, 81, 126, 49, 95, 26, 123, 43, 168, 202, 114, 96, 93, 61, 234, 64, 68, 30, 58, 47, 40, 127, 81, 49, 32, 69, 46, 58, 83, 122, 44, 102, 71, 23, 49, 19, 98, 76, 55, 97, 280, 50, 148, 95, 124, 31, 75, 212, 120, 48, 203, 110, 77, 30, 39, 26, 39, 167, 58, 47, 41, 32, 121, 131, 263, 74, 138, 96, 18, 65, 43, 46, 72, 84, 107, 61, 16, 99, 78, 113, 56, 100, 29, 168, 167, 36, 26, 47, 118, 91, 65, 223, 76, 125, 185, 48, 119, 57, 37, 49, 43, 93, 35, 48, 48, 48, 57, 41, 76, 51]

grid_scale: 0.2
resize_scale: 0.5
confiance: 0.55

random_seed: 1011
data_augmentation: True
samples: 130
