MAE: 8.592307692307692 [7, 38, 2, 26, 4, 4, 1, 27, 4, 3, 3, 1, 1, 2, 9, 5, 13, 19, 3, 8, 4, 4, 4, 0, 7, 3, 15, 1, 2, 25, 15, 9, 12, 11, 4, 9, 13, 0, 1, 7, 5, 0, 32, 5, 2, 12, 6, 1, 9, 0, 5, 16, 4, 2, 1, 4, 19, 0, 3, 12, 30, 2, 26, 19, 26, 1, 1, 35, 4, 9, 26, 23, 5, 2, 1, 7, 5, 4, 13, 7, 6, 5, 5, 34, 9, 2, 16, 0, 17, 1, 6, 3, 2, 1, 19, 4, 3, 10, 1, 11, 5, 2, 6, 26, 33, 7, 6, 12, 26, 6, 8, 25, 1, 2, 8, 11, 5, 18, 1, 1, 2, 7, 4, 11, 2, 7, 1, 3, 3, 3]
MAPE: 10.982099533865311 [15.217391304347828, 15.833333333333332, 2.1505376344086025, 19.11764705882353, 5.47945205479452, 10.526315789473683, 2.1739130434782608, 26.47058823529412, 7.4074074074074066, 3.571428571428571, 2.2388059701492535, 3.4482758620689653, 3.3333333333333335, 3.7037037037037033, 16.071428571428573, 19.230769230769234, 4.850746268656716, 24.050632911392405, 1.7341040462427744, 13.793103448275861, 4.166666666666666, 4.938271604938271, 3.1746031746031744, 0.0, 7.368421052631578, 11.538461538461538, 12.195121951219512, 2.3255813953488373, 1.1904761904761905, 12.376237623762377, 13.157894736842104, 9.375, 12.903225806451612, 18.0327868852459, 1.7094017094017095, 14.0625, 19.11764705882353, 0.0, 1.7241379310344827, 14.893617021276595, 12.5, 0.0, 39.50617283950617, 10.204081632653061, 6.25, 17.391304347826086, 13.043478260869565, 1.7241379310344827, 10.843373493975903, 0.0, 11.363636363636363, 15.686274509803921, 5.633802816901409, 8.695652173913043, 2.0408163265306123, 21.052631578947366, 19.387755102040817, 0.0, 5.454545454545454, 12.371134020618557, 10.714285714285714, 4.0, 17.56756756756757, 20.0, 20.967741935483872, 3.225806451612903, 1.3333333333333335, 16.50943396226415, 3.3333333333333335, 18.75, 12.807881773399016, 20.909090909090907, 6.493506493506493, 6.666666666666667, 2.564102564102564, 26.923076923076923, 12.82051282051282, 2.3952095808383236, 22.413793103448278, 14.893617021276595, 14.634146341463413, 15.625, 4.132231404958678, 25.954198473282442, 3.4220532319391634, 2.7027027027027026, 11.594202898550725, 0.0, 94.44444444444444, 1.5384615384615385, 13.953488372093023, 6.521739130434782, 2.7777777777777777, 1.1904761904761905, 17.75700934579439, 6.557377049180328, 18.75, 10.1010101010101, 1.282051282051282, 9.734513274336283, 8.928571428571429, 2.0, 20.689655172413794, 15.476190476190476, 19.760479041916167, 19.444444444444446, 23.076923076923077, 25.53191489361702, 22.033898305084744, 6.593406593406594, 12.307692307692308, 11.210762331838566, 1.3157894736842104, 1.6, 4.324324324324325, 22.916666666666664, 4.201680672268908, 31.57894736842105, 2.7027027027027026, 2.0408163265306123, 4.651162790697675, 7.526881720430108, 11.428571428571429, 22.916666666666664, 4.166666666666666, 14.583333333333334, 1.7543859649122806, 7.317073170731707, 3.9473684210526314, 5.88235294117647]
RMSE: 12.400682363359005 [49, 1444, 4, 676, 16, 16, 1, 729, 16, 9, 9, 1, 1, 4, 81, 25, 169, 361, 9, 64, 16, 16, 16, 0, 49, 9, 225, 1, 4, 625, 225, 81, 144, 121, 16, 81, 169, 0, 1, 49, 25, 0, 1024, 25, 4, 144, 36, 1, 81, 0, 25, 256, 16, 4, 1, 16, 361, 0, 9, 144, 900, 4, 676, 361, 676, 1, 1, 1225, 16, 81, 676, 529, 25, 4, 1, 49, 25, 16, 169, 49, 36, 25, 25, 1156, 81, 4, 256, 0, 289, 1, 36, 9, 4, 1, 361, 16, 9, 100, 1, 121, 25, 4, 36, 676, 1089, 49, 36, 144, 676, 36, 64, 625, 1, 4, 64, 121, 25, 324, 1, 1, 4, 49, 16, 121, 4, 49, 1, 9, 9, 9]

pred: 11642 [39, 278, 95, 162, 77, 34, 47, 129, 50, 87, 131, 28, 31, 52, 47, 31, 281, 98, 170, 66, 100, 85, 130, 49, 102, 23, 108, 42, 166, 177, 129, 105, 105, 72, 238, 73, 81, 30, 59, 40, 45, 127, 113, 54, 34, 81, 40, 59, 92, 122, 49, 86, 67, 21, 50, 23, 117, 76, 58, 109, 310, 48, 174, 114, 150, 30, 74, 247, 124, 57, 229, 133, 72, 32, 40, 33, 44, 171, 71, 40, 47, 37, 116, 165, 272, 76, 154, 96, 1, 64, 37, 49, 70, 83, 126, 65, 19, 89, 79, 102, 61, 98, 35, 194, 200, 43, 32, 35, 92, 97, 73, 198, 75, 123, 193, 59, 124, 75, 36, 50, 45, 100, 31, 59, 46, 41, 58, 38, 73, 48]
real: 11073 [46, 240, 93, 136, 73, 38, 46, 102, 54, 84, 134, 29, 30, 54, 56, 26, 268, 79, 173, 58, 96, 81, 126, 49, 95, 26, 123, 43, 168, 202, 114, 96, 93, 61, 234, 64, 68, 30, 58, 47, 40, 127, 81, 49, 32, 69, 46, 58, 83, 122, 44, 102, 71, 23, 49, 19, 98, 76, 55, 97, 280, 50, 148, 95, 124, 31, 75, 212, 120, 48, 203, 110, 77, 30, 39, 26, 39, 167, 58, 47, 41, 32, 121, 131, 263, 74, 138, 96, 18, 65, 43, 46, 72, 84, 107, 61, 16, 99, 78, 113, 56, 100, 29, 168, 167, 36, 26, 47, 118, 91, 65, 223, 76, 125, 185, 48, 119, 57, 37, 49, 43, 93, 35, 48, 48, 48, 57, 41, 76, 51]

grid_scale: 0.4
resize_scale: 0.5
confiance: 0.7

random_seed: 1011
data_augmentation: True
samples: 130
