MAE: 15.538461538461538 [5, 3, 11, 5, 19, 3, 6, 56, 19, 34, 19, 2, 2, 22, 13, 5, 18, 47, 17, 6, 34, 18, 8, 1, 44, 7, 9, 4, 5, 27, 41, 4, 21, 7, 2, 13, 27, 3, 10, 2, 7, 30, 49, 6, 1, 18, 2, 14, 39, 39, 5, 10, 5, 6, 23, 5, 47, 31, 15, 18, 15, 5, 12, 44, 23, 0, 25, 0, 18, 26, 16, 33, 32, 2, 8, 11, 7, 5, 26, 20, 34, 4, 5, 21, 4, 6, 26, 3, 17, 14, 14, 14, 6, 2, 38, 4, 3, 28, 1, 3, 12, 6, 1, 40, 50, 25, 14, 11, 2, 8, 8, 75, 10, 31, 0, 20, 0, 31, 2, 23, 4, 22, 3, 20, 11, 9, 12, 3, 8, 15]
MAPE: 21.53201137134744 [10.869565217391305, 1.25, 11.827956989247312, 3.6764705882352944, 26.027397260273972, 7.894736842105263, 13.043478260869565, 54.90196078431373, 35.18518518518518, 40.476190476190474, 14.17910447761194, 6.896551724137931, 6.666666666666667, 40.74074074074074, 23.214285714285715, 19.230769230769234, 6.7164179104477615, 59.49367088607595, 9.826589595375722, 10.344827586206897, 35.41666666666667, 22.22222222222222, 6.349206349206349, 2.0408163265306123, 46.31578947368421, 26.923076923076923, 7.317073170731707, 9.30232558139535, 2.976190476190476, 13.366336633663368, 35.96491228070175, 4.166666666666666, 22.58064516129032, 11.475409836065573, 0.8547008547008548, 20.3125, 39.705882352941174, 10.0, 17.24137931034483, 4.25531914893617, 17.5, 23.62204724409449, 60.49382716049383, 12.244897959183673, 3.125, 26.08695652173913, 4.3478260869565215, 24.137931034482758, 46.98795180722892, 31.967213114754102, 11.363636363636363, 9.803921568627452, 7.042253521126761, 26.08695652173913, 46.93877551020408, 26.31578947368421, 47.95918367346938, 40.78947368421053, 27.27272727272727, 18.556701030927837, 5.357142857142857, 10.0, 8.108108108108109, 46.31578947368421, 18.548387096774192, 0.0, 33.33333333333333, 0.0, 15.0, 54.166666666666664, 7.8817733990147785, 30.0, 41.55844155844156, 6.666666666666667, 20.51282051282051, 42.30769230769231, 17.94871794871795, 2.9940119760479043, 44.827586206896555, 42.5531914893617, 82.92682926829268, 12.5, 4.132231404958678, 16.030534351145036, 1.520912547528517, 8.108108108108109, 18.84057971014493, 3.125, 94.44444444444444, 21.53846153846154, 32.55813953488372, 30.434782608695656, 8.333333333333332, 2.380952380952381, 35.51401869158878, 6.557377049180328, 18.75, 28.28282828282828, 1.282051282051282, 2.6548672566371683, 21.428571428571427, 6.0, 3.4482758620689653, 23.809523809523807, 29.94011976047904, 69.44444444444444, 53.84615384615385, 23.404255319148938, 1.694915254237288, 8.791208791208792, 12.307692307692308, 33.6322869955157, 13.157894736842104, 24.8, 0.0, 41.66666666666667, 0.0, 54.385964912280706, 5.405405405405405, 46.93877551020408, 9.30232558139535, 23.655913978494624, 8.571428571428571, 41.66666666666667, 22.916666666666664, 18.75, 21.052631578947366, 7.317073170731707, 10.526315789473683, 29.411764705882355]
RMSE: 21.008057062433487 [25, 9, 121, 25, 361, 9, 36, 3136, 361, 1156, 361, 4, 4, 484, 169, 25, 324, 2209, 289, 36, 1156, 324, 64, 1, 1936, 49, 81, 16, 25, 729, 1681, 16, 441, 49, 4, 169, 729, 9, 100, 4, 49, 900, 2401, 36, 1, 324, 4, 196, 1521, 1521, 25, 100, 25, 36, 529, 25, 2209, 961, 225, 324, 225, 25, 144, 1936, 529, 0, 625, 0, 324, 676, 256, 1089, 1024, 4, 64, 121, 49, 25, 676, 400, 1156, 16, 25, 441, 16, 36, 676, 9, 289, 196, 196, 196, 36, 4, 1444, 16, 9, 784, 1, 9, 144, 36, 1, 1600, 2500, 625, 196, 121, 4, 64, 64, 5625, 100, 961, 0, 400, 0, 961, 4, 529, 16, 484, 9, 400, 121, 81, 144, 9, 64, 225]

pred: 12613 [51, 243, 104, 131, 92, 35, 52, 158, 73, 118, 153, 27, 32, 76, 69, 31, 250, 126, 190, 64, 130, 99, 134, 48, 139, 33, 132, 47, 173, 175, 155, 92, 114, 68, 232, 77, 95, 33, 68, 49, 47, 157, 130, 43, 33, 87, 44, 72, 122, 161, 49, 112, 76, 29, 72, 24, 145, 107, 70, 115, 295, 55, 160, 139, 147, 31, 100, 212, 138, 74, 219, 143, 109, 32, 47, 37, 46, 172, 84, 27, 75, 36, 126, 152, 267, 80, 164, 93, 1, 79, 57, 60, 78, 86, 145, 65, 19, 71, 77, 116, 68, 106, 30, 208, 217, 61, 40, 36, 116, 99, 73, 148, 86, 156, 185, 68, 119, 88, 35, 72, 47, 115, 38, 68, 37, 57, 69, 44, 84, 66]
real: 11073 [46, 240, 93, 136, 73, 38, 46, 102, 54, 84, 134, 29, 30, 54, 56, 26, 268, 79, 173, 58, 96, 81, 126, 49, 95, 26, 123, 43, 168, 202, 114, 96, 93, 61, 234, 64, 68, 30, 58, 47, 40, 127, 81, 49, 32, 69, 46, 58, 83, 122, 44, 102, 71, 23, 49, 19, 98, 76, 55, 97, 280, 50, 148, 95, 124, 31, 75, 212, 120, 48, 203, 110, 77, 30, 39, 26, 39, 167, 58, 47, 41, 32, 121, 131, 263, 74, 138, 96, 18, 65, 43, 46, 72, 84, 107, 61, 16, 99, 78, 113, 56, 100, 29, 168, 167, 36, 26, 47, 118, 91, 65, 223, 76, 125, 185, 48, 119, 57, 37, 49, 43, 93, 35, 48, 48, 48, 57, 41, 76, 51]

grid_scale: 0.5
resize_scale: 0.5
confiance: 0.5

random_seed: 1011
data_augmentation: True
samples: 130
