MAE: 7.9 [2, 3, 2, 1, 12, 1, 2, 34, 0, 3, 2, 5, 2, 31, 5, 2, 6, 25, 3, 2, 30, 9, 6, 2, 0, 3, 9, 15, 8, 1, 2, 0, 3, 0, 1, 2, 9, 3, 15, 2, 2, 6, 4, 4, 18, 4, 18, 2, 7, 1, 1, 3, 5, 46, 21, 6, 4, 2, 1, 10, 2, 2, 0, 0, 13, 13, 5, 60, 0, 3, 2, 6, 6, 1, 0, 4, 2, 1, 3, 2, 12, 11, 2, 1, 7, 1, 0, 2, 21, 7, 11, 81, 0, 7, 4, 4, 6, 6, 29, 1, 0, 2, 2, 12, 10, 4, 71, 4, 1, 11, 27, 1, 2, 4, 20, 6, 2, 6, 6, 10, 4, 2, 4, 2, 5, 9, 4, 12, 10, 8]
MAPE: 9.194612029908823 [2.4096385542168677, 7.5, 0.9900990099009901, 2.3255813953488373, 11.76470588235294, 3.4482758620689653, 2.666666666666667, 12.927756653992395, 0.0, 6.521739130434782, 12.5, 10.416666666666668, 1.6, 23.66412213740458, 7.352941176470589, 2.631578947368421, 19.35483870967742, 10.416666666666668, 5.263157894736842, 6.666666666666667, 14.77832512315271, 9.183673469387756, 4.477611940298507, 2.0, 0.0, 5.263157894736842, 18.75, 31.25, 17.02127659574468, 1.7241379310344827, 1.6666666666666667, 0.0, 5.172413793103448, 0.0, 1.639344262295082, 7.6923076923076925, 18.75, 4.054054054054054, 31.25, 6.666666666666667, 2.73972602739726, 5.3097345132743365, 13.793103448275861, 3.361344537815126, 22.22222222222222, 4.166666666666666, 100.0, 4.651162790697675, 7.291666666666667, 2.127659574468085, 1.098901098901099, 1.7341040462427744, 2.976190476190476, 21.69811320754717, 16.666666666666664, 7.894736842105263, 5.633802816901409, 6.25, 2.857142857142857, 24.390243902439025, 3.076923076923077, 7.6923076923076925, 0.0, 0.0, 7.027027027027027, 10.483870967741936, 10.204081632653061, 21.428571428571427, 0.0, 3.225806451612903, 5.128205128205128, 13.043478260869565, 7.894736842105263, 1.1904761904761905, 0.0, 21.052631578947366, 1.639344262295082, 0.8264462809917356, 6.122448979591836, 4.081632653061225, 12.631578947368421, 9.322033898305085, 6.25, 0.5988023952095809, 5.072463768115942, 1.3888888888888888, 0.0, 4.3478260869565215, 20.588235294117645, 23.333333333333332, 11.827956989247312, 30.223880597014922, 0.0, 12.5, 17.391304347826086, 4.2105263157894735, 9.230769230769232, 10.344827586206897, 19.594594594594593, 2.1739130434782608, 0.0, 2.0618556701030926, 4.878048780487805, 20.689655172413794, 15.625, 4.301075268817205, 30.34188034188034, 15.384615384615385, 2.272727272727273, 6.58682634730539, 12.10762331838565, 1.1904761904761905, 3.571428571428571, 8.0, 11.904761904761903, 8.695652173913043, 3.278688524590164, 23.076923076923077, 4.724409448818897, 18.51851851851852, 3.6363636363636362, 2.4691358024691357, 2.941176470588235, 2.564102564102564, 5.208333333333334, 16.363636363636363, 8.16326530612245, 15.18987341772152, 21.27659574468085, 6.504065040650407]
RMSE: 14.719688541855456 [4, 9, 4, 1, 144, 1, 4, 1156, 0, 9, 4, 25, 4, 961, 25, 4, 36, 625, 9, 4, 900, 81, 36, 4, 0, 9, 81, 225, 64, 1, 4, 0, 9, 0, 1, 4, 81, 9, 225, 4, 4, 36, 16, 16, 324, 16, 324, 4, 49, 1, 1, 9, 25, 2116, 441, 36, 16, 4, 1, 100, 4, 4, 0, 0, 169, 169, 25, 3600, 0, 9, 4, 36, 36, 1, 0, 16, 4, 1, 9, 4, 144, 121, 4, 1, 49, 1, 0, 4, 441, 49, 121, 6561, 0, 49, 16, 16, 36, 36, 841, 1, 0, 4, 4, 144, 100, 16, 5041, 16, 1, 121, 729, 1, 4, 16, 400, 36, 4, 36, 36, 100, 16, 4, 16, 4, 25, 81, 16, 144, 100, 64]

pred: 11742 [85, 43, 200, 42, 90, 28, 77, 297, 43, 49, 18, 53, 123, 162, 73, 78, 25, 265, 60, 28, 233, 107, 140, 98, 114, 54, 57, 63, 39, 57, 122, 99, 55, 54, 62, 28, 39, 77, 63, 28, 71, 119, 33, 115, 99, 100, 0, 41, 103, 46, 90, 176, 163, 258, 147, 82, 67, 30, 36, 51, 63, 28, 37, 39, 198, 137, 54, 340, 77, 90, 37, 40, 82, 83, 38, 23, 124, 122, 46, 47, 107, 129, 34, 168, 145, 71, 36, 48, 123, 23, 82, 349, 51, 63, 27, 91, 59, 64, 177, 45, 107, 99, 43, 70, 74, 97, 305, 30, 43, 178, 250, 83, 54, 54, 188, 75, 59, 32, 121, 64, 114, 83, 140, 76, 91, 64, 53, 91, 37, 115]
real: 11073 [83, 40, 202, 43, 102, 29, 75, 263, 43, 46, 16, 48, 125, 131, 68, 76, 31, 240, 57, 30, 203, 98, 134, 100, 114, 57, 48, 48, 47, 58, 120, 99, 58, 54, 61, 26, 48, 74, 48, 30, 73, 113, 29, 119, 81, 96, 18, 43, 96, 47, 91, 173, 168, 212, 126, 76, 71, 32, 35, 41, 65, 26, 37, 39, 185, 124, 49, 280, 77, 93, 39, 46, 76, 84, 38, 19, 122, 121, 49, 49, 95, 118, 32, 167, 138, 72, 36, 46, 102, 30, 93, 268, 51, 56, 23, 95, 65, 58, 148, 46, 107, 97, 41, 58, 64, 93, 234, 26, 44, 167, 223, 84, 56, 50, 168, 69, 61, 26, 127, 54, 110, 81, 136, 78, 96, 55, 49, 79, 47, 123]

grid_scale: 0.3
resize_scale: 0.5
confiance: 0.75

random_seed: 1011
data_augmentation: False
samples: 130
