MAE: 118.16923076923077 [69, 278, 144, 189, 101, 50, 49, 162, 57, 131, 171, 40, 26, 79, 75, 42, 287, 148, 173, 58, 198, 83, 192, 53, 154, 24, 174, 52, 195, 244, 198, 113, 171, 82, 295, 113, 114, 33, 57, 48, 51, 188, 138, 49, 33, 107, 60, 84, 142, 178, 74, 132, 85, 29, 96, 20, 177, 140, 98, 145, 398, 67, 160, 144, 135, 46, 89, 357, 214, 75, 284, 153, 149, 35, 53, 52, 50, 203, 95, 45, 84, 38, 179, 185, 242, 78, 207, 161, 8, 51, 51, 65, 98, 94, 169, 77, 41, 171, 132, 172, 72, 141, 29, 223, 257, 64, 53, 59, 206, 130, 77, 262, 79, 179, 296, 85, 141, 102, 23, 90, 50, 142, 40, 110, 57, 56, 71, 69, 75, 69]
MAPE: 139.6377089901995 [150.0, 115.83333333333334, 154.83870967741936, 138.97058823529412, 138.35616438356163, 131.57894736842107, 106.5217391304348, 158.8235294117647, 105.55555555555556, 155.95238095238096, 127.61194029850746, 137.93103448275863, 86.66666666666667, 146.2962962962963, 133.92857142857142, 161.53846153846155, 107.08955223880596, 187.34177215189874, 100.0, 100.0, 206.25, 102.46913580246914, 152.38095238095238, 108.16326530612245, 162.10526315789474, 92.3076923076923, 141.46341463414635, 120.93023255813952, 116.07142857142858, 120.79207920792079, 173.6842105263158, 117.70833333333333, 183.8709677419355, 134.4262295081967, 126.06837606837607, 176.5625, 167.64705882352942, 110.00000000000001, 98.27586206896551, 102.12765957446808, 127.49999999999999, 148.03149606299212, 170.37037037037038, 100.0, 103.125, 155.07246376811594, 130.43478260869566, 144.82758620689654, 171.08433734939757, 145.9016393442623, 168.1818181818182, 129.41176470588235, 119.71830985915493, 126.08695652173914, 195.91836734693877, 105.26315789473684, 180.6122448979592, 184.21052631578948, 178.1818181818182, 149.48453608247422, 142.14285714285714, 134.0, 108.10810810810811, 151.57894736842107, 108.87096774193547, 148.38709677419354, 118.66666666666667, 168.39622641509433, 178.33333333333334, 156.25, 139.9014778325123, 139.0909090909091, 193.5064935064935, 116.66666666666667, 135.8974358974359, 200.0, 128.2051282051282, 121.55688622754491, 163.79310344827587, 95.74468085106383, 204.8780487804878, 118.75, 147.93388429752065, 141.22137404580153, 92.01520912547528, 105.40540540540539, 150.0, 167.70833333333331, 44.44444444444444, 78.46153846153847, 118.6046511627907, 141.30434782608697, 136.11111111111111, 111.90476190476191, 157.94392523364488, 126.22950819672131, 256.25, 172.72727272727272, 169.23076923076923, 152.21238938053096, 128.57142857142858, 141.0, 100.0, 132.73809523809524, 153.89221556886227, 177.77777777777777, 203.84615384615384, 125.53191489361701, 174.5762711864407, 142.85714285714286, 118.46153846153847, 117.48878923766817, 103.94736842105263, 143.2, 160.0, 177.08333333333331, 118.4873949579832, 178.94736842105263, 62.16216216216216, 183.67346938775512, 116.27906976744187, 152.68817204301075, 114.28571428571428, 229.16666666666666, 118.75, 116.66666666666667, 124.56140350877195, 168.29268292682926, 98.68421052631578, 135.29411764705884]
RMSE: 140.36008637128236 [4761, 77284, 20736, 35721, 10201, 2500, 2401, 26244, 3249, 17161, 29241, 1600, 676, 6241, 5625, 1764, 82369, 21904, 29929, 3364, 39204, 6889, 36864, 2809, 23716, 576, 30276, 2704, 38025, 59536, 39204, 12769, 29241, 6724, 87025, 12769, 12996, 1089, 3249, 2304, 2601, 35344, 19044, 2401, 1089, 11449, 3600, 7056, 20164, 31684, 5476, 17424, 7225, 841, 9216, 400, 31329, 19600, 9604, 21025, 158404, 4489, 25600, 20736, 18225, 2116, 7921, 127449, 45796, 5625, 80656, 23409, 22201, 1225, 2809, 2704, 2500, 41209, 9025, 2025, 7056, 1444, 32041, 34225, 58564, 6084, 42849, 25921, 64, 2601, 2601, 4225, 9604, 8836, 28561, 5929, 1681, 29241, 17424, 29584, 5184, 19881, 841, 49729, 66049, 4096, 2809, 3481, 42436, 16900, 5929, 68644, 6241, 32041, 87616, 7225, 19881, 10404, 529, 8100, 2500, 20164, 1600, 12100, 3249, 3136, 5041, 4761, 5625, 4761]

pred: 26419 [115, 518, 237, 325, 174, 88, 95, 264, 111, 215, 305, 69, 56, 133, 131, 68, 555, 227, 346, 116, 294, 164, 318, 102, 249, 50, 297, 95, 363, 446, 312, 209, 264, 143, 529, 177, 182, 63, 115, 95, 91, 315, 219, 98, 65, 176, 106, 142, 225, 300, 118, 234, 156, 52, 145, 39, 275, 216, 153, 242, 678, 117, 308, 239, 259, 77, 164, 569, 334, 123, 487, 263, 226, 65, 92, 78, 89, 370, 153, 92, 125, 70, 300, 316, 505, 152, 345, 257, 10, 116, 94, 111, 170, 178, 276, 138, 57, 270, 210, 285, 128, 241, 58, 391, 424, 100, 79, 106, 324, 221, 142, 485, 155, 304, 481, 133, 260, 159, 60, 139, 93, 235, 75, 158, 105, 104, 128, 110, 151, 120]
real: 11073 [46, 240, 93, 136, 73, 38, 46, 102, 54, 84, 134, 29, 30, 54, 56, 26, 268, 79, 173, 58, 96, 81, 126, 49, 95, 26, 123, 43, 168, 202, 114, 96, 93, 61, 234, 64, 68, 30, 58, 47, 40, 127, 81, 49, 32, 69, 46, 58, 83, 122, 44, 102, 71, 23, 49, 19, 98, 76, 55, 97, 280, 50, 148, 95, 124, 31, 75, 212, 120, 48, 203, 110, 77, 30, 39, 26, 39, 167, 58, 47, 41, 32, 121, 131, 263, 74, 138, 96, 18, 65, 43, 46, 72, 84, 107, 61, 16, 99, 78, 113, 56, 100, 29, 168, 167, 36, 26, 47, 118, 91, 65, 223, 76, 125, 185, 48, 119, 57, 37, 49, 43, 93, 35, 48, 48, 48, 57, 41, 76, 51]

grid_scale: 0.3
resize_scale: 0.5
confiance: 0.2

random_seed: 1011
data_augmentation: True
samples: 130
