MAE: 84.2 [44, 240, 93, 133, 72, 37, 46, 99, 51, 81, 131, 29, 30, 52, 56, 26, 264, 79, 172, 58, 96, 80, 126, 49, 94, 26, 121, 43, 168, 202, 113, 96, 93, 61, 231, 63, 68, 30, 57, 47, 40, 126, 80, 49, 32, 69, 46, 57, 80, 121, 44, 101, 71, 22, 49, 19, 95, 73, 55, 94, 278, 50, 148, 89, 123, 31, 72, 209, 118, 48, 199, 108, 77, 30, 39, 26, 39, 167, 58, 46, 41, 31, 120, 130, 261, 74, 136, 95, 18, 65, 43, 45, 68, 83, 105, 61, 16, 97, 77, 113, 55, 97, 29, 165, 166, 34, 26, 46, 118, 90, 64, 222, 73, 122, 184, 48, 119, 55, 37, 49, 43, 93, 34, 47, 47, 48, 57, 41, 75, 48]
MAPE: 98.85342055713272 [95.65217391304348, 100.0, 100.0, 97.79411764705883, 98.63013698630137, 97.36842105263158, 100.0, 97.05882352941177, 94.44444444444444, 96.42857142857143, 97.76119402985076, 100.0, 100.0, 96.29629629629629, 100.0, 100.0, 98.50746268656717, 100.0, 99.42196531791907, 100.0, 100.0, 98.76543209876543, 100.0, 100.0, 98.94736842105263, 100.0, 98.3739837398374, 100.0, 100.0, 100.0, 99.12280701754386, 100.0, 100.0, 100.0, 98.71794871794873, 98.4375, 100.0, 100.0, 98.27586206896551, 100.0, 100.0, 99.21259842519686, 98.76543209876543, 100.0, 100.0, 100.0, 100.0, 98.27586206896551, 96.3855421686747, 99.18032786885246, 100.0, 99.01960784313727, 100.0, 95.65217391304348, 100.0, 100.0, 96.93877551020408, 96.05263157894737, 100.0, 96.90721649484536, 99.28571428571429, 100.0, 100.0, 93.6842105263158, 99.19354838709677, 100.0, 96.0, 98.58490566037736, 98.33333333333333, 100.0, 98.0295566502463, 98.18181818181819, 100.0, 100.0, 100.0, 100.0, 100.0, 100.0, 100.0, 97.87234042553192, 100.0, 96.875, 99.17355371900827, 99.23664122137404, 99.23954372623575, 100.0, 98.55072463768117, 98.95833333333334, 100.0, 100.0, 100.0, 97.82608695652173, 94.44444444444444, 98.80952380952381, 98.13084112149532, 100.0, 100.0, 97.97979797979798, 98.71794871794873, 100.0, 98.21428571428571, 97.0, 100.0, 98.21428571428571, 99.40119760479041, 94.44444444444444, 100.0, 97.87234042553192, 100.0, 98.9010989010989, 98.46153846153847, 99.55156950672645, 96.05263157894737, 97.6, 99.45945945945947, 100.0, 100.0, 96.49122807017544, 100.0, 100.0, 100.0, 100.0, 97.14285714285714, 97.91666666666666, 97.91666666666666, 100.0, 100.0, 100.0, 98.68421052631578, 94.11764705882352]
RMSE: 100.94004313300202 [1936, 57600, 8649, 17689, 5184, 1369, 2116, 9801, 2601, 6561, 17161, 841, 900, 2704, 3136, 676, 69696, 6241, 29584, 3364, 9216, 6400, 15876, 2401, 8836, 676, 14641, 1849, 28224, 40804, 12769, 9216, 8649, 3721, 53361, 3969, 4624, 900, 3249, 2209, 1600, 15876, 6400, 2401, 1024, 4761, 2116, 3249, 6400, 14641, 1936, 10201, 5041, 484, 2401, 361, 9025, 5329, 3025, 8836, 77284, 2500, 21904, 7921, 15129, 961, 5184, 43681, 13924, 2304, 39601, 11664, 5929, 900, 1521, 676, 1521, 27889, 3364, 2116, 1681, 961, 14400, 16900, 68121, 5476, 18496, 9025, 324, 4225, 1849, 2025, 4624, 6889, 11025, 3721, 256, 9409, 5929, 12769, 3025, 9409, 841, 27225, 27556, 1156, 676, 2116, 13924, 8100, 4096, 49284, 5329, 14884, 33856, 2304, 14161, 3025, 1369, 2401, 1849, 8649, 1156, 2209, 2209, 2304, 3249, 1681, 5625, 2304]

pred: 127 [2, 0, 0, 3, 1, 1, 0, 3, 3, 3, 3, 0, 0, 2, 0, 0, 4, 0, 1, 0, 0, 1, 0, 0, 1, 0, 2, 0, 0, 0, 1, 0, 0, 0, 3, 1, 0, 0, 1, 0, 0, 1, 1, 0, 0, 0, 0, 1, 3, 1, 0, 1, 0, 1, 0, 0, 3, 3, 0, 3, 2, 0, 0, 6, 1, 0, 3, 3, 2, 0, 4, 2, 0, 0, 0, 0, 0, 0, 0, 1, 0, 1, 1, 1, 2, 0, 2, 1, 0, 0, 0, 1, 4, 1, 2, 0, 0, 2, 1, 0, 1, 3, 0, 3, 1, 2, 0, 1, 0, 1, 1, 1, 3, 3, 1, 0, 0, 2, 0, 0, 0, 0, 1, 1, 1, 0, 0, 0, 1, 3]
real: 11073 [46, 240, 93, 136, 73, 38, 46, 102, 54, 84, 134, 29, 30, 54, 56, 26, 268, 79, 173, 58, 96, 81, 126, 49, 95, 26, 123, 43, 168, 202, 114, 96, 93, 61, 234, 64, 68, 30, 58, 47, 40, 127, 81, 49, 32, 69, 46, 58, 83, 122, 44, 102, 71, 23, 49, 19, 98, 76, 55, 97, 280, 50, 148, 95, 124, 31, 75, 212, 120, 48, 203, 110, 77, 30, 39, 26, 39, 167, 58, 47, 41, 32, 121, 131, 263, 74, 138, 96, 18, 65, 43, 46, 72, 84, 107, 61, 16, 99, 78, 113, 56, 100, 29, 168, 167, 36, 26, 47, 118, 91, 65, 223, 76, 125, 185, 48, 119, 57, 37, 49, 43, 93, 35, 48, 48, 48, 57, 41, 76, 51]

grid_scale: 0.2
resize_scale: 0.5
confiance: 0.6

random_seed: 1011
data_augmentation: True
samples: 130
