MAE: 77.26153846153846 [44, 217, 90, 120, 65, 36, 38, 83, 45, 78, 121, 24, 26, 47, 49, 25, 231, 71, 157, 51, 93, 73, 112, 41, 90, 24, 117, 41, 147, 196, 113, 93, 88, 53, 204, 58, 56, 27, 53, 41, 35, 117, 59, 44, 23, 57, 42, 52, 77, 116, 43, 95, 59, 20, 45, 18, 81, 69, 45, 95, 258, 38, 119, 86, 116, 30, 71, 191, 115, 41, 190, 101, 74, 26, 31, 23, 35, 151, 52, 45, 38, 21, 113, 114, 234, 69, 128, 93, 18, 57, 35, 39, 67, 78, 97, 52, 14, 97, 71, 108, 51, 92, 24, 145, 148, 30, 26, 47, 115, 86, 59, 211, 72, 116, 180, 47, 110, 49, 34, 44, 37, 86, 31, 42, 46, 43, 52, 36, 73, 46]
MAPE: 90.14873033016654 [95.65217391304348, 90.41666666666667, 96.7741935483871, 88.23529411764706, 89.04109589041096, 94.73684210526315, 82.6086956521739, 81.37254901960785, 83.33333333333334, 92.85714285714286, 90.29850746268657, 82.75862068965517, 86.66666666666667, 87.03703703703704, 87.5, 96.15384615384616, 86.19402985074626, 89.87341772151899, 90.7514450867052, 87.93103448275862, 96.875, 90.12345679012346, 88.88888888888889, 83.6734693877551, 94.73684210526315, 92.3076923076923, 95.1219512195122, 95.34883720930233, 87.5, 97.02970297029702, 99.12280701754386, 96.875, 94.6236559139785, 86.88524590163934, 87.17948717948718, 90.625, 82.35294117647058, 90.0, 91.37931034482759, 87.2340425531915, 87.5, 92.1259842519685, 72.8395061728395, 89.79591836734694, 71.875, 82.6086956521739, 91.30434782608695, 89.65517241379311, 92.7710843373494, 95.08196721311475, 97.72727272727273, 93.13725490196079, 83.09859154929578, 86.95652173913044, 91.83673469387756, 94.73684210526315, 82.6530612244898, 90.78947368421053, 81.81818181818183, 97.9381443298969, 92.14285714285714, 76.0, 80.4054054054054, 90.52631578947368, 93.54838709677419, 96.7741935483871, 94.66666666666667, 90.09433962264151, 95.83333333333334, 85.41666666666666, 93.59605911330048, 91.81818181818183, 96.1038961038961, 86.66666666666667, 79.48717948717949, 88.46153846153845, 89.74358974358975, 90.41916167664671, 89.65517241379311, 95.74468085106383, 92.6829268292683, 65.625, 93.38842975206612, 87.02290076335878, 88.97338403041825, 93.24324324324324, 92.7536231884058, 96.875, 100.0, 87.6923076923077, 81.3953488372093, 84.78260869565217, 93.05555555555556, 92.85714285714286, 90.65420560747664, 85.24590163934425, 87.5, 97.97979797979798, 91.02564102564102, 95.57522123893806, 91.07142857142857, 92.0, 82.75862068965517, 86.30952380952381, 88.62275449101796, 83.33333333333334, 100.0, 100.0, 97.45762711864407, 94.5054945054945, 90.76923076923077, 94.61883408071749, 94.73684210526315, 92.80000000000001, 97.2972972972973, 97.91666666666666, 92.43697478991596, 85.96491228070175, 91.8918918918919, 89.79591836734694, 86.04651162790698, 92.47311827956989, 88.57142857142857, 87.5, 95.83333333333334, 89.58333333333334, 91.22807017543859, 87.8048780487805, 96.05263157894737, 90.19607843137256]
RMSE: 92.84262946596162 [1936, 47089, 8100, 14400, 4225, 1296, 1444, 6889, 2025, 6084, 14641, 576, 676, 2209, 2401, 625, 53361, 5041, 24649, 2601, 8649, 5329, 12544, 1681, 8100, 576, 13689, 1681, 21609, 38416, 12769, 8649, 7744, 2809, 41616, 3364, 3136, 729, 2809, 1681, 1225, 13689, 3481, 1936, 529, 3249, 1764, 2704, 5929, 13456, 1849, 9025, 3481, 400, 2025, 324, 6561, 4761, 2025, 9025, 66564, 1444, 14161, 7396, 13456, 900, 5041, 36481, 13225, 1681, 36100, 10201, 5476, 676, 961, 529, 1225, 22801, 2704, 2025, 1444, 441, 12769, 12996, 54756, 4761, 16384, 8649, 324, 3249, 1225, 1521, 4489, 6084, 9409, 2704, 196, 9409, 5041, 11664, 2601, 8464, 576, 21025, 21904, 900, 676, 2209, 13225, 7396, 3481, 44521, 5184, 13456, 32400, 2209, 12100, 2401, 1156, 1936, 1369, 7396, 961, 1764, 2116, 1849, 2704, 1296, 5329, 2116]

pred: 1029 [2, 23, 3, 16, 8, 2, 8, 19, 9, 6, 13, 5, 4, 7, 7, 1, 37, 8, 16, 7, 3, 8, 14, 8, 5, 2, 6, 2, 21, 6, 1, 3, 5, 8, 30, 6, 12, 3, 5, 6, 5, 10, 22, 5, 9, 12, 4, 6, 6, 6, 1, 7, 12, 3, 4, 1, 17, 7, 10, 2, 22, 12, 29, 9, 8, 1, 4, 21, 5, 7, 13, 9, 3, 4, 8, 3, 4, 16, 6, 2, 3, 11, 8, 17, 29, 5, 10, 3, 0, 8, 8, 7, 5, 6, 10, 9, 2, 2, 7, 5, 5, 8, 5, 23, 19, 6, 0, 0, 3, 5, 6, 12, 4, 9, 5, 1, 9, 8, 3, 5, 6, 7, 4, 6, 2, 5, 5, 5, 3, 5]
real: 11073 [46, 240, 93, 136, 73, 38, 46, 102, 54, 84, 134, 29, 30, 54, 56, 26, 268, 79, 173, 58, 96, 81, 126, 49, 95, 26, 123, 43, 168, 202, 114, 96, 93, 61, 234, 64, 68, 30, 58, 47, 40, 127, 81, 49, 32, 69, 46, 58, 83, 122, 44, 102, 71, 23, 49, 19, 98, 76, 55, 97, 280, 50, 148, 95, 124, 31, 75, 212, 120, 48, 203, 110, 77, 30, 39, 26, 39, 167, 58, 47, 41, 32, 121, 131, 263, 74, 138, 96, 18, 65, 43, 46, 72, 84, 107, 61, 16, 99, 78, 113, 56, 100, 29, 168, 167, 36, 26, 47, 118, 91, 65, 223, 76, 125, 185, 48, 119, 57, 37, 49, 43, 93, 35, 48, 48, 48, 57, 41, 76, 51]

grid_scale: 0.4
resize_scale: 0.5
confiance: 0.5

random_seed: 1011
data_augmentation: True
samples: 130
