MAE: 22.43846153846154 [2, 2, 6, 19, 23, 1, 35, 40, 26, 40, 18, 14, 10, 25, 27, 21, 59, 30, 3, 32, 19, 20, 3, 17, 6, 6, 3, 27, 24, 69, 4, 5, 16, 23, 2, 36, 41, 10, 31, 6, 24, 24, 54, 2, 9, 39, 12, 32, 52, 28, 11, 32, 12, 7, 3, 14, 69, 53, 31, 12, 30, 17, 28, 52, 22, 7, 25, 8, 1, 11, 7, 18, 38, 12, 22, 8, 27, 13, 43, 24, 27, 12, 13, 17, 26, 20, 16, 15, 18, 32, 27, 42, 38, 20, 30, 19, 7, 40, 7, 8, 12, 27, 15, 73, 44, 21, 3, 5, 56, 8, 26, 65, 7, 31, 34, 41, 21, 22, 4, 34, 15, 53, 16, 34, 8, 21, 11, 4, 1, 37]
MAPE: 33.28661641014355 [4.3478260869565215, 0.8333333333333334, 6.451612903225806, 13.970588235294118, 31.506849315068493, 2.631578947368421, 76.08695652173914, 39.21568627450981, 48.148148148148145, 47.61904761904761, 13.432835820895523, 48.275862068965516, 33.33333333333333, 46.2962962962963, 48.214285714285715, 80.76923076923077, 22.01492537313433, 37.9746835443038, 1.7341040462427744, 55.172413793103445, 19.791666666666664, 24.691358024691358, 2.380952380952381, 34.69387755102041, 6.315789473684211, 23.076923076923077, 2.4390243902439024, 62.7906976744186, 14.285714285714285, 34.15841584158416, 3.508771929824561, 5.208333333333334, 17.20430107526882, 37.704918032786885, 0.8547008547008548, 56.25, 60.29411764705882, 33.33333333333333, 53.44827586206896, 12.76595744680851, 60.0, 18.89763779527559, 66.66666666666666, 4.081632653061225, 28.125, 56.52173913043478, 26.08695652173913, 55.172413793103445, 62.65060240963856, 22.950819672131146, 25.0, 31.372549019607842, 16.901408450704224, 30.434782608695656, 6.122448979591836, 73.68421052631578, 70.40816326530613, 69.73684210526315, 56.36363636363636, 12.371134020618557, 10.714285714285714, 34.0, 18.91891891891892, 54.736842105263165, 17.741935483870968, 22.58064516129032, 33.33333333333333, 3.7735849056603774, 0.8333333333333334, 22.916666666666664, 3.4482758620689653, 16.363636363636363, 49.35064935064935, 40.0, 56.41025641025641, 30.76923076923077, 69.23076923076923, 7.784431137724551, 74.13793103448276, 51.06382978723404, 65.85365853658537, 37.5, 10.743801652892563, 12.977099236641221, 9.885931558935361, 27.027027027027028, 11.594202898550725, 15.625, 100.0, 49.23076923076923, 62.7906976744186, 91.30434782608695, 52.77777777777778, 23.809523809523807, 28.037383177570092, 31.147540983606557, 43.75, 40.4040404040404, 8.974358974358974, 7.079646017699115, 21.428571428571427, 27.0, 51.724137931034484, 43.452380952380956, 26.34730538922156, 58.333333333333336, 11.538461538461538, 10.638297872340425, 47.45762711864407, 8.791208791208792, 40.0, 29.14798206278027, 9.210526315789473, 24.8, 18.37837837837838, 85.41666666666666, 17.647058823529413, 38.59649122807017, 10.81081081081081, 69.38775510204081, 34.883720930232556, 56.98924731182796, 45.714285714285715, 70.83333333333334, 16.666666666666664, 43.75, 19.298245614035086, 9.75609756097561, 1.3157894736842104, 72.54901960784314]
RMSE: 27.639575862269556 [4, 4, 36, 361, 529, 1, 1225, 1600, 676, 1600, 324, 196, 100, 625, 729, 441, 3481, 900, 9, 1024, 361, 400, 9, 289, 36, 36, 9, 729, 576, 4761, 16, 25, 256, 529, 4, 1296, 1681, 100, 961, 36, 576, 576, 2916, 4, 81, 1521, 144, 1024, 2704, 784, 121, 1024, 144, 49, 9, 196, 4761, 2809, 961, 144, 900, 289, 784, 2704, 484, 49, 625, 64, 1, 121, 49, 324, 1444, 144, 484, 64, 729, 169, 1849, 576, 729, 144, 169, 289, 676, 400, 256, 225, 324, 1024, 729, 1764, 1444, 400, 900, 361, 49, 1600, 49, 64, 144, 729, 225, 5329, 1936, 441, 9, 25, 3136, 64, 676, 4225, 49, 961, 1156, 1681, 441, 484, 16, 1156, 225, 2809, 256, 1156, 64, 441, 121, 16, 1, 1369]

pred: 12910 [48, 242, 87, 155, 96, 37, 81, 142, 80, 124, 152, 43, 40, 79, 83, 47, 209, 109, 170, 90, 115, 101, 123, 66, 89, 32, 120, 70, 144, 133, 118, 91, 77, 84, 236, 100, 109, 40, 89, 53, 64, 151, 135, 47, 41, 108, 58, 90, 135, 150, 55, 134, 83, 30, 52, 33, 167, 129, 86, 109, 310, 67, 176, 147, 146, 38, 100, 220, 119, 59, 196, 128, 115, 42, 61, 34, 66, 154, 101, 23, 68, 44, 134, 148, 289, 94, 122, 81, 0, 97, 70, 88, 110, 104, 137, 80, 23, 59, 71, 105, 68, 127, 44, 241, 211, 57, 29, 42, 62, 99, 91, 158, 83, 156, 151, 89, 98, 79, 41, 83, 58, 146, 51, 82, 40, 69, 68, 37, 75, 88]
real: 11073 [46, 240, 93, 136, 73, 38, 46, 102, 54, 84, 134, 29, 30, 54, 56, 26, 268, 79, 173, 58, 96, 81, 126, 49, 95, 26, 123, 43, 168, 202, 114, 96, 93, 61, 234, 64, 68, 30, 58, 47, 40, 127, 81, 49, 32, 69, 46, 58, 83, 122, 44, 102, 71, 23, 49, 19, 98, 76, 55, 97, 280, 50, 148, 95, 124, 31, 75, 212, 120, 48, 203, 110, 77, 30, 39, 26, 39, 167, 58, 47, 41, 32, 121, 131, 263, 74, 138, 96, 18, 65, 43, 46, 72, 84, 107, 61, 16, 99, 78, 113, 56, 100, 29, 168, 167, 36, 26, 47, 118, 91, 65, 223, 76, 125, 185, 48, 119, 57, 37, 49, 43, 93, 35, 48, 48, 48, 57, 41, 76, 51]

grid_scale: 0.5
resize_scale: 0.5
confiance: 0.3

random_seed: 1011
data_augmentation: True
samples: 130
