MAE: 49.853846153846156 [28, 134, 64, 78, 30, 23, 27, 58, 15, 35, 77, 17, 19, 20, 26, 19, 170, 37, 107, 31, 83, 47, 67, 20, 76, 15, 90, 22, 91, 161, 100, 76, 74, 24, 119, 31, 26, 11, 24, 29, 19, 79, 21, 26, 18, 32, 37, 21, 31, 58, 25, 56, 40, 19, 32, 8, 30, 39, 25, 52, 164, 20, 52, 39, 76, 23, 43, 131, 90, 23, 138, 41, 36, 17, 20, 16, 19, 88, 32, 44, 23, 19, 84, 93, 128, 36, 84, 77, 18, 38, 20, 15, 33, 52, 44, 32, 10, 90, 55, 86, 35, 64, 20, 45, 81, 20, 17, 40, 100, 57, 45, 164, 44, 89, 150, 13, 102, 26, 23, 7, 23, 51, 18, 20, 44, 23, 41, 28, 49, 24]
MAPE: 57.55641199219249 [60.86956521739131, 55.833333333333336, 68.81720430107528, 57.35294117647059, 41.0958904109589, 60.526315789473685, 58.69565217391305, 56.86274509803921, 27.77777777777778, 41.66666666666667, 57.46268656716418, 58.620689655172406, 63.33333333333333, 37.03703703703704, 46.42857142857143, 73.07692307692307, 63.43283582089553, 46.835443037974684, 61.849710982658955, 53.44827586206896, 86.45833333333334, 58.0246913580247, 53.17460317460318, 40.816326530612244, 80.0, 57.692307692307686, 73.17073170731707, 51.162790697674424, 54.166666666666664, 79.70297029702971, 87.71929824561403, 79.16666666666666, 79.56989247311827, 39.34426229508197, 50.85470085470085, 48.4375, 38.23529411764706, 36.666666666666664, 41.37931034482759, 61.702127659574465, 47.5, 62.20472440944882, 25.925925925925924, 53.06122448979592, 56.25, 46.3768115942029, 80.43478260869566, 36.206896551724135, 37.34939759036144, 47.540983606557376, 56.81818181818182, 54.90196078431373, 56.33802816901409, 82.6086956521739, 65.3061224489796, 42.10526315789473, 30.612244897959183, 51.31578947368421, 45.45454545454545, 53.608247422680414, 58.57142857142858, 40.0, 35.13513513513514, 41.05263157894737, 61.29032258064516, 74.19354838709677, 57.333333333333336, 61.79245283018868, 75.0, 47.91666666666667, 67.98029556650246, 37.27272727272727, 46.75324675324675, 56.666666666666664, 51.28205128205128, 61.53846153846154, 48.717948717948715, 52.69461077844312, 55.172413793103445, 93.61702127659575, 56.09756097560976, 59.375, 69.42148760330579, 70.99236641221374, 48.669201520912544, 48.64864864864865, 60.86956521739131, 80.20833333333334, 100.0, 58.46153846153847, 46.51162790697674, 32.608695652173914, 45.83333333333333, 61.904761904761905, 41.1214953271028, 52.459016393442624, 62.5, 90.9090909090909, 70.51282051282051, 76.10619469026548, 62.5, 64.0, 68.96551724137932, 26.785714285714285, 48.50299401197605, 55.55555555555556, 65.38461538461539, 85.1063829787234, 84.7457627118644, 62.637362637362635, 69.23076923076923, 73.54260089686099, 57.89473684210527, 71.2, 81.08108108108108, 27.083333333333332, 85.71428571428571, 45.614035087719294, 62.16216216216216, 14.285714285714285, 53.48837209302325, 54.83870967741935, 51.42857142857142, 41.66666666666667, 91.66666666666666, 47.91666666666667, 71.9298245614035, 68.29268292682927, 64.47368421052632, 47.05882352941176]
RMSE: 62.35882517272978 [784, 17956, 4096, 6084, 900, 529, 729, 3364, 225, 1225, 5929, 289, 361, 400, 676, 361, 28900, 1369, 11449, 961, 6889, 2209, 4489, 400, 5776, 225, 8100, 484, 8281, 25921, 10000, 5776, 5476, 576, 14161, 961, 676, 121, 576, 841, 361, 6241, 441, 676, 324, 1024, 1369, 441, 961, 3364, 625, 3136, 1600, 361, 1024, 64, 900, 1521, 625, 2704, 26896, 400, 2704, 1521, 5776, 529, 1849, 17161, 8100, 529, 19044, 1681, 1296, 289, 400, 256, 361, 7744, 1024, 1936, 529, 361, 7056, 8649, 16384, 1296, 7056, 5929, 324, 1444, 400, 225, 1089, 2704, 1936, 1024, 100, 8100, 3025, 7396, 1225, 4096, 400, 2025, 6561, 400, 289, 1600, 10000, 3249, 2025, 26896, 1936, 7921, 22500, 169, 10404, 676, 529, 49, 529, 2601, 324, 400, 1936, 529, 1681, 784, 2401, 576]

pred: 4592 [18, 106, 29, 58, 43, 15, 19, 44, 39, 49, 57, 12, 11, 34, 30, 7, 98, 42, 66, 27, 13, 34, 59, 29, 19, 11, 33, 21, 77, 41, 14, 20, 19, 37, 115, 33, 42, 19, 34, 18, 21, 48, 60, 23, 14, 37, 9, 37, 52, 64, 19, 46, 31, 4, 17, 11, 68, 37, 30, 45, 116, 30, 96, 56, 48, 8, 32, 81, 30, 25, 65, 69, 41, 13, 19, 10, 20, 79, 26, 3, 18, 13, 37, 38, 135, 38, 54, 19, 0, 27, 23, 31, 39, 32, 63, 29, 6, 9, 23, 27, 21, 36, 9, 123, 86, 16, 9, 7, 18, 34, 20, 59, 32, 36, 35, 35, 17, 31, 14, 42, 20, 42, 17, 28, 4, 25, 16, 13, 27, 27]
real: 11073 [46, 240, 93, 136, 73, 38, 46, 102, 54, 84, 134, 29, 30, 54, 56, 26, 268, 79, 173, 58, 96, 81, 126, 49, 95, 26, 123, 43, 168, 202, 114, 96, 93, 61, 234, 64, 68, 30, 58, 47, 40, 127, 81, 49, 32, 69, 46, 58, 83, 122, 44, 102, 71, 23, 49, 19, 98, 76, 55, 97, 280, 50, 148, 95, 124, 31, 75, 212, 120, 48, 203, 110, 77, 30, 39, 26, 39, 167, 58, 47, 41, 32, 121, 131, 263, 74, 138, 96, 18, 65, 43, 46, 72, 84, 107, 61, 16, 99, 78, 113, 56, 100, 29, 168, 167, 36, 26, 47, 118, 91, 65, 223, 76, 125, 185, 48, 119, 57, 37, 49, 43, 93, 35, 48, 48, 48, 57, 41, 76, 51]

grid_scale: 0.5
resize_scale: 0.5
confiance: 0.4

random_seed: 1011
data_augmentation: True
samples: 130
