MAE: 39.45384615384615 [24, 112, 68, 64, 30, 16, 21, 21, 22, 32, 59, 16, 22, 17, 20, 10, 71, 35, 106, 18, 46, 33, 24, 27, 39, 14, 62, 24, 104, 110, 62, 47, 33, 35, 90, 37, 27, 15, 25, 36, 25, 54, 44, 28, 23, 54, 23, 28, 22, 59, 30, 55, 41, 8, 29, 8, 35, 34, 20, 38, 115, 39, 59, 30, 71, 18, 44, 73, 64, 17, 67, 49, 30, 24, 32, 7, 9, 101, 29, 28, 9, 14, 53, 52, 79, 31, 80, 60, 16, 42, 20, 21, 49, 38, 42, 29, 7, 54, 41, 50, 31, 51, 20, 62, 61, 16, 10, 21, 64, 49, 27, 104, 38, 65, 86, 15, 52, 21, 25, 14, 25, 47, 17, 10, 29, 35, 24, 21, 40, 24]
MAPE: 48.34342879274564 [52.17391304347826, 46.666666666666664, 73.11827956989248, 47.05882352941176, 41.0958904109589, 42.10526315789473, 45.65217391304348, 20.588235294117645, 40.74074074074074, 38.095238095238095, 44.02985074626866, 55.172413793103445, 73.33333333333333, 31.48148148148148, 35.714285714285715, 38.46153846153847, 26.492537313432834, 44.303797468354425, 61.27167630057804, 31.03448275862069, 47.91666666666667, 40.74074074074074, 19.047619047619047, 55.10204081632652, 41.05263157894737, 53.84615384615385, 50.40650406504065, 55.81395348837209, 61.904761904761905, 54.45544554455446, 54.385964912280706, 48.95833333333333, 35.483870967741936, 57.377049180327866, 38.46153846153847, 57.8125, 39.705882352941174, 50.0, 43.103448275862064, 76.59574468085107, 62.5, 42.51968503937008, 54.32098765432099, 57.14285714285714, 71.875, 78.26086956521739, 50.0, 48.275862068965516, 26.506024096385545, 48.36065573770492, 68.18181818181817, 53.92156862745098, 57.74647887323944, 34.78260869565217, 59.183673469387756, 42.10526315789473, 35.714285714285715, 44.73684210526316, 36.36363636363637, 39.175257731958766, 41.07142857142857, 78.0, 39.86486486486486, 31.57894736842105, 57.25806451612904, 58.06451612903226, 58.666666666666664, 34.43396226415094, 53.333333333333336, 35.41666666666667, 33.004926108374384, 44.54545454545455, 38.961038961038966, 80.0, 82.05128205128204, 26.923076923076923, 23.076923076923077, 60.47904191616767, 50.0, 59.57446808510638, 21.951219512195124, 43.75, 43.80165289256198, 39.69465648854962, 30.038022813688215, 41.891891891891895, 57.971014492753625, 62.5, 88.88888888888889, 64.61538461538461, 46.51162790697674, 45.65217391304348, 68.05555555555556, 45.23809523809524, 39.25233644859813, 47.540983606557376, 43.75, 54.54545454545454, 52.56410256410257, 44.24778761061947, 55.35714285714286, 51.0, 68.96551724137932, 36.904761904761905, 36.52694610778443, 44.44444444444444, 38.46153846153847, 44.680851063829785, 54.23728813559322, 53.84615384615385, 41.53846153846154, 46.63677130044843, 50.0, 52.0, 46.48648648648649, 31.25, 43.69747899159664, 36.84210526315789, 67.56756756756756, 28.57142857142857, 58.139534883720934, 50.53763440860215, 48.57142857142857, 20.833333333333336, 60.416666666666664, 72.91666666666666, 42.10526315789473, 51.21951219512195, 52.63157894736842, 47.05882352941176]
RMSE: 46.51889607791325 [576, 12544, 4624, 4096, 900, 256, 441, 441, 484, 1024, 3481, 256, 484, 289, 400, 100, 5041, 1225, 11236, 324, 2116, 1089, 576, 729, 1521, 196, 3844, 576, 10816, 12100, 3844, 2209, 1089, 1225, 8100, 1369, 729, 225, 625, 1296, 625, 2916, 1936, 784, 529, 2916, 529, 784, 484, 3481, 900, 3025, 1681, 64, 841, 64, 1225, 1156, 400, 1444, 13225, 1521, 3481, 900, 5041, 324, 1936, 5329, 4096, 289, 4489, 2401, 900, 576, 1024, 49, 81, 10201, 841, 784, 81, 196, 2809, 2704, 6241, 961, 6400, 3600, 256, 1764, 400, 441, 2401, 1444, 1764, 841, 49, 2916, 1681, 2500, 961, 2601, 400, 3844, 3721, 256, 100, 441, 4096, 2401, 729, 10816, 1444, 4225, 7396, 225, 2704, 441, 625, 196, 625, 2209, 289, 100, 841, 1225, 576, 441, 1600, 576]

pred: 5944 [22, 128, 25, 72, 43, 22, 25, 81, 32, 52, 75, 13, 8, 37, 36, 16, 197, 44, 67, 40, 50, 48, 102, 22, 56, 12, 61, 19, 64, 92, 52, 49, 60, 26, 144, 27, 41, 15, 33, 11, 15, 73, 37, 21, 9, 15, 23, 30, 61, 63, 14, 47, 30, 15, 20, 11, 63, 42, 35, 59, 165, 11, 89, 65, 53, 13, 31, 139, 56, 31, 136, 61, 47, 6, 7, 19, 30, 66, 29, 19, 32, 18, 68, 79, 184, 43, 58, 36, 2, 23, 23, 25, 23, 46, 65, 32, 9, 45, 37, 63, 25, 49, 9, 106, 106, 20, 16, 26, 54, 42, 38, 119, 38, 60, 99, 33, 67, 36, 12, 35, 18, 46, 18, 38, 19, 13, 33, 20, 36, 27]
real: 11073 [46, 240, 93, 136, 73, 38, 46, 102, 54, 84, 134, 29, 30, 54, 56, 26, 268, 79, 173, 58, 96, 81, 126, 49, 95, 26, 123, 43, 168, 202, 114, 96, 93, 61, 234, 64, 68, 30, 58, 47, 40, 127, 81, 49, 32, 69, 46, 58, 83, 122, 44, 102, 71, 23, 49, 19, 98, 76, 55, 97, 280, 50, 148, 95, 124, 31, 75, 212, 120, 48, 203, 110, 77, 30, 39, 26, 39, 167, 58, 47, 41, 32, 121, 131, 263, 74, 138, 96, 18, 65, 43, 46, 72, 84, 107, 61, 16, 99, 78, 113, 56, 100, 29, 168, 167, 36, 26, 47, 118, 91, 65, 223, 76, 125, 185, 48, 119, 57, 37, 49, 43, 93, 35, 48, 48, 48, 57, 41, 76, 51]

grid_scale: 0.2
resize_scale: 0.5
confiance: 0.4

random_seed: 1011
data_augmentation: True
samples: 130
