MAE: 42.65384615384615 [27, 122, 57, 65, 37, 24, 20, 39, 13, 32, 51, 12, 17, 22, 23, 13, 132, 43, 85, 30, 53, 39, 60, 26, 44, 11, 74, 21, 89, 133, 56, 63, 54, 32, 85, 27, 27, 21, 28, 31, 13, 68, 16, 21, 12, 31, 27, 30, 30, 71, 13, 59, 36, 15, 20, 10, 37, 35, 29, 72, 115, 25, 54, 39, 60, 19, 38, 107, 81, 17, 109, 27, 41, 9, 21, 17, 20, 67, 28, 40, 19, 14, 63, 65, 135, 30, 75, 58, 18, 19, 23, 13, 37, 45, 42, 29, 8, 70, 55, 74, 26, 66, 15, 62, 55, 10, 17, 36, 87, 58, 31, 111, 36, 66, 116, 10, 83, 29, 21, 14, 19, 44, 21, 15, 41, 21, 28, 28, 43, 27]
MAPE: 50.4096022931758 [58.69565217391305, 50.83333333333333, 61.29032258064516, 47.794117647058826, 50.68493150684932, 63.1578947368421, 43.47826086956522, 38.23529411764706, 24.074074074074073, 38.095238095238095, 38.059701492537314, 41.37931034482759, 56.666666666666664, 40.74074074074074, 41.07142857142857, 50.0, 49.25373134328358, 54.43037974683544, 49.13294797687861, 51.724137931034484, 55.208333333333336, 48.148148148148145, 47.61904761904761, 53.06122448979592, 46.31578947368421, 42.30769230769231, 60.16260162601627, 48.837209302325576, 52.976190476190474, 65.84158415841584, 49.122807017543856, 65.625, 58.06451612903226, 52.459016393442624, 36.324786324786324, 42.1875, 39.705882352941174, 70.0, 48.275862068965516, 65.95744680851064, 32.5, 53.54330708661418, 19.753086419753085, 42.857142857142854, 37.5, 44.927536231884055, 58.69565217391305, 51.724137931034484, 36.144578313253014, 58.19672131147541, 29.545454545454547, 57.84313725490197, 50.70422535211267, 65.21739130434783, 40.816326530612244, 52.63157894736842, 37.755102040816325, 46.05263157894737, 52.72727272727272, 74.22680412371135, 41.07142857142857, 50.0, 36.486486486486484, 41.05263157894737, 48.38709677419355, 61.29032258064516, 50.66666666666667, 50.47169811320755, 67.5, 35.41666666666667, 53.69458128078818, 24.545454545454547, 53.246753246753244, 30.0, 53.84615384615385, 65.38461538461539, 51.28205128205128, 40.119760479041915, 48.275862068965516, 85.1063829787234, 46.34146341463415, 43.75, 52.066115702479344, 49.61832061068702, 51.33079847908745, 40.54054054054054, 54.347826086956516, 60.416666666666664, 100.0, 29.230769230769234, 53.48837209302325, 28.26086956521739, 51.388888888888886, 53.57142857142857, 39.25233644859813, 47.540983606557376, 50.0, 70.70707070707071, 70.51282051282051, 65.48672566371681, 46.42857142857143, 66.0, 51.724137931034484, 36.904761904761905, 32.93413173652694, 27.77777777777778, 65.38461538461539, 76.59574468085107, 73.72881355932203, 63.73626373626373, 47.69230769230769, 49.775784753363226, 47.368421052631575, 52.800000000000004, 62.70270270270271, 20.833333333333336, 69.74789915966386, 50.877192982456144, 56.75675675675676, 28.57142857142857, 44.18604651162791, 47.31182795698925, 60.0, 31.25, 85.41666666666666, 43.75, 49.122807017543856, 68.29268292682927, 56.57894736842105, 52.94117647058824]
RMSE: 51.830270335749965 [729, 14884, 3249, 4225, 1369, 576, 400, 1521, 169, 1024, 2601, 144, 289, 484, 529, 169, 17424, 1849, 7225, 900, 2809, 1521, 3600, 676, 1936, 121, 5476, 441, 7921, 17689, 3136, 3969, 2916, 1024, 7225, 729, 729, 441, 784, 961, 169, 4624, 256, 441, 144, 961, 729, 900, 900, 5041, 169, 3481, 1296, 225, 400, 100, 1369, 1225, 841, 5184, 13225, 625, 2916, 1521, 3600, 361, 1444, 11449, 6561, 289, 11881, 729, 1681, 81, 441, 289, 400, 4489, 784, 1600, 361, 196, 3969, 4225, 18225, 900, 5625, 3364, 324, 361, 529, 169, 1369, 2025, 1764, 841, 64, 4900, 3025, 5476, 676, 4356, 225, 3844, 3025, 100, 289, 1296, 7569, 3364, 961, 12321, 1296, 4356, 13456, 100, 6889, 841, 441, 196, 361, 1936, 441, 225, 1681, 441, 784, 784, 1849, 729]

pred: 5528 [19, 118, 36, 71, 36, 14, 26, 63, 41, 52, 83, 17, 13, 32, 33, 13, 136, 36, 88, 28, 43, 42, 66, 23, 51, 15, 49, 22, 79, 69, 58, 33, 39, 29, 149, 37, 41, 9, 30, 16, 27, 59, 65, 28, 20, 38, 19, 28, 53, 51, 31, 43, 35, 8, 29, 9, 61, 41, 26, 25, 165, 25, 94, 56, 64, 12, 37, 105, 39, 31, 94, 83, 36, 21, 18, 9, 19, 100, 30, 7, 22, 18, 58, 66, 128, 44, 63, 38, 0, 46, 20, 33, 35, 39, 65, 32, 8, 29, 23, 39, 30, 34, 14, 106, 112, 26, 9, 11, 31, 33, 34, 112, 40, 59, 69, 38, 36, 28, 16, 35, 24, 49, 14, 33, 7, 27, 29, 13, 33, 24]
real: 11073 [46, 240, 93, 136, 73, 38, 46, 102, 54, 84, 134, 29, 30, 54, 56, 26, 268, 79, 173, 58, 96, 81, 126, 49, 95, 26, 123, 43, 168, 202, 114, 96, 93, 61, 234, 64, 68, 30, 58, 47, 40, 127, 81, 49, 32, 69, 46, 58, 83, 122, 44, 102, 71, 23, 49, 19, 98, 76, 55, 97, 280, 50, 148, 95, 124, 31, 75, 212, 120, 48, 203, 110, 77, 30, 39, 26, 39, 167, 58, 47, 41, 32, 121, 131, 263, 74, 138, 96, 18, 65, 43, 46, 72, 84, 107, 61, 16, 99, 78, 113, 56, 100, 29, 168, 167, 36, 26, 47, 118, 91, 65, 223, 76, 125, 185, 48, 119, 57, 37, 49, 43, 93, 35, 48, 48, 48, 57, 41, 76, 51]

grid_scale: 0.4
resize_scale: 0.5
confiance: 0.4

random_seed: 1011
data_augmentation: True
samples: 130
