MAE: 23.953846153846154 [13, 60, 31, 23, 10, 1, 22, 36, 32, 52, 34, 3, 0, 26, 22, 1, 29, 20, 43, 7, 66, 29, 19, 3, 39, 5, 5, 16, 53, 8, 9, 21, 57, 17, 72, 31, 20, 3, 21, 14, 14, 17, 40, 16, 4, 21, 4, 20, 65, 36, 21, 23, 13, 2, 9, 1, 66, 50, 34, 33, 103, 2, 49, 65, 17, 1, 15, 63, 42, 20, 31, 28, 29, 7, 2, 3, 27, 25, 25, 17, 20, 6, 15, 26, 34, 25, 57, 22, 17, 21, 24, 25, 25, 4, 62, 17, 7, 7, 23, 12, 12, 27, 6, 63, 104, 5, 5, 4, 16, 19, 25, 24, 23, 20, 13, 23, 22, 29, 0, 30, 12, 49, 3, 37, 1, 13, 4, 4, 19, 20]
MAPE: 29.219347805154072 [28.26086956521739, 25.0, 33.33333333333333, 16.911764705882355, 13.698630136986301, 2.631578947368421, 47.82608695652174, 35.294117647058826, 59.25925925925925, 61.904761904761905, 25.37313432835821, 10.344827586206897, 0.0, 48.148148148148145, 39.285714285714285, 3.8461538461538463, 10.820895522388058, 25.31645569620253, 24.85549132947977, 12.068965517241379, 68.75, 35.80246913580247, 15.079365079365079, 6.122448979591836, 41.05263157894737, 19.230769230769234, 4.0650406504065035, 37.2093023255814, 31.547619047619047, 3.9603960396039604, 7.894736842105263, 21.875, 61.29032258064516, 27.86885245901639, 30.76923076923077, 48.4375, 29.411764705882355, 10.0, 36.206896551724135, 29.78723404255319, 35.0, 13.385826771653544, 49.382716049382715, 32.6530612244898, 12.5, 30.434782608695656, 8.695652173913043, 34.48275862068966, 78.3132530120482, 29.508196721311474, 47.72727272727273, 22.54901960784314, 18.30985915492958, 8.695652173913043, 18.367346938775512, 5.263157894736842, 67.3469387755102, 65.78947368421053, 61.81818181818181, 34.02061855670103, 36.78571428571429, 4.0, 33.108108108108105, 68.42105263157895, 13.709677419354838, 3.225806451612903, 20.0, 29.71698113207547, 35.0, 41.66666666666667, 15.270935960591133, 25.454545454545453, 37.66233766233766, 23.333333333333332, 5.128205128205128, 11.538461538461538, 69.23076923076923, 14.97005988023952, 43.103448275862064, 36.17021276595745, 48.78048780487805, 18.75, 12.396694214876034, 19.84732824427481, 12.927756653992395, 33.78378378378378, 41.30434782608695, 22.916666666666664, 94.44444444444444, 32.30769230769231, 55.81395348837209, 54.347826086956516, 34.72222222222222, 4.761904761904762, 57.943925233644855, 27.86885245901639, 43.75, 7.07070707070707, 29.48717948717949, 10.619469026548673, 21.428571428571427, 27.0, 20.689655172413794, 37.5, 62.27544910179641, 13.88888888888889, 19.230769230769234, 8.51063829787234, 13.559322033898304, 20.87912087912088, 38.46153846153847, 10.762331838565023, 30.263157894736842, 16.0, 7.027027027027027, 47.91666666666667, 18.487394957983195, 50.877192982456144, 0.0, 61.224489795918366, 27.906976744186046, 52.68817204301075, 8.571428571428571, 77.08333333333334, 2.083333333333333, 27.083333333333332, 7.017543859649122, 9.75609756097561, 25.0, 39.21568627450981]
RMSE: 31.176667804379214 [169, 3600, 961, 529, 100, 1, 484, 1296, 1024, 2704, 1156, 9, 0, 676, 484, 1, 841, 400, 1849, 49, 4356, 841, 361, 9, 1521, 25, 25, 256, 2809, 64, 81, 441, 3249, 289, 5184, 961, 400, 9, 441, 196, 196, 289, 1600, 256, 16, 441, 16, 400, 4225, 1296, 441, 529, 169, 4, 81, 1, 4356, 2500, 1156, 1089, 10609, 4, 2401, 4225, 289, 1, 225, 3969, 1764, 400, 961, 784, 841, 49, 4, 9, 729, 625, 625, 289, 400, 36, 225, 676, 1156, 625, 3249, 484, 289, 441, 576, 625, 625, 16, 3844, 289, 49, 49, 529, 144, 144, 729, 36, 3969, 10816, 25, 25, 16, 256, 361, 625, 576, 529, 400, 169, 529, 484, 841, 0, 900, 144, 2401, 9, 1369, 1, 169, 16, 16, 361, 400]

pred: 14031 [59, 300, 124, 159, 83, 39, 68, 138, 86, 136, 168, 32, 30, 80, 78, 27, 297, 99, 216, 65, 162, 110, 145, 52, 134, 31, 128, 59, 221, 210, 105, 117, 150, 78, 306, 95, 88, 33, 79, 61, 54, 144, 121, 65, 28, 90, 50, 78, 148, 158, 65, 125, 84, 25, 58, 20, 164, 126, 89, 130, 383, 52, 197, 160, 141, 32, 90, 275, 162, 68, 234, 138, 106, 37, 41, 29, 66, 192, 83, 30, 61, 38, 136, 157, 297, 99, 195, 118, 1, 86, 67, 71, 97, 88, 169, 78, 23, 92, 101, 125, 68, 127, 35, 231, 271, 41, 31, 43, 102, 110, 90, 247, 99, 145, 198, 71, 141, 86, 37, 79, 55, 142, 38, 85, 49, 61, 61, 37, 95, 71]
real: 11073 [46, 240, 93, 136, 73, 38, 46, 102, 54, 84, 134, 29, 30, 54, 56, 26, 268, 79, 173, 58, 96, 81, 126, 49, 95, 26, 123, 43, 168, 202, 114, 96, 93, 61, 234, 64, 68, 30, 58, 47, 40, 127, 81, 49, 32, 69, 46, 58, 83, 122, 44, 102, 71, 23, 49, 19, 98, 76, 55, 97, 280, 50, 148, 95, 124, 31, 75, 212, 120, 48, 203, 110, 77, 30, 39, 26, 39, 167, 58, 47, 41, 32, 121, 131, 263, 74, 138, 96, 18, 65, 43, 46, 72, 84, 107, 61, 16, 99, 78, 113, 56, 100, 29, 168, 167, 36, 26, 47, 118, 91, 65, 223, 76, 125, 185, 48, 119, 57, 37, 49, 43, 93, 35, 48, 48, 48, 57, 41, 76, 51]

grid_scale: 0.4
resize_scale: 0.5
confiance: 0.3

random_seed: 1011
data_augmentation: True
samples: 130
