MAE: 74.54615384615384 [41, 206, 85, 122, 65, 34, 38, 84, 39, 77, 123, 28, 25, 49, 46, 24, 212, 71, 157, 46, 91, 70, 110, 36, 87, 23, 111, 36, 150, 185, 111, 87, 85, 56, 191, 53, 50, 26, 51, 39, 32, 114, 59, 40, 30, 61, 40, 54, 74, 116, 36, 89, 62, 21, 44, 12, 83, 62, 51, 90, 249, 43, 135, 77, 110, 30, 67, 183, 111, 44, 170, 96, 74, 23, 33, 25, 31, 148, 47, 42, 36, 22, 108, 109, 218, 63, 122, 81, 18, 57, 33, 32, 68, 80, 91, 54, 14, 90, 70, 107, 50, 88, 26, 141, 148, 30, 25, 43, 114, 85, 56, 199, 65, 111, 169, 40, 108, 45, 34, 39, 35, 83, 31, 39, 46, 39, 47, 37, 73, 44]
MAPE: 87.15537928886846 [89.13043478260869, 85.83333333333333, 91.39784946236558, 89.70588235294117, 89.04109589041096, 89.47368421052632, 82.6086956521739, 82.35294117647058, 72.22222222222221, 91.66666666666666, 91.7910447761194, 96.55172413793103, 83.33333333333334, 90.74074074074075, 82.14285714285714, 92.3076923076923, 79.1044776119403, 89.87341772151899, 90.7514450867052, 79.3103448275862, 94.79166666666666, 86.41975308641975, 87.3015873015873, 73.46938775510205, 91.57894736842105, 88.46153846153845, 90.2439024390244, 83.72093023255815, 89.28571428571429, 91.58415841584159, 97.36842105263158, 90.625, 91.39784946236558, 91.80327868852459, 81.62393162393163, 82.8125, 73.52941176470588, 86.66666666666667, 87.93103448275862, 82.97872340425532, 80.0, 89.76377952755905, 72.8395061728395, 81.63265306122449, 93.75, 88.40579710144928, 86.95652173913044, 93.10344827586206, 89.1566265060241, 95.08196721311475, 81.81818181818183, 87.25490196078431, 87.32394366197182, 91.30434782608695, 89.79591836734694, 63.1578947368421, 84.6938775510204, 81.57894736842105, 92.72727272727272, 92.78350515463917, 88.92857142857142, 86.0, 91.21621621621621, 81.05263157894737, 88.70967741935483, 96.7741935483871, 89.33333333333333, 86.32075471698113, 92.5, 91.66666666666666, 83.74384236453201, 87.27272727272727, 96.1038961038961, 76.66666666666667, 84.61538461538461, 96.15384615384616, 79.48717948717949, 88.62275449101796, 81.03448275862068, 89.36170212765957, 87.8048780487805, 68.75, 89.25619834710744, 83.20610687022901, 82.88973384030417, 85.13513513513513, 88.40579710144928, 84.375, 100.0, 87.6923076923077, 76.74418604651163, 69.56521739130434, 94.44444444444444, 95.23809523809523, 85.04672897196261, 88.52459016393442, 87.5, 90.9090909090909, 89.74358974358975, 94.69026548672566, 89.28571428571429, 88.0, 89.65517241379311, 83.92857142857143, 88.62275449101796, 83.33333333333334, 96.15384615384616, 91.48936170212765, 96.61016949152543, 93.4065934065934, 86.15384615384616, 89.23766816143498, 85.52631578947368, 88.8, 91.35135135135135, 83.33333333333334, 90.75630252100841, 78.94736842105263, 91.8918918918919, 79.59183673469387, 81.3953488372093, 89.24731182795699, 88.57142857142857, 81.25, 95.83333333333334, 81.25, 82.45614035087719, 90.2439024390244, 96.05263157894737, 86.27450980392157]
RMSE: 89.26593802961851 [1681, 42436, 7225, 14884, 4225, 1156, 1444, 7056, 1521, 5929, 15129, 784, 625, 2401, 2116, 576, 44944, 5041, 24649, 2116, 8281, 4900, 12100, 1296, 7569, 529, 12321, 1296, 22500, 34225, 12321, 7569, 7225, 3136, 36481, 2809, 2500, 676, 2601, 1521, 1024, 12996, 3481, 1600, 900, 3721, 1600, 2916, 5476, 13456, 1296, 7921, 3844, 441, 1936, 144, 6889, 3844, 2601, 8100, 62001, 1849, 18225, 5929, 12100, 900, 4489, 33489, 12321, 1936, 28900, 9216, 5476, 529, 1089, 625, 961, 21904, 2209, 1764, 1296, 484, 11664, 11881, 47524, 3969, 14884, 6561, 324, 3249, 1089, 1024, 4624, 6400, 8281, 2916, 196, 8100, 4900, 11449, 2500, 7744, 676, 19881, 21904, 900, 625, 1849, 12996, 7225, 3136, 39601, 4225, 12321, 28561, 1600, 11664, 2025, 1156, 1521, 1225, 6889, 961, 1521, 2116, 1521, 2209, 1369, 5329, 1936]

pred: 1382 [5, 34, 8, 14, 8, 4, 8, 18, 15, 7, 11, 1, 5, 5, 10, 2, 56, 8, 16, 12, 5, 11, 16, 13, 8, 3, 12, 7, 18, 17, 3, 9, 8, 5, 43, 11, 18, 4, 7, 8, 8, 13, 22, 9, 2, 8, 6, 4, 9, 6, 8, 13, 9, 2, 5, 7, 15, 14, 4, 7, 31, 7, 13, 18, 14, 1, 8, 29, 9, 4, 33, 14, 3, 7, 6, 1, 8, 19, 11, 5, 5, 10, 13, 22, 45, 11, 16, 15, 0, 8, 10, 14, 4, 4, 16, 7, 2, 9, 8, 6, 6, 12, 3, 27, 19, 6, 1, 4, 4, 6, 9, 24, 11, 14, 16, 8, 11, 12, 3, 10, 8, 10, 4, 9, 2, 9, 10, 4, 3, 7]
real: 11073 [46, 240, 93, 136, 73, 38, 46, 102, 54, 84, 134, 29, 30, 54, 56, 26, 268, 79, 173, 58, 96, 81, 126, 49, 95, 26, 123, 43, 168, 202, 114, 96, 93, 61, 234, 64, 68, 30, 58, 47, 40, 127, 81, 49, 32, 69, 46, 58, 83, 122, 44, 102, 71, 23, 49, 19, 98, 76, 55, 97, 280, 50, 148, 95, 124, 31, 75, 212, 120, 48, 203, 110, 77, 30, 39, 26, 39, 167, 58, 47, 41, 32, 121, 131, 263, 74, 138, 96, 18, 65, 43, 46, 72, 84, 107, 61, 16, 99, 78, 113, 56, 100, 29, 168, 167, 36, 26, 47, 118, 91, 65, 223, 76, 125, 185, 48, 119, 57, 37, 49, 43, 93, 35, 48, 48, 48, 57, 41, 76, 51]

grid_scale: 0.3
resize_scale: 0.5
confiance: 0.5

random_seed: 1011
data_augmentation: True
samples: 130
