MAE: 29.692307692307693 [21, 41, 91, 44, 1, 5, 85, 72, 7, 16, 20, 69, 20, 12, 7, 5, 1, 46, 93, 12, 20, 18, 2, 20, 30, 3, 39, 5, 41, 51, 114, 66, 4, 20, 9, 37, 121, 17, 12, 12, 4, 10, 20, 6, 92, 30, 21, 33, 57, 54, 18, 33, 5, 21, 34, 7, 18, 6, 2, 0, 52, 56, 22, 10, 23, 13, 7, 13, 20, 12, 1, 56, 6, 58, 19, 6, 35, 62, 1, 11, 36, 4, 27, 59, 11, 2, 2, 16, 20, 1, 147, 15, 13, 20, 21, 20, 21, 87, 14, 43, 8, 60, 15, 2, 33, 27, 133, 51, 21, 46, 17, 40, 47, 24, 6, 93, 6, 23, 9, 36, 70, 16, 2, 8, 38, 8, 60, 41, 44, 34]
MAPE: 31.6757030212399 [47.72727272727273, 36.283185840707965, 44.827586206896555, 45.83333333333333, 2.083333333333333, 6.666666666666667, 31.716417910447763, 30.0, 14.000000000000002, 21.91780821917808, 37.03703703703704, 52.67175572519084, 51.28205128205128, 26.08695652173913, 24.137931034482758, 17.24137931034483, 2.3255813953488373, 36.8, 62.83783783783784, 26.08695652173913, 20.833333333333336, 100.0, 4.651162790697675, 41.66666666666667, 31.25, 6.382978723404255, 42.857142857142854, 8.771929824561402, 37.27272727272727, 30.357142857142854, 53.77358490566038, 47.82608695652174, 15.384615384615385, 28.169014084507044, 28.125, 18.316831683168317, 46.00760456273764, 20.238095238095237, 20.689655172413794, 40.0, 15.384615384615385, 27.027027027027028, 34.48275862068966, 12.5, 49.72972972972973, 24.193548387096776, 42.857142857142854, 27.049180327868854, 50.0, 58.06451612903226, 22.22222222222222, 35.483870967741936, 10.638297872340425, 30.88235294117647, 28.333333333333332, 21.875, 39.130434782608695, 14.634146341463413, 5.128205128205128, 0.0, 126.82926829268293, 25.112107623318387, 37.93103448275862, 20.408163265306122, 19.491525423728813, 36.11111111111111, 10.76923076923077, 27.659574468085108, 41.66666666666667, 27.906976744186046, 1.3157894736842104, 67.46987951807229, 26.08695652173913, 54.20560747663551, 29.230769230769234, 10.714285714285714, 45.45454545454545, 65.26315789473685, 2.857142857142857, 15.942028985507244, 56.25, 12.903225806451612, 52.94117647058824, 34.104046242774565, 22.448979591836736, 6.666666666666667, 6.666666666666667, 19.047619047619047, 25.64102564102564, 1.0101010101010102, 52.5, 26.785714285714285, 23.636363636363637, 20.618556701030926, 28.37837837837838, 32.78688524590164, 36.206896551724135, 52.09580838323353, 22.950819672131146, 31.61764705882353, 21.052631578947366, 58.82352941176471, 19.736842105263158, 7.6923076923076925, 61.111111111111114, 47.368421052631575, 56.837606837606835, 42.14876033057851, 43.75, 58.22784810126582, 17.0, 49.382716049382715, 28.143712574850298, 23.52941176470588, 31.57894736842105, 55.35714285714286, 4.878048780487805, 24.731182795698924, 12.5, 47.368421052631575, 55.55555555555556, 34.78260869565217, 5.0, 16.3265306122449, 28.35820895522388, 30.76923076923077, 61.224489795918366, 32.28346456692913, 46.31578947368421, 28.57142857142857]
RMSE: 41.4828973099851 [441, 1681, 8281, 1936, 1, 25, 7225, 5184, 49, 256, 400, 4761, 400, 144, 49, 25, 1, 2116, 8649, 144, 400, 324, 4, 400, 900, 9, 1521, 25, 1681, 2601, 12996, 4356, 16, 400, 81, 1369, 14641, 289, 144, 144, 16, 100, 400, 36, 8464, 900, 441, 1089, 3249, 2916, 324, 1089, 25, 441, 1156, 49, 324, 36, 4, 0, 2704, 3136, 484, 100, 529, 169, 49, 169, 400, 144, 1, 3136, 36, 3364, 361, 36, 1225, 3844, 1, 121, 1296, 16, 729, 3481, 121, 4, 4, 256, 400, 1, 21609, 225, 169, 400, 441, 400, 441, 7569, 196, 1849, 64, 3600, 225, 4, 1089, 729, 17689, 2601, 441, 2116, 289, 1600, 2209, 576, 36, 8649, 36, 529, 81, 1296, 4900, 256, 4, 64, 1444, 64, 3600, 1681, 1936, 1156]

pred: 14835 [65, 154, 294, 140, 49, 80, 353, 312, 57, 89, 74, 200, 59, 58, 36, 34, 44, 171, 241, 58, 116, 0, 45, 68, 126, 50, 130, 62, 151, 219, 326, 204, 30, 91, 41, 239, 384, 101, 70, 42, 30, 27, 78, 54, 277, 154, 70, 155, 171, 147, 99, 126, 52, 89, 154, 39, 64, 47, 37, 16, 93, 279, 80, 59, 141, 49, 72, 34, 68, 55, 77, 139, 29, 165, 84, 62, 112, 157, 36, 80, 100, 27, 78, 232, 60, 28, 32, 100, 98, 100, 427, 71, 68, 117, 95, 81, 79, 254, 75, 179, 46, 162, 91, 28, 87, 84, 367, 172, 69, 125, 117, 121, 214, 126, 25, 261, 129, 116, 81, 112, 196, 62, 42, 57, 172, 34, 158, 168, 139, 153]
real: 11073 [44, 113, 203, 96, 48, 75, 268, 240, 50, 73, 54, 131, 39, 46, 29, 29, 43, 125, 148, 46, 96, 18, 43, 48, 96, 47, 91, 57, 110, 168, 212, 138, 26, 71, 32, 202, 263, 84, 58, 30, 26, 37, 58, 48, 185, 124, 49, 122, 114, 93, 81, 93, 47, 68, 120, 32, 46, 41, 39, 16, 41, 223, 58, 49, 118, 36, 65, 47, 48, 43, 76, 83, 23, 107, 65, 56, 77, 95, 35, 69, 64, 31, 51, 173, 49, 30, 30, 84, 78, 99, 280, 56, 55, 97, 74, 61, 58, 167, 61, 136, 38, 102, 76, 26, 54, 57, 234, 121, 48, 79, 100, 81, 167, 102, 19, 168, 123, 93, 72, 76, 126, 46, 40, 49, 134, 26, 98, 127, 95, 119]

grid_scale: 0.3
resize_scale: 0.5
confiance: 0.3

random_seed: 1011
data_augmentation: True
samples: 130
