MAE: 91.15384615384616 [61, 103, 101, 132, 115, 24, 91, 116, 105, 134, 135, 44, 37, 87, 94, 43, 81, 136, 76, 101, 103, 114, 72, 84, 132, 44, 149, 68, 60, 76, 77, 100, 122, 102, 154, 131, 127, 26, 84, 55, 70, 170, 148, 71, 38, 99, 66, 105, 135, 173, 75, 119, 93, 39, 111, 32, 173, 130, 93, 127, 112, 86, 124, 159, 139, 46, 90, 63, 130, 94, 66, 113, 133, 46, 59, 59, 69, 86, 121, 23, 47, 44, 134, 83, 21, 105, 100, 121, 18, 92, 63, 92, 125, 107, 162, 78, 34, 20, 118, 90, 75, 114, 44, 157, 140, 67, 26, 19, 39, 119, 99, 63, 107, 154, 143, 102, 109, 102, 38, 83, 64, 138, 60, 90, 35, 62, 88, 70, 124, 84]
MAPE: 129.9556306368884 [132.6086956521739, 42.916666666666664, 108.6021505376344, 97.05882352941177, 157.53424657534248, 63.1578947368421, 197.82608695652172, 113.72549019607843, 194.44444444444443, 159.52380952380955, 100.74626865671641, 151.72413793103448, 123.33333333333334, 161.11111111111111, 167.85714285714286, 165.3846153846154, 30.223880597014922, 172.15189873417722, 43.93063583815029, 174.13793103448276, 107.29166666666667, 140.74074074074073, 57.14285714285714, 171.42857142857142, 138.94736842105263, 169.23076923076923, 121.13821138211382, 158.13953488372093, 35.714285714285715, 37.62376237623762, 67.54385964912281, 104.16666666666667, 131.18279569892474, 167.21311475409837, 65.8119658119658, 204.6875, 186.76470588235296, 86.66666666666667, 144.82758620689654, 117.02127659574468, 175.0, 133.85826771653544, 182.71604938271605, 144.89795918367346, 118.75, 143.47826086956522, 143.47826086956522, 181.0344827586207, 162.65060240963857, 141.80327868852459, 170.45454545454547, 116.66666666666667, 130.98591549295776, 169.56521739130434, 226.53061224489795, 168.42105263157893, 176.53061224489795, 171.05263157894737, 169.0909090909091, 130.9278350515464, 40.0, 172.0, 83.78378378378379, 167.3684210526316, 112.09677419354837, 148.38709677419354, 120.0, 29.71698113207547, 108.33333333333333, 195.83333333333331, 32.51231527093596, 102.72727272727273, 172.72727272727272, 153.33333333333334, 151.28205128205127, 226.9230769230769, 176.9230769230769, 51.49700598802395, 208.6206896551724, 48.93617021276596, 114.6341463414634, 137.5, 110.74380165289257, 63.358778625954194, 7.984790874524715, 141.89189189189187, 72.46376811594203, 126.04166666666667, 100.0, 141.53846153846155, 146.51162790697674, 200.0, 173.61111111111111, 127.38095238095238, 151.4018691588785, 127.86885245901641, 212.5, 20.2020202020202, 151.28205128205127, 79.64601769911505, 133.92857142857142, 113.99999999999999, 151.72413793103448, 93.45238095238095, 83.8323353293413, 186.11111111111111, 100.0, 40.42553191489361, 33.05084745762712, 130.76923076923077, 152.3076923076923, 28.251121076233183, 140.78947368421052, 123.2, 77.29729729729729, 212.5, 91.59663865546219, 178.94736842105263, 102.7027027027027, 169.3877551020408, 148.8372093023256, 148.38709677419354, 171.42857142857142, 187.5, 72.91666666666666, 129.16666666666669, 154.38596491228068, 170.73170731707316, 163.1578947368421, 164.70588235294116]
RMSE: 98.8345159266819 [3721, 10609, 10201, 17424, 13225, 576, 8281, 13456, 11025, 17956, 18225, 1936, 1369, 7569, 8836, 1849, 6561, 18496, 5776, 10201, 10609, 12996, 5184, 7056, 17424, 1936, 22201, 4624, 3600, 5776, 5929, 10000, 14884, 10404, 23716, 17161, 16129, 676, 7056, 3025, 4900, 28900, 21904, 5041, 1444, 9801, 4356, 11025, 18225, 29929, 5625, 14161, 8649, 1521, 12321, 1024, 29929, 16900, 8649, 16129, 12544, 7396, 15376, 25281, 19321, 2116, 8100, 3969, 16900, 8836, 4356, 12769, 17689, 2116, 3481, 3481, 4761, 7396, 14641, 529, 2209, 1936, 17956, 6889, 441, 11025, 10000, 14641, 324, 8464, 3969, 8464, 15625, 11449, 26244, 6084, 1156, 400, 13924, 8100, 5625, 12996, 1936, 24649, 19600, 4489, 676, 361, 1521, 14161, 9801, 3969, 11449, 23716, 20449, 10404, 11881, 10404, 1444, 6889, 4096, 19044, 3600, 8100, 1225, 3844, 7744, 4900, 15376, 7056]

pred: 22887 [107, 343, 194, 268, 188, 62, 137, 218, 159, 218, 269, 73, 67, 141, 150, 69, 349, 215, 249, 159, 199, 195, 198, 133, 227, 70, 272, 111, 228, 278, 191, 196, 215, 163, 388, 195, 195, 56, 142, 102, 110, 297, 229, 120, 70, 168, 112, 163, 218, 295, 119, 221, 164, 62, 160, 51, 271, 206, 148, 224, 392, 136, 272, 254, 263, 77, 165, 275, 250, 142, 269, 223, 210, 76, 98, 85, 108, 253, 179, 70, 88, 76, 255, 214, 284, 179, 238, 217, 0, 157, 106, 138, 197, 191, 269, 139, 50, 119, 196, 203, 131, 214, 73, 325, 307, 103, 52, 66, 157, 210, 164, 286, 183, 279, 328, 150, 228, 159, 75, 132, 107, 231, 95, 138, 83, 110, 145, 111, 200, 135]
real: 11073 [46, 240, 93, 136, 73, 38, 46, 102, 54, 84, 134, 29, 30, 54, 56, 26, 268, 79, 173, 58, 96, 81, 126, 49, 95, 26, 123, 43, 168, 202, 114, 96, 93, 61, 234, 64, 68, 30, 58, 47, 40, 127, 81, 49, 32, 69, 46, 58, 83, 122, 44, 102, 71, 23, 49, 19, 98, 76, 55, 97, 280, 50, 148, 95, 124, 31, 75, 212, 120, 48, 203, 110, 77, 30, 39, 26, 39, 167, 58, 47, 41, 32, 121, 131, 263, 74, 138, 96, 18, 65, 43, 46, 72, 84, 107, 61, 16, 99, 78, 113, 56, 100, 29, 168, 167, 36, 26, 47, 118, 91, 65, 223, 76, 125, 185, 48, 119, 57, 37, 49, 43, 93, 35, 48, 48, 48, 57, 41, 76, 51]

grid_scale: 0.5
resize_scale: 0.5
confiance: 0.2

random_seed: 1011
data_augmentation: True
samples: 130
