MAE: 72.21538461538462 [41, 203, 84, 118, 64, 36, 40, 80, 42, 59, 113, 25, 27, 41, 49, 21, 209, 67, 156, 44, 84, 63, 107, 44, 78, 21, 112, 39, 158, 177, 101, 87, 77, 53, 193, 52, 57, 30, 45, 43, 31, 101, 73, 37, 28, 64, 44, 48, 59, 112, 37, 91, 63, 20, 47, 16, 77, 60, 44, 72, 250, 45, 123, 72, 111, 24, 70, 181, 96, 40, 171, 88, 58, 29, 32, 18, 29, 156, 52, 43, 31, 28, 104, 109, 204, 60, 124, 78, 18, 58, 35, 39, 62, 68, 86, 56, 14, 93, 66, 101, 40, 86, 29, 132, 138, 31, 23, 43, 102, 81, 52, 201, 68, 109, 161, 36, 102, 45, 37, 39, 34, 77, 33, 34, 40, 44, 50, 34, 61, 40]
MAPE: 84.9025958545867 [89.13043478260869, 84.58333333333333, 90.32258064516128, 86.76470588235294, 87.67123287671232, 94.73684210526315, 86.95652173913044, 78.43137254901961, 77.77777777777779, 70.23809523809523, 84.32835820895522, 86.20689655172413, 90.0, 75.92592592592592, 87.5, 80.76923076923077, 77.98507462686567, 84.81012658227847, 90.17341040462428, 75.86206896551724, 87.5, 77.77777777777779, 84.92063492063492, 89.79591836734694, 82.10526315789474, 80.76923076923077, 91.05691056910568, 90.69767441860465, 94.04761904761905, 87.62376237623762, 88.59649122807018, 90.625, 82.79569892473118, 86.88524590163934, 82.47863247863248, 81.25, 83.82352941176471, 100.0, 77.58620689655173, 91.48936170212765, 77.5, 79.52755905511812, 90.12345679012346, 75.51020408163265, 87.5, 92.7536231884058, 95.65217391304348, 82.75862068965517, 71.08433734939759, 91.80327868852459, 84.0909090909091, 89.2156862745098, 88.73239436619718, 86.95652173913044, 95.91836734693877, 84.21052631578947, 78.57142857142857, 78.94736842105263, 80.0, 74.22680412371135, 89.28571428571429, 90.0, 83.1081081081081, 75.78947368421053, 89.51612903225806, 77.41935483870968, 93.33333333333333, 85.37735849056604, 80.0, 83.33333333333334, 84.23645320197043, 80.0, 75.32467532467533, 96.66666666666667, 82.05128205128204, 69.23076923076923, 74.35897435897436, 93.41317365269461, 89.65517241379311, 91.48936170212765, 75.60975609756098, 87.5, 85.9504132231405, 83.20610687022901, 77.56653992395437, 81.08108108108108, 89.85507246376811, 81.25, 100.0, 89.23076923076924, 81.3953488372093, 84.78260869565217, 86.11111111111111, 80.95238095238095, 80.37383177570094, 91.80327868852459, 87.5, 93.93939393939394, 84.61538461538461, 89.38053097345133, 71.42857142857143, 86.0, 100.0, 78.57142857142857, 82.63473053892216, 86.11111111111111, 88.46153846153845, 91.48936170212765, 86.4406779661017, 89.01098901098901, 80.0, 90.13452914798206, 89.47368421052632, 87.2, 87.02702702702703, 75.0, 85.71428571428571, 78.94736842105263, 100.0, 79.59183673469387, 79.06976744186046, 82.79569892473118, 94.28571428571428, 70.83333333333334, 83.33333333333334, 91.66666666666666, 87.71929824561403, 82.92682926829268, 80.26315789473685, 78.43137254901961]
RMSE: 86.67099594709605 [1681, 41209, 7056, 13924, 4096, 1296, 1600, 6400, 1764, 3481, 12769, 625, 729, 1681, 2401, 441, 43681, 4489, 24336, 1936, 7056, 3969, 11449, 1936, 6084, 441, 12544, 1521, 24964, 31329, 10201, 7569, 5929, 2809, 37249, 2704, 3249, 900, 2025, 1849, 961, 10201, 5329, 1369, 784, 4096, 1936, 2304, 3481, 12544, 1369, 8281, 3969, 400, 2209, 256, 5929, 3600, 1936, 5184, 62500, 2025, 15129, 5184, 12321, 576, 4900, 32761, 9216, 1600, 29241, 7744, 3364, 841, 1024, 324, 841, 24336, 2704, 1849, 961, 784, 10816, 11881, 41616, 3600, 15376, 6084, 324, 3364, 1225, 1521, 3844, 4624, 7396, 3136, 196, 8649, 4356, 10201, 1600, 7396, 841, 17424, 19044, 961, 529, 1849, 10404, 6561, 2704, 40401, 4624, 11881, 25921, 1296, 10404, 2025, 1369, 1521, 1156, 5929, 1089, 1156, 1600, 1936, 2500, 1156, 3721, 1600]

pred: 1685 [5, 37, 9, 18, 9, 2, 6, 22, 12, 25, 21, 4, 3, 13, 7, 5, 59, 12, 17, 14, 12, 18, 19, 5, 17, 5, 11, 4, 10, 25, 13, 9, 16, 8, 41, 12, 11, 0, 13, 4, 9, 26, 8, 12, 4, 5, 2, 10, 24, 10, 7, 11, 8, 3, 2, 3, 21, 16, 11, 25, 30, 5, 25, 23, 13, 7, 5, 31, 24, 8, 32, 22, 19, 1, 7, 8, 10, 11, 6, 4, 10, 4, 17, 22, 59, 14, 14, 18, 0, 7, 8, 7, 10, 16, 21, 5, 2, 6, 12, 12, 16, 14, 0, 36, 29, 5, 3, 4, 16, 10, 13, 22, 8, 16, 24, 12, 17, 12, 0, 10, 9, 16, 2, 14, 8, 4, 7, 7, 15, 11]
real: 11073 [46, 240, 93, 136, 73, 38, 46, 102, 54, 84, 134, 29, 30, 54, 56, 26, 268, 79, 173, 58, 96, 81, 126, 49, 95, 26, 123, 43, 168, 202, 114, 96, 93, 61, 234, 64, 68, 30, 58, 47, 40, 127, 81, 49, 32, 69, 46, 58, 83, 122, 44, 102, 71, 23, 49, 19, 98, 76, 55, 97, 280, 50, 148, 95, 124, 31, 75, 212, 120, 48, 203, 110, 77, 30, 39, 26, 39, 167, 58, 47, 41, 32, 121, 131, 263, 74, 138, 96, 18, 65, 43, 46, 72, 84, 107, 61, 16, 99, 78, 113, 56, 100, 29, 168, 167, 36, 26, 47, 118, 91, 65, 223, 76, 125, 185, 48, 119, 57, 37, 49, 43, 93, 35, 48, 48, 48, 57, 41, 76, 51]

grid_scale: 0.2
resize_scale: 0.5
confiance: 0.5

random_seed: 1011
data_augmentation: True
samples: 130
