MAE: 23.984615384615385 [15, 62, 29, 14, 1, 14, 10, 34, 13, 18, 23, 2, 12, 17, 6, 6, 132, 23, 14, 3, 42, 26, 51, 1, 29, 3, 30, 10, 25, 47, 38, 29, 29, 4, 118, 19, 23, 15, 14, 5, 12, 6, 14, 18, 1, 17, 1, 14, 33, 17, 9, 3, 6, 2, 1, 4, 33, 35, 17, 38, 79, 25, 74, 30, 20, 4, 4, 132, 28, 20, 111, 47, 27, 5, 5, 5, 13, 1, 8, 6, 38, 7, 15, 70, 141, 1, 34, 30, 1, 8, 8, 15, 3, 3, 47, 12, 14, 30, 21, 40, 5, 10, 7, 55, 66, 18, 8, 6, 24, 19, 11, 49, 15, 36, 93, 20, 46, 11, 9, 22, 4, 9, 1, 21, 12, 13, 16, 16, 18, 9]
MAPE: 25.94963578639072 [32.608695652173914, 25.833333333333336, 31.182795698924732, 10.294117647058822, 1.36986301369863, 36.84210526315789, 21.73913043478261, 33.33333333333333, 24.074074074074073, 21.428571428571427, 17.16417910447761, 6.896551724137931, 40.0, 31.48148148148148, 10.714285714285714, 23.076923076923077, 49.25373134328358, 29.11392405063291, 8.092485549132949, 5.172413793103448, 43.75, 32.098765432098766, 40.476190476190474, 2.0408163265306123, 30.526315789473685, 11.538461538461538, 24.390243902439025, 23.25581395348837, 14.880952380952381, 23.26732673267327, 33.33333333333333, 30.208333333333332, 31.182795698924732, 6.557377049180328, 50.427350427350426, 29.6875, 33.82352941176471, 50.0, 24.137931034482758, 10.638297872340425, 30.0, 4.724409448818897, 17.28395061728395, 36.734693877551024, 3.125, 24.637681159420293, 2.1739130434782608, 24.137931034482758, 39.75903614457831, 13.934426229508196, 20.454545454545457, 2.941176470588235, 8.450704225352112, 8.695652173913043, 2.0408163265306123, 21.052631578947366, 33.6734693877551, 46.05263157894737, 30.909090909090907, 39.175257731958766, 28.214285714285715, 50.0, 50.0, 31.57894736842105, 16.129032258064516, 12.903225806451612, 5.333333333333334, 62.264150943396224, 23.333333333333332, 41.66666666666667, 54.679802955665025, 42.72727272727273, 35.064935064935064, 16.666666666666664, 12.82051282051282, 19.230769230769234, 33.33333333333333, 0.5988023952095809, 13.793103448275861, 12.76595744680851, 92.6829268292683, 21.875, 12.396694214876034, 53.43511450381679, 53.61216730038023, 1.3513513513513513, 24.637681159420293, 31.25, 5.555555555555555, 12.307692307692308, 18.6046511627907, 32.608695652173914, 4.166666666666666, 3.571428571428571, 43.925233644859816, 19.672131147540984, 87.5, 30.303030303030305, 26.923076923076923, 35.39823008849557, 8.928571428571429, 10.0, 24.137931034482758, 32.73809523809524, 39.52095808383233, 50.0, 30.76923076923077, 12.76595744680851, 20.33898305084746, 20.87912087912088, 16.923076923076923, 21.973094170403588, 19.736842105263158, 28.799999999999997, 50.27027027027027, 41.66666666666667, 38.655462184873954, 19.298245614035086, 24.324324324324326, 44.89795918367347, 9.30232558139535, 9.67741935483871, 2.857142857142857, 43.75, 25.0, 27.083333333333332, 28.07017543859649, 39.02439024390244, 23.684210526315788, 17.647058823529413]
RMSE: 36.163942943638894 [225, 3844, 841, 196, 1, 196, 100, 1156, 169, 324, 529, 4, 144, 289, 36, 36, 17424, 529, 196, 9, 1764, 676, 2601, 1, 841, 9, 900, 100, 625, 2209, 1444, 841, 841, 16, 13924, 361, 529, 225, 196, 25, 144, 36, 196, 324, 1, 289, 1, 196, 1089, 289, 81, 9, 36, 4, 1, 16, 1089, 1225, 289, 1444, 6241, 625, 5476, 900, 400, 16, 16, 17424, 784, 400, 12321, 2209, 729, 25, 25, 25, 169, 1, 64, 36, 1444, 49, 225, 4900, 19881, 1, 1156, 900, 1, 64, 64, 225, 9, 9, 2209, 144, 196, 900, 441, 1600, 25, 100, 49, 3025, 4356, 324, 64, 36, 576, 361, 121, 2401, 225, 1296, 8649, 400, 2116, 121, 81, 484, 16, 81, 1, 441, 144, 169, 256, 256, 324, 81]

pred: 13761 [61, 302, 64, 150, 74, 52, 56, 136, 67, 102, 157, 31, 18, 71, 62, 32, 400, 102, 159, 61, 138, 107, 177, 48, 124, 29, 153, 53, 143, 249, 152, 125, 122, 57, 352, 83, 91, 15, 72, 42, 52, 133, 95, 67, 33, 52, 45, 72, 116, 139, 53, 105, 65, 25, 50, 23, 131, 111, 72, 135, 359, 25, 222, 125, 144, 35, 71, 344, 148, 68, 314, 157, 104, 35, 34, 31, 52, 166, 66, 53, 79, 39, 136, 201, 404, 73, 172, 126, 17, 57, 51, 61, 75, 87, 154, 49, 30, 129, 99, 153, 61, 110, 22, 223, 233, 54, 34, 53, 142, 110, 76, 272, 91, 161, 278, 68, 165, 68, 28, 71, 47, 102, 36, 69, 60, 35, 73, 57, 94, 60]
real: 11073 [46, 240, 93, 136, 73, 38, 46, 102, 54, 84, 134, 29, 30, 54, 56, 26, 268, 79, 173, 58, 96, 81, 126, 49, 95, 26, 123, 43, 168, 202, 114, 96, 93, 61, 234, 64, 68, 30, 58, 47, 40, 127, 81, 49, 32, 69, 46, 58, 83, 122, 44, 102, 71, 23, 49, 19, 98, 76, 55, 97, 280, 50, 148, 95, 124, 31, 75, 212, 120, 48, 203, 110, 77, 30, 39, 26, 39, 167, 58, 47, 41, 32, 121, 131, 263, 74, 138, 96, 18, 65, 43, 46, 72, 84, 107, 61, 16, 99, 78, 113, 56, 100, 29, 168, 167, 36, 26, 47, 118, 91, 65, 223, 76, 125, 185, 48, 119, 57, 37, 49, 43, 93, 35, 48, 48, 48, 57, 41, 76, 51]

grid_scale: 0.2
resize_scale: 0.5
confiance: 0.3

random_seed: 1011
data_augmentation: True
samples: 130
