MAE: 79.86923076923077 [46, 224, 91, 127, 70, 36, 46, 82, 50, 78, 121, 27, 26, 50, 52, 25, 243, 75, 164, 55, 95, 76, 117, 45, 94, 26, 122, 42, 156, 197, 113, 94, 93, 57, 219, 57, 62, 25, 54, 41, 40, 123, 69, 46, 28, 62, 43, 57, 74, 119, 44, 96, 67, 23, 44, 19, 86, 74, 50, 93, 249, 39, 131, 88, 115, 29, 67, 199, 118, 47, 188, 91, 73, 30, 36, 26, 36, 153, 56, 46, 37, 30, 119, 126, 250, 69, 127, 90, 18, 59, 40, 41, 64, 80, 103, 54, 15, 97, 78, 112, 55, 97, 28, 142, 150, 32, 24, 47, 113, 87, 65, 219, 67, 120, 181, 43, 112, 53, 35, 44, 37, 91, 33, 46, 48, 44, 57, 41, 68, 48]
MAPE: 93.92786550013982 [100.0, 93.33333333333333, 97.84946236559139, 93.38235294117648, 95.8904109589041, 94.73684210526315, 100.0, 80.3921568627451, 92.5925925925926, 92.85714285714286, 90.29850746268657, 93.10344827586206, 86.66666666666667, 92.5925925925926, 92.85714285714286, 96.15384615384616, 90.67164179104478, 94.9367088607595, 94.79768786127167, 94.82758620689656, 98.95833333333334, 93.82716049382715, 92.85714285714286, 91.83673469387756, 98.94736842105263, 100.0, 99.1869918699187, 97.67441860465115, 92.85714285714286, 97.52475247524752, 99.12280701754386, 97.91666666666666, 100.0, 93.44262295081968, 93.58974358974359, 89.0625, 91.17647058823529, 83.33333333333334, 93.10344827586206, 87.2340425531915, 100.0, 96.8503937007874, 85.18518518518519, 93.87755102040816, 87.5, 89.85507246376811, 93.47826086956522, 98.27586206896551, 89.1566265060241, 97.54098360655738, 100.0, 94.11764705882352, 94.36619718309859, 100.0, 89.79591836734694, 100.0, 87.75510204081633, 97.36842105263158, 90.9090909090909, 95.87628865979381, 88.92857142857142, 78.0, 88.51351351351352, 92.63157894736842, 92.74193548387096, 93.54838709677419, 89.33333333333333, 93.86792452830188, 98.33333333333333, 97.91666666666666, 92.61083743842364, 82.72727272727273, 94.8051948051948, 100.0, 92.3076923076923, 100.0, 92.3076923076923, 91.61676646706587, 96.55172413793103, 97.87234042553192, 90.2439024390244, 93.75, 98.34710743801654, 96.18320610687023, 95.05703422053232, 93.24324324324324, 92.02898550724638, 93.75, 100.0, 90.76923076923077, 93.02325581395348, 89.13043478260869, 88.88888888888889, 95.23809523809523, 96.26168224299066, 88.52459016393442, 93.75, 97.97979797979798, 100.0, 99.11504424778761, 98.21428571428571, 97.0, 96.55172413793103, 84.52380952380952, 89.82035928143712, 88.88888888888889, 92.3076923076923, 100.0, 95.76271186440678, 95.6043956043956, 100.0, 98.20627802690582, 88.1578947368421, 96.0, 97.83783783783784, 89.58333333333334, 94.11764705882352, 92.98245614035088, 94.5945945945946, 89.79591836734694, 86.04651162790698, 97.84946236559139, 94.28571428571428, 95.83333333333334, 100.0, 91.66666666666666, 100.0, 100.0, 89.47368421052632, 94.11764705882352]
RMSE: 95.54270088451389 [2116, 50176, 8281, 16129, 4900, 1296, 2116, 6724, 2500, 6084, 14641, 729, 676, 2500, 2704, 625, 59049, 5625, 26896, 3025, 9025, 5776, 13689, 2025, 8836, 676, 14884, 1764, 24336, 38809, 12769, 8836, 8649, 3249, 47961, 3249, 3844, 625, 2916, 1681, 1600, 15129, 4761, 2116, 784, 3844, 1849, 3249, 5476, 14161, 1936, 9216, 4489, 529, 1936, 361, 7396, 5476, 2500, 8649, 62001, 1521, 17161, 7744, 13225, 841, 4489, 39601, 13924, 2209, 35344, 8281, 5329, 900, 1296, 676, 1296, 23409, 3136, 2116, 1369, 900, 14161, 15876, 62500, 4761, 16129, 8100, 324, 3481, 1600, 1681, 4096, 6400, 10609, 2916, 225, 9409, 6084, 12544, 3025, 9409, 784, 20164, 22500, 1024, 576, 2209, 12769, 7569, 4225, 47961, 4489, 14400, 32761, 1849, 12544, 2809, 1225, 1936, 1369, 8281, 1089, 2116, 2304, 1936, 3249, 1681, 4624, 2304]

pred: 690 [0, 16, 2, 9, 3, 2, 0, 20, 4, 6, 13, 2, 4, 4, 4, 1, 25, 4, 9, 3, 1, 5, 9, 4, 1, 0, 1, 1, 12, 5, 1, 2, 0, 4, 15, 7, 6, 5, 4, 6, 0, 4, 12, 3, 4, 7, 3, 1, 9, 3, 0, 6, 4, 0, 5, 0, 12, 2, 5, 4, 31, 11, 17, 7, 9, 2, 8, 13, 2, 1, 15, 19, 4, 0, 3, 0, 3, 14, 2, 1, 4, 2, 2, 5, 13, 5, 11, 6, 0, 6, 3, 5, 8, 4, 4, 7, 1, 2, 0, 1, 1, 3, 1, 26, 17, 4, 2, 0, 5, 4, 0, 4, 9, 5, 4, 5, 7, 4, 2, 5, 6, 2, 2, 2, 0, 4, 0, 0, 8, 3]
real: 11073 [46, 240, 93, 136, 73, 38, 46, 102, 54, 84, 134, 29, 30, 54, 56, 26, 268, 79, 173, 58, 96, 81, 126, 49, 95, 26, 123, 43, 168, 202, 114, 96, 93, 61, 234, 64, 68, 30, 58, 47, 40, 127, 81, 49, 32, 69, 46, 58, 83, 122, 44, 102, 71, 23, 49, 19, 98, 76, 55, 97, 280, 50, 148, 95, 124, 31, 75, 212, 120, 48, 203, 110, 77, 30, 39, 26, 39, 167, 58, 47, 41, 32, 121, 131, 263, 74, 138, 96, 18, 65, 43, 46, 72, 84, 107, 61, 16, 99, 78, 113, 56, 100, 29, 168, 167, 36, 26, 47, 118, 91, 65, 223, 76, 125, 185, 48, 119, 57, 37, 49, 43, 93, 35, 48, 48, 48, 57, 41, 76, 51]

grid_scale: 0.5
resize_scale: 0.5
confiance: 0.5

random_seed: 1011
data_augmentation: True
samples: 130
