MAE: 36.676923076923075 [26, 109, 54, 64, 34, 19, 18, 24, 15, 31, 73, 15, 20, 13, 23, 11, 36, 32, 76, 20, 47, 33, 50, 19, 43, 11, 66, 20, 60, 115, 62, 52, 42, 26, 49, 23, 29, 11, 20, 22, 16, 64, 26, 23, 16, 30, 29, 23, 38, 56, 21, 50, 28, 9, 25, 10, 33, 24, 16, 49, 117, 27, 55, 23, 60, 18, 37, 82, 69, 22, 72, 56, 35, 13, 24, 12, 19, 87, 27, 28, 7, 13, 54, 37, 62, 26, 68, 47, 18, 38, 17, 19, 35, 46, 43, 37, 10, 68, 36, 59, 22, 49, 11, 62, 43, 11, 14, 30, 70, 39, 30, 105, 36, 68, 77, 13, 58, 17, 20, 14, 13, 48, 19, 22, 26, 20, 32, 18, 46, 13]
MAPE: 44.7731533170637 [56.52173913043478, 45.416666666666664, 58.06451612903226, 47.05882352941176, 46.57534246575342, 50.0, 39.130434782608695, 23.52941176470588, 27.77777777777778, 36.904761904761905, 54.47761194029851, 51.724137931034484, 66.66666666666666, 24.074074074074073, 41.07142857142857, 42.30769230769231, 13.432835820895523, 40.50632911392405, 43.93063583815029, 34.48275862068966, 48.95833333333333, 40.74074074074074, 39.682539682539684, 38.775510204081634, 45.26315789473684, 42.30769230769231, 53.65853658536586, 46.51162790697674, 35.714285714285715, 56.930693069306926, 54.385964912280706, 54.166666666666664, 45.16129032258064, 42.62295081967213, 20.94017094017094, 35.9375, 42.64705882352941, 36.666666666666664, 34.48275862068966, 46.808510638297875, 40.0, 50.39370078740157, 32.098765432098766, 46.93877551020408, 50.0, 43.47826086956522, 63.04347826086957, 39.6551724137931, 45.78313253012048, 45.90163934426229, 47.72727272727273, 49.01960784313725, 39.436619718309856, 39.130434782608695, 51.02040816326531, 52.63157894736842, 33.6734693877551, 31.57894736842105, 29.09090909090909, 50.51546391752577, 41.785714285714285, 54.0, 37.16216216216216, 24.210526315789473, 48.38709677419355, 58.06451612903226, 49.333333333333336, 38.67924528301887, 57.49999999999999, 45.83333333333333, 35.467980295566505, 50.90909090909091, 45.45454545454545, 43.333333333333336, 61.53846153846154, 46.15384615384615, 48.717948717948715, 52.09580838323353, 46.55172413793103, 59.57446808510638, 17.073170731707318, 40.625, 44.62809917355372, 28.24427480916031, 23.574144486692013, 35.13513513513514, 49.275362318840585, 48.95833333333333, 100.0, 58.46153846153847, 39.53488372093023, 41.30434782608695, 48.61111111111111, 54.761904761904766, 40.18691588785047, 60.65573770491803, 62.5, 68.68686868686868, 46.15384615384615, 52.21238938053098, 39.285714285714285, 49.0, 37.93103448275862, 36.904761904761905, 25.748502994011975, 30.555555555555557, 53.84615384615385, 63.829787234042556, 59.32203389830508, 42.857142857142854, 46.15384615384615, 47.08520179372198, 47.368421052631575, 54.400000000000006, 41.62162162162162, 27.083333333333332, 48.739495798319325, 29.82456140350877, 54.054054054054056, 28.57142857142857, 30.23255813953488, 51.61290322580645, 54.285714285714285, 45.83333333333333, 54.166666666666664, 41.66666666666667, 56.14035087719298, 43.90243902439025, 60.526315789473685, 25.49019607843137]
RMSE: 43.45041382470898 [676, 11881, 2916, 4096, 1156, 361, 324, 576, 225, 961, 5329, 225, 400, 169, 529, 121, 1296, 1024, 5776, 400, 2209, 1089, 2500, 361, 1849, 121, 4356, 400, 3600, 13225, 3844, 2704, 1764, 676, 2401, 529, 841, 121, 400, 484, 256, 4096, 676, 529, 256, 900, 841, 529, 1444, 3136, 441, 2500, 784, 81, 625, 100, 1089, 576, 256, 2401, 13689, 729, 3025, 529, 3600, 324, 1369, 6724, 4761, 484, 5184, 3136, 1225, 169, 576, 144, 361, 7569, 729, 784, 49, 169, 2916, 1369, 3844, 676, 4624, 2209, 324, 1444, 289, 361, 1225, 2116, 1849, 1369, 100, 4624, 1296, 3481, 484, 2401, 121, 3844, 1849, 121, 196, 900, 4900, 1521, 900, 11025, 1296, 4624, 5929, 169, 3364, 289, 400, 196, 169, 2304, 361, 484, 676, 400, 1024, 324, 2116, 169]

pred: 6305 [20, 131, 39, 72, 39, 19, 28, 78, 39, 53, 61, 14, 10, 41, 33, 15, 232, 47, 97, 38, 49, 48, 76, 30, 52, 15, 57, 23, 108, 87, 52, 44, 51, 35, 185, 41, 39, 19, 38, 25, 24, 63, 55, 26, 16, 39, 17, 35, 45, 66, 23, 52, 43, 14, 24, 9, 65, 52, 39, 48, 163, 23, 93, 72, 64, 13, 38, 130, 51, 26, 131, 54, 42, 17, 15, 14, 20, 80, 31, 19, 34, 19, 67, 94, 201, 48, 70, 49, 0, 27, 26, 27, 37, 38, 64, 24, 6, 31, 42, 54, 34, 51, 18, 106, 124, 25, 12, 17, 48, 52, 35, 118, 40, 57, 108, 35, 61, 40, 17, 35, 30, 45, 16, 26, 22, 28, 25, 23, 30, 38]
real: 11073 [46, 240, 93, 136, 73, 38, 46, 102, 54, 84, 134, 29, 30, 54, 56, 26, 268, 79, 173, 58, 96, 81, 126, 49, 95, 26, 123, 43, 168, 202, 114, 96, 93, 61, 234, 64, 68, 30, 58, 47, 40, 127, 81, 49, 32, 69, 46, 58, 83, 122, 44, 102, 71, 23, 49, 19, 98, 76, 55, 97, 280, 50, 148, 95, 124, 31, 75, 212, 120, 48, 203, 110, 77, 30, 39, 26, 39, 167, 58, 47, 41, 32, 121, 131, 263, 74, 138, 96, 18, 65, 43, 46, 72, 84, 107, 61, 16, 99, 78, 113, 56, 100, 29, 168, 167, 36, 26, 47, 118, 91, 65, 223, 76, 125, 185, 48, 119, 57, 37, 49, 43, 93, 35, 48, 48, 48, 57, 41, 76, 51]

grid_scale: 0.3
resize_scale: 0.5
confiance: 0.4

random_seed: 1011
data_augmentation: True
samples: 130
