MAE: 84.52307692307693 [46, 240, 92, 132, 70, 37, 45, 102, 53, 84, 132, 29, 30, 54, 56, 26, 265, 79, 172, 58, 96, 80, 125, 49, 95, 26, 122, 43, 168, 202, 114, 96, 93, 61, 232, 64, 67, 30, 58, 46, 38, 127, 80, 49, 32, 68, 46, 58, 83, 122, 44, 102, 70, 23, 49, 18, 97, 76, 54, 95, 278, 50, 148, 95, 124, 31, 73, 211, 118, 48, 203, 109, 77, 29, 39, 26, 37, 166, 58, 47, 41, 32, 120, 129, 261, 73, 138, 96, 18, 64, 43, 45, 72, 81, 105, 61, 16, 99, 78, 113, 55, 100, 28, 168, 163, 36, 26, 47, 117, 89, 64, 221, 75, 125, 184, 46, 118, 55, 36, 49, 43, 92, 34, 46, 48, 48, 56, 41, 75, 51]
MAPE: 99.14627729320307 [100.0, 100.0, 98.9247311827957, 97.05882352941177, 95.8904109589041, 97.36842105263158, 97.82608695652173, 100.0, 98.14814814814815, 100.0, 98.50746268656717, 100.0, 100.0, 100.0, 100.0, 100.0, 98.88059701492537, 100.0, 99.42196531791907, 100.0, 100.0, 98.76543209876543, 99.20634920634922, 100.0, 100.0, 100.0, 99.1869918699187, 100.0, 100.0, 100.0, 100.0, 100.0, 100.0, 100.0, 99.14529914529915, 100.0, 98.52941176470588, 100.0, 100.0, 97.87234042553192, 95.0, 100.0, 98.76543209876543, 100.0, 100.0, 98.55072463768117, 100.0, 100.0, 100.0, 100.0, 100.0, 100.0, 98.59154929577466, 100.0, 100.0, 94.73684210526315, 98.9795918367347, 100.0, 98.18181818181819, 97.9381443298969, 99.28571428571429, 100.0, 100.0, 100.0, 100.0, 100.0, 97.33333333333334, 99.52830188679245, 98.33333333333333, 100.0, 100.0, 99.0909090909091, 100.0, 96.66666666666667, 100.0, 100.0, 94.87179487179486, 99.40119760479041, 100.0, 100.0, 100.0, 100.0, 99.17355371900827, 98.47328244274809, 99.23954372623575, 98.64864864864865, 100.0, 100.0, 100.0, 98.46153846153847, 100.0, 97.82608695652173, 100.0, 96.42857142857143, 98.13084112149532, 100.0, 100.0, 100.0, 100.0, 100.0, 98.21428571428571, 100.0, 96.55172413793103, 100.0, 97.60479041916167, 100.0, 100.0, 100.0, 99.15254237288136, 97.8021978021978, 98.46153846153847, 99.10313901345292, 98.68421052631578, 100.0, 99.45945945945947, 95.83333333333334, 99.15966386554622, 96.49122807017544, 97.2972972972973, 100.0, 100.0, 98.9247311827957, 97.14285714285714, 95.83333333333334, 100.0, 100.0, 98.24561403508771, 100.0, 98.68421052631578, 100.0]
RMSE: 101.30350438163529 [2116, 57600, 8464, 17424, 4900, 1369, 2025, 10404, 2809, 7056, 17424, 841, 900, 2916, 3136, 676, 70225, 6241, 29584, 3364, 9216, 6400, 15625, 2401, 9025, 676, 14884, 1849, 28224, 40804, 12996, 9216, 8649, 3721, 53824, 4096, 4489, 900, 3364, 2116, 1444, 16129, 6400, 2401, 1024, 4624, 2116, 3364, 6889, 14884, 1936, 10404, 4900, 529, 2401, 324, 9409, 5776, 2916, 9025, 77284, 2500, 21904, 9025, 15376, 961, 5329, 44521, 13924, 2304, 41209, 11881, 5929, 841, 1521, 676, 1369, 27556, 3364, 2209, 1681, 1024, 14400, 16641, 68121, 5329, 19044, 9216, 324, 4096, 1849, 2025, 5184, 6561, 11025, 3721, 256, 9801, 6084, 12769, 3025, 10000, 784, 28224, 26569, 1296, 676, 2209, 13689, 7921, 4096, 48841, 5625, 15625, 33856, 2116, 13924, 3025, 1296, 2401, 1849, 8464, 1156, 2116, 2304, 2304, 3136, 1681, 5625, 2601]

pred: 85 [0, 0, 1, 4, 3, 1, 1, 0, 1, 0, 2, 0, 0, 0, 0, 0, 3, 0, 1, 0, 0, 1, 1, 0, 0, 0, 1, 0, 0, 0, 0, 0, 0, 0, 2, 0, 1, 0, 0, 1, 2, 0, 1, 0, 0, 1, 0, 0, 0, 0, 0, 0, 1, 0, 0, 1, 1, 0, 1, 2, 2, 0, 0, 0, 0, 0, 2, 1, 2, 0, 0, 1, 0, 1, 0, 0, 2, 1, 0, 0, 0, 0, 1, 2, 2, 1, 0, 0, 0, 1, 0, 1, 0, 3, 2, 0, 0, 0, 0, 0, 1, 0, 1, 0, 4, 0, 0, 0, 1, 2, 1, 2, 1, 0, 1, 2, 1, 2, 1, 0, 0, 1, 1, 2, 0, 0, 1, 0, 1, 0]
real: 11073 [46, 240, 93, 136, 73, 38, 46, 102, 54, 84, 134, 29, 30, 54, 56, 26, 268, 79, 173, 58, 96, 81, 126, 49, 95, 26, 123, 43, 168, 202, 114, 96, 93, 61, 234, 64, 68, 30, 58, 47, 40, 127, 81, 49, 32, 69, 46, 58, 83, 122, 44, 102, 71, 23, 49, 19, 98, 76, 55, 97, 280, 50, 148, 95, 124, 31, 75, 212, 120, 48, 203, 110, 77, 30, 39, 26, 39, 167, 58, 47, 41, 32, 121, 131, 263, 74, 138, 96, 18, 65, 43, 46, 72, 84, 107, 61, 16, 99, 78, 113, 56, 100, 29, 168, 167, 36, 26, 47, 118, 91, 65, 223, 76, 125, 185, 48, 119, 57, 37, 49, 43, 93, 35, 48, 48, 48, 57, 41, 76, 51]

grid_scale: 0.3
resize_scale: 0.5
confiance: 0.6

random_seed: 1011
data_augmentation: True
samples: 130
