MAE: 112.63076923076923 [65, 318, 73, 144, 92, 82, 42, 164, 62, 120, 169, 32, 3, 77, 82, 45, 410, 135, 152, 81, 156, 106, 248, 62, 145, 27, 126, 52, 136, 261, 177, 165, 139, 64, 415, 122, 100, 7, 72, 47, 53, 134, 105, 69, 24, 62, 62, 85, 111, 147, 44, 88, 69, 39, 52, 17, 151, 98, 91, 129, 460, 21, 193, 147, 163, 41, 54, 417, 160, 73, 300, 159, 110, 18, 28, 44, 66, 143, 57, 44, 163, 30, 164, 190, 390, 77, 145, 106, 6, 12, 48, 72, 96, 90, 146, 80, 39, 148, 109, 157, 68, 103, 53, 214, 239, 46, 40, 53, 157, 105, 81, 332, 92, 150, 295, 89, 148, 86, 7, 74, 80, 128, 26, 75, 53, 24, 53, 59, 91, 50]
MAPE: 128.35165769624666 [141.30434782608697, 132.5, 78.49462365591397, 105.88235294117648, 126.02739726027397, 215.78947368421052, 91.30434782608695, 160.7843137254902, 114.81481481481481, 142.85714285714286, 126.11940298507463, 110.34482758620689, 10.0, 142.59259259259258, 146.42857142857142, 173.0769230769231, 152.98507462686567, 170.8860759493671, 87.86127167630057, 139.6551724137931, 162.5, 130.8641975308642, 196.8253968253968, 126.53061224489797, 152.63157894736844, 103.84615384615385, 102.4390243902439, 120.93023255813952, 80.95238095238095, 129.20792079207922, 155.26315789473685, 171.875, 149.46236559139786, 104.91803278688525, 177.35042735042734, 190.625, 147.05882352941177, 23.333333333333332, 124.13793103448276, 100.0, 132.5, 105.51181102362204, 129.62962962962962, 140.81632653061226, 75.0, 89.85507246376811, 134.7826086956522, 146.55172413793102, 133.73493975903614, 120.49180327868851, 100.0, 86.27450980392157, 97.1830985915493, 169.56521739130434, 106.12244897959184, 89.47368421052632, 154.08163265306123, 128.94736842105263, 165.45454545454547, 132.98969072164948, 164.28571428571428, 42.0, 130.4054054054054, 154.73684210526315, 131.4516129032258, 132.25806451612902, 72.0, 196.69811320754718, 133.33333333333331, 152.08333333333331, 147.7832512315271, 144.54545454545456, 142.85714285714286, 60.0, 71.7948717948718, 169.23076923076923, 169.23076923076923, 85.62874251497006, 98.27586206896551, 93.61702127659575, 397.5609756097561, 93.75, 135.53719008264463, 145.03816793893128, 148.2889733840304, 104.05405405405406, 105.07246376811594, 110.41666666666667, 33.33333333333333, 18.461538461538463, 111.62790697674419, 156.52173913043478, 133.33333333333331, 107.14285714285714, 136.4485981308411, 131.14754098360655, 243.75, 149.4949494949495, 139.74358974358972, 138.93805309734512, 121.42857142857142, 103.0, 182.75862068965517, 127.38095238095238, 143.11377245508982, 127.77777777777777, 153.84615384615387, 112.7659574468085, 133.05084745762713, 115.38461538461537, 124.61538461538461, 148.87892376681614, 121.05263157894737, 120.0, 159.45945945945945, 185.41666666666669, 124.36974789915966, 150.87719298245614, 18.91891891891892, 151.0204081632653, 186.04651162790697, 137.63440860215056, 74.28571428571429, 156.25, 110.41666666666667, 50.0, 92.98245614035088, 143.90243902439025, 119.73684210526316, 98.0392156862745]
RMSE: 143.61647644923025 [4225, 101124, 5329, 20736, 8464, 6724, 1764, 26896, 3844, 14400, 28561, 1024, 9, 5929, 6724, 2025, 168100, 18225, 23104, 6561, 24336, 11236, 61504, 3844, 21025, 729, 15876, 2704, 18496, 68121, 31329, 27225, 19321, 4096, 172225, 14884, 10000, 49, 5184, 2209, 2809, 17956, 11025, 4761, 576, 3844, 3844, 7225, 12321, 21609, 1936, 7744, 4761, 1521, 2704, 289, 22801, 9604, 8281, 16641, 211600, 441, 37249, 21609, 26569, 1681, 2916, 173889, 25600, 5329, 90000, 25281, 12100, 324, 784, 1936, 4356, 20449, 3249, 1936, 26569, 900, 26896, 36100, 152100, 5929, 21025, 11236, 36, 144, 2304, 5184, 9216, 8100, 21316, 6400, 1521, 21904, 11881, 24649, 4624, 10609, 2809, 45796, 57121, 2116, 1600, 2809, 24649, 11025, 6561, 110224, 8464, 22500, 87025, 7921, 21904, 7396, 49, 5476, 6400, 16384, 676, 5625, 2809, 576, 2809, 3481, 8281, 2500]

pred: 25715 [111, 558, 166, 280, 165, 120, 88, 266, 116, 204, 303, 61, 33, 131, 138, 71, 678, 214, 325, 139, 252, 187, 374, 111, 240, 53, 249, 95, 304, 463, 291, 261, 232, 125, 649, 186, 168, 37, 130, 94, 93, 261, 186, 118, 56, 131, 108, 143, 194, 269, 88, 190, 140, 62, 101, 36, 249, 174, 146, 226, 740, 71, 341, 242, 287, 72, 129, 629, 280, 121, 503, 269, 187, 48, 67, 70, 105, 310, 115, 91, 204, 62, 285, 321, 653, 151, 283, 202, 24, 77, 91, 118, 168, 174, 253, 141, 55, 247, 187, 270, 124, 203, 82, 382, 406, 82, 66, 100, 275, 196, 146, 555, 168, 275, 480, 137, 267, 143, 44, 123, 123, 221, 61, 123, 101, 72, 110, 100, 167, 101]
real: 11073 [46, 240, 93, 136, 73, 38, 46, 102, 54, 84, 134, 29, 30, 54, 56, 26, 268, 79, 173, 58, 96, 81, 126, 49, 95, 26, 123, 43, 168, 202, 114, 96, 93, 61, 234, 64, 68, 30, 58, 47, 40, 127, 81, 49, 32, 69, 46, 58, 83, 122, 44, 102, 71, 23, 49, 19, 98, 76, 55, 97, 280, 50, 148, 95, 124, 31, 75, 212, 120, 48, 203, 110, 77, 30, 39, 26, 39, 167, 58, 47, 41, 32, 121, 131, 263, 74, 138, 96, 18, 65, 43, 46, 72, 84, 107, 61, 16, 99, 78, 113, 56, 100, 29, 168, 167, 36, 26, 47, 118, 91, 65, 223, 76, 125, 185, 48, 119, 57, 37, 49, 43, 93, 35, 48, 48, 48, 57, 41, 76, 51]

grid_scale: 0.2
resize_scale: 0.5
confiance: 0.2

random_seed: 1011
data_augmentation: True
samples: 130
