MAE: 99.98461538461538 [64, 165, 166, 132, 113, 53, 67, 131, 70, 183, 122, 47, 36, 89, 89, 54, 144, 122, 121, 59, 143, 157, 115, 50, 123, 31, 139, 49, 131, 113, 160, 112, 180, 83, 156, 107, 110, 34, 74, 38, 51, 174, 145, 63, 47, 93, 72, 94, 159, 172, 67, 144, 102, 36, 88, 32, 142, 165, 78, 154, 183, 63, 143, 187, 128, 40, 64, 171, 218, 88, 162, 136, 127, 49, 32, 31, 73, 78, 87, 33, 66, 43, 161, 129, 150, 96, 137, 111, 18, 69, 66, 75, 91, 109, 150, 58, 18, 128, 129, 155, 75, 121, 54, 151, 165, 45, 33, 47, 121, 125, 109, 134, 93, 185, 124, 83, 109, 91, 39, 76, 62, 135, 54, 92, 64, 61, 65, 63, 82, 78]
MAPE: 131.23360246498538 [139.1304347826087, 68.75, 178.49462365591398, 97.05882352941177, 154.7945205479452, 139.4736842105263, 145.65217391304347, 128.4313725490196, 129.62962962962962, 217.85714285714283, 91.04477611940298, 162.06896551724137, 120.0, 164.8148148148148, 158.92857142857142, 207.6923076923077, 53.73134328358209, 154.43037974683546, 69.94219653179191, 101.72413793103448, 148.95833333333331, 193.82716049382717, 91.26984126984127, 102.04081632653062, 129.47368421052633, 119.23076923076923, 113.00813008130082, 113.95348837209302, 77.97619047619048, 55.940594059405946, 140.35087719298244, 116.66666666666667, 193.5483870967742, 136.0655737704918, 66.66666666666666, 167.1875, 161.76470588235296, 113.33333333333333, 127.58620689655173, 80.85106382978722, 127.49999999999999, 137.00787401574803, 179.01234567901236, 128.57142857142858, 146.875, 134.7826086956522, 156.52173913043478, 162.06896551724137, 191.56626506024097, 140.98360655737704, 152.27272727272728, 141.1764705882353, 143.66197183098592, 156.52173913043478, 179.59183673469389, 168.42105263157893, 144.89795918367346, 217.10526315789474, 141.8181818181818, 158.76288659793815, 65.35714285714286, 126.0, 96.62162162162163, 196.8421052631579, 103.2258064516129, 129.03225806451613, 85.33333333333334, 80.66037735849056, 181.66666666666666, 183.33333333333331, 79.80295566502463, 123.63636363636363, 164.93506493506493, 163.33333333333334, 82.05128205128204, 119.23076923076923, 187.17948717948718, 46.706586826347305, 150.0, 70.2127659574468, 160.97560975609758, 134.375, 133.05785123966942, 98.47328244274809, 57.03422053231939, 129.72972972972974, 99.27536231884058, 115.625, 100.0, 106.15384615384616, 153.48837209302326, 163.04347826086956, 126.38888888888889, 129.76190476190476, 140.18691588785046, 95.08196721311475, 112.5, 129.2929292929293, 165.3846153846154, 137.16814159292034, 133.92857142857142, 121.0, 186.20689655172413, 89.88095238095238, 98.80239520958084, 125.0, 126.92307692307692, 100.0, 102.54237288135593, 137.36263736263737, 167.6923076923077, 60.0896860986547, 122.36842105263158, 148.0, 67.02702702702703, 172.91666666666669, 91.59663865546219, 159.64912280701756, 105.40540540540539, 155.10204081632654, 144.1860465116279, 145.16129032258064, 154.2857142857143, 191.66666666666669, 133.33333333333331, 127.08333333333333, 114.03508771929825, 153.65853658536585, 107.89473684210526, 152.94117647058823]
RMSE: 110.02069735351547 [4096, 27225, 27556, 17424, 12769, 2809, 4489, 17161, 4900, 33489, 14884, 2209, 1296, 7921, 7921, 2916, 20736, 14884, 14641, 3481, 20449, 24649, 13225, 2500, 15129, 961, 19321, 2401, 17161, 12769, 25600, 12544, 32400, 6889, 24336, 11449, 12100, 1156, 5476, 1444, 2601, 30276, 21025, 3969, 2209, 8649, 5184, 8836, 25281, 29584, 4489, 20736, 10404, 1296, 7744, 1024, 20164, 27225, 6084, 23716, 33489, 3969, 20449, 34969, 16384, 1600, 4096, 29241, 47524, 7744, 26244, 18496, 16129, 2401, 1024, 961, 5329, 6084, 7569, 1089, 4356, 1849, 25921, 16641, 22500, 9216, 18769, 12321, 324, 4761, 4356, 5625, 8281, 11881, 22500, 3364, 324, 16384, 16641, 24025, 5625, 14641, 2916, 22801, 27225, 2025, 1089, 2209, 14641, 15625, 11881, 17956, 8649, 34225, 15376, 6889, 11881, 8281, 1521, 5776, 3844, 18225, 2916, 8464, 4096, 3721, 4225, 3969, 6724, 6084]

pred: 24035 [110, 405, 259, 268, 186, 91, 113, 233, 124, 267, 256, 76, 66, 143, 145, 80, 412, 201, 294, 117, 239, 238, 241, 99, 218, 57, 262, 92, 299, 315, 274, 208, 273, 144, 390, 171, 178, 64, 132, 85, 91, 301, 226, 112, 79, 162, 118, 152, 242, 294, 111, 246, 173, 59, 137, 51, 240, 241, 133, 251, 463, 113, 291, 282, 252, 71, 139, 383, 338, 136, 365, 246, 204, 79, 71, 57, 112, 245, 145, 80, 107, 75, 282, 260, 413, 170, 275, 207, 0, 134, 109, 121, 163, 193, 257, 119, 34, 227, 207, 268, 131, 221, 83, 319, 332, 81, 59, 94, 239, 216, 174, 357, 169, 310, 309, 131, 228, 148, 76, 125, 105, 228, 89, 140, 112, 109, 122, 104, 158, 129]
real: 11073 [46, 240, 93, 136, 73, 38, 46, 102, 54, 84, 134, 29, 30, 54, 56, 26, 268, 79, 173, 58, 96, 81, 126, 49, 95, 26, 123, 43, 168, 202, 114, 96, 93, 61, 234, 64, 68, 30, 58, 47, 40, 127, 81, 49, 32, 69, 46, 58, 83, 122, 44, 102, 71, 23, 49, 19, 98, 76, 55, 97, 280, 50, 148, 95, 124, 31, 75, 212, 120, 48, 203, 110, 77, 30, 39, 26, 39, 167, 58, 47, 41, 32, 121, 131, 263, 74, 138, 96, 18, 65, 43, 46, 72, 84, 107, 61, 16, 99, 78, 113, 56, 100, 29, 168, 167, 36, 26, 47, 118, 91, 65, 223, 76, 125, 185, 48, 119, 57, 37, 49, 43, 93, 35, 48, 48, 48, 57, 41, 76, 51]

grid_scale: 0.4
resize_scale: 0.5
confiance: 0.2

random_seed: 1011
data_augmentation: True
samples: 130
