MAE: 61.746153846153845 [31, 163, 72, 99, 55, 29, 24, 76, 33, 64, 106, 15, 16, 40, 36, 14, 211, 54, 130, 39, 78, 58, 98, 30, 68, 11, 97, 30, 139, 167, 92, 66, 67, 35, 179, 34, 43, 15, 38, 24, 24, 100, 55, 37, 22, 43, 31, 35, 62, 96, 28, 70, 50, 14, 30, 9, 64, 52, 33, 66, 221, 32, 114, 64, 95, 21, 51, 161, 95, 36, 164, 79, 53, 14, 27, 17, 20, 121, 38, 38, 20, 17, 88, 102, 204, 47, 103, 73, 15, 40, 30, 26, 48, 61, 81, 35, 8, 87, 59, 85, 43, 75, 15, 129, 123, 28, 17, 40, 100, 64, 46, 182, 49, 96, 159, 33, 95, 38, 20, 31, 17, 72, 23, 31, 35, 34, 37, 26, 51, 31]
MAPE: 68.6859649778011 [67.3913043478261, 67.91666666666667, 77.41935483870968, 72.79411764705883, 75.34246575342466, 76.31578947368422, 52.17391304347826, 74.50980392156863, 61.111111111111114, 76.19047619047619, 79.1044776119403, 51.724137931034484, 53.333333333333336, 74.07407407407408, 64.28571428571429, 53.84615384615385, 78.73134328358209, 68.35443037974683, 75.14450867052022, 67.24137931034483, 81.25, 71.60493827160494, 77.77777777777779, 61.224489795918366, 71.57894736842105, 42.30769230769231, 78.86178861788618, 69.76744186046511, 82.73809523809523, 82.67326732673267, 80.7017543859649, 68.75, 72.04301075268818, 57.377049180327866, 76.49572649572649, 53.125, 63.23529411764706, 50.0, 65.51724137931035, 51.06382978723404, 60.0, 78.74015748031496, 67.90123456790124, 75.51020408163265, 68.75, 62.31884057971014, 67.3913043478261, 60.3448275862069, 74.69879518072288, 78.68852459016394, 63.63636363636363, 68.62745098039215, 70.4225352112676, 60.86956521739131, 61.224489795918366, 47.368421052631575, 65.3061224489796, 68.42105263157895, 60.0, 68.04123711340206, 78.92857142857143, 64.0, 77.02702702702703, 67.36842105263158, 76.61290322580645, 67.74193548387096, 68.0, 75.94339622641509, 79.16666666666666, 75.0, 80.78817733990148, 71.81818181818181, 68.83116883116884, 46.666666666666664, 69.23076923076923, 65.38461538461539, 51.28205128205128, 72.45508982035929, 65.51724137931035, 80.85106382978722, 48.78048780487805, 53.125, 72.72727272727273, 77.86259541984732, 77.56653992395437, 63.51351351351351, 74.63768115942028, 76.04166666666666, 83.33333333333334, 61.53846153846154, 69.76744186046511, 56.52173913043478, 66.66666666666666, 72.61904761904762, 75.70093457943925, 57.377049180327866, 50.0, 87.87878787878788, 75.64102564102564, 75.22123893805309, 76.78571428571429, 75.0, 51.724137931034484, 76.78571428571429, 73.65269461077844, 77.77777777777779, 65.38461538461539, 85.1063829787234, 84.7457627118644, 70.32967032967034, 70.76923076923077, 81.61434977578476, 64.47368421052632, 76.8, 85.94594594594595, 68.75, 79.83193277310924, 66.66666666666666, 54.054054054054056, 63.26530612244898, 39.53488372093023, 77.41935483870968, 65.71428571428571, 64.58333333333334, 72.91666666666666, 70.83333333333334, 64.91228070175438, 63.41463414634146, 67.10526315789474, 60.78431372549019]
RMSE: 77.03810246085524 [961, 26569, 5184, 9801, 3025, 841, 576, 5776, 1089, 4096, 11236, 225, 256, 1600, 1296, 196, 44521, 2916, 16900, 1521, 6084, 3364, 9604, 900, 4624, 121, 9409, 900, 19321, 27889, 8464, 4356, 4489, 1225, 32041, 1156, 1849, 225, 1444, 576, 576, 10000, 3025, 1369, 484, 1849, 961, 1225, 3844, 9216, 784, 4900, 2500, 196, 900, 81, 4096, 2704, 1089, 4356, 48841, 1024, 12996, 4096, 9025, 441, 2601, 25921, 9025, 1296, 26896, 6241, 2809, 196, 729, 289, 400, 14641, 1444, 1444, 400, 289, 7744, 10404, 41616, 2209, 10609, 5329, 225, 1600, 900, 676, 2304, 3721, 6561, 1225, 64, 7569, 3481, 7225, 1849, 5625, 225, 16641, 15129, 784, 289, 1600, 10000, 4096, 2116, 33124, 2401, 9216, 25281, 1089, 9025, 1444, 400, 961, 289, 5184, 529, 961, 1225, 1156, 1369, 676, 2601, 961]

pred: 3046 [15, 77, 21, 37, 18, 9, 22, 26, 21, 20, 28, 14, 14, 14, 20, 12, 57, 25, 43, 19, 18, 23, 28, 19, 27, 15, 26, 13, 29, 35, 22, 30, 26, 26, 55, 30, 25, 15, 20, 23, 16, 27, 26, 12, 10, 26, 15, 23, 21, 26, 16, 32, 21, 9, 19, 10, 34, 24, 22, 31, 59, 18, 34, 31, 29, 10, 24, 51, 25, 12, 39, 31, 24, 16, 12, 9, 19, 46, 20, 9, 21, 15, 33, 29, 59, 27, 35, 23, 3, 25, 13, 20, 24, 23, 26, 26, 8, 12, 19, 28, 13, 25, 14, 39, 44, 8, 9, 7, 18, 27, 19, 41, 27, 29, 26, 15, 24, 19, 17, 18, 26, 21, 12, 17, 13, 14, 20, 15, 25, 20]
real: 11073 [46, 240, 93, 136, 73, 38, 46, 102, 54, 84, 134, 29, 30, 54, 56, 26, 268, 79, 173, 58, 96, 81, 126, 49, 95, 26, 123, 43, 168, 202, 114, 96, 93, 61, 234, 64, 68, 30, 58, 47, 40, 127, 81, 49, 32, 69, 46, 58, 83, 122, 44, 102, 71, 23, 49, 19, 98, 76, 55, 97, 280, 50, 148, 95, 124, 31, 75, 212, 120, 48, 203, 110, 77, 30, 39, 26, 39, 167, 58, 47, 41, 32, 121, 131, 263, 74, 138, 96, 18, 65, 43, 46, 72, 84, 107, 61, 16, 99, 78, 113, 56, 100, 29, 168, 167, 36, 26, 47, 118, 91, 65, 223, 76, 125, 185, 48, 119, 57, 37, 49, 43, 93, 35, 48, 48, 48, 57, 41, 76, 51]

grid_scale: 0.4
resize_scale: 0.5
confiance: 0.5

random_seed: 1011
data_augmentation: True
samples: 130
