MAE: 29.976923076923075 [19, 51, 30, 48, 29, 21, 8, 29, 17, 37, 29, 54, 33, 26, 13, 16, 10, 52, 31, 16, 43, 16, 10, 42, 49, 3, 61, 26, 35, 4, 33, 39, 28, 28, 10, 5, 13, 62, 24, 11, 5, 12, 21, 18, 14, 33, 51, 50, 79, 59, 31, 36, 39, 48, 33, 14, 26, 42, 11, 17, 108, 21, 33, 39, 31, 18, 2, 27, 58, 18, 31, 64, 11, 52, 27, 30, 34, 50, 6, 24, 39, 20, 24, 12, 22, 1, 2, 17, 27, 23, 3, 19, 43, 36, 35, 23, 36, 61, 17, 32, 37, 51, 10, 4, 39, 31, 28, 34, 41, 41, 52, 49, 5, 26, 14, 61, 30, 37, 30, 46, 22, 29, 15, 15, 39, 14, 45, 52, 66, 8]
MAPE: 44.74776059495595 [43.18181818181818, 45.13274336283185, 14.77832512315271, 50.0, 60.416666666666664, 28.000000000000004, 2.9850746268656714, 12.083333333333334, 34.0, 50.68493150684932, 53.70370370370371, 41.221374045801525, 84.61538461538461, 56.52173913043478, 44.827586206896555, 55.172413793103445, 23.25581395348837, 41.6, 20.945945945945947, 34.78260869565217, 44.79166666666667, 88.88888888888889, 23.25581395348837, 87.5, 51.041666666666664, 6.382978723404255, 67.03296703296702, 45.614035087719294, 31.818181818181817, 2.380952380952381, 15.566037735849056, 28.26086956521739, 107.6923076923077, 39.436619718309856, 31.25, 2.4752475247524752, 4.942965779467681, 73.80952380952381, 41.37931034482759, 36.666666666666664, 19.230769230769234, 32.432432432432435, 36.206896551724135, 37.5, 7.567567567567568, 26.61290322580645, 104.08163265306123, 40.98360655737705, 69.2982456140351, 63.44086021505376, 38.2716049382716, 38.70967741935484, 82.97872340425532, 70.58823529411765, 27.500000000000004, 43.75, 56.52173913043478, 102.4390243902439, 28.205128205128204, 106.25, 263.4146341463415, 9.417040358744394, 56.896551724137936, 79.59183673469387, 26.27118644067797, 50.0, 3.076923076923077, 57.446808510638306, 120.83333333333333, 41.86046511627907, 40.78947368421053, 77.10843373493977, 47.82608695652174, 48.598130841121495, 41.53846153846154, 53.57142857142857, 44.15584415584416, 52.63157894736842, 17.142857142857142, 34.78260869565217, 60.9375, 64.51612903225806, 47.05882352941176, 6.9364161849710975, 44.89795918367347, 3.3333333333333335, 6.666666666666667, 20.238095238095237, 34.61538461538461, 23.232323232323232, 1.0714285714285714, 33.92857142857143, 78.18181818181819, 37.11340206185567, 47.2972972972973, 37.704918032786885, 62.06896551724138, 36.52694610778443, 27.86885245901639, 23.52941176470588, 97.36842105263158, 50.0, 13.157894736842104, 15.384615384615385, 72.22222222222221, 54.385964912280706, 11.965811965811966, 28.09917355371901, 85.41666666666666, 51.89873417721519, 52.0, 60.49382716049383, 2.9940119760479043, 25.49019607843137, 73.68421052631578, 36.30952380952381, 24.390243902439025, 39.784946236559136, 41.66666666666667, 60.526315789473685, 17.46031746031746, 63.04347826086957, 37.5, 30.612244897959183, 29.1044776119403, 53.84615384615385, 45.91836734693878, 40.94488188976378, 69.47368421052632, 6.722689075630252]
RMSE: 34.891369882933695 [361, 2601, 900, 2304, 841, 441, 64, 841, 289, 1369, 841, 2916, 1089, 676, 169, 256, 100, 2704, 961, 256, 1849, 256, 100, 1764, 2401, 9, 3721, 676, 1225, 16, 1089, 1521, 784, 784, 100, 25, 169, 3844, 576, 121, 25, 144, 441, 324, 196, 1089, 2601, 2500, 6241, 3481, 961, 1296, 1521, 2304, 1089, 196, 676, 1764, 121, 289, 11664, 441, 1089, 1521, 961, 324, 4, 729, 3364, 324, 961, 4096, 121, 2704, 729, 900, 1156, 2500, 36, 576, 1521, 400, 576, 144, 484, 1, 4, 289, 729, 529, 9, 361, 1849, 1296, 1225, 529, 1296, 3721, 289, 1024, 1369, 2601, 100, 16, 1521, 961, 784, 1156, 1681, 1681, 2704, 2401, 25, 676, 196, 3721, 900, 1369, 900, 2116, 484, 841, 225, 225, 1521, 196, 2025, 2704, 4356, 64]

pred: 14888 [63, 164, 233, 144, 77, 96, 276, 269, 67, 110, 83, 185, 72, 72, 42, 45, 53, 177, 179, 62, 139, 2, 53, 90, 145, 44, 152, 83, 145, 172, 245, 177, 54, 99, 42, 207, 276, 146, 82, 41, 31, 49, 79, 66, 199, 157, 100, 172, 193, 152, 112, 129, 86, 116, 153, 46, 72, 83, 50, 33, 149, 202, 91, 88, 149, 54, 67, 74, 106, 61, 107, 147, 34, 159, 92, 86, 111, 145, 41, 93, 103, 51, 75, 185, 71, 29, 32, 101, 105, 122, 283, 75, 98, 133, 109, 84, 94, 228, 78, 168, 75, 153, 86, 30, 93, 88, 262, 155, 89, 120, 152, 130, 172, 128, 33, 229, 153, 130, 102, 122, 148, 75, 55, 64, 173, 40, 143, 179, 161, 127]
real: 11073 [44, 113, 203, 96, 48, 75, 268, 240, 50, 73, 54, 131, 39, 46, 29, 29, 43, 125, 148, 46, 96, 18, 43, 48, 96, 47, 91, 57, 110, 168, 212, 138, 26, 71, 32, 202, 263, 84, 58, 30, 26, 37, 58, 48, 185, 124, 49, 122, 114, 93, 81, 93, 47, 68, 120, 32, 46, 41, 39, 16, 41, 223, 58, 49, 118, 36, 65, 47, 48, 43, 76, 83, 23, 107, 65, 56, 77, 95, 35, 69, 64, 31, 51, 173, 49, 30, 30, 84, 78, 99, 280, 56, 55, 97, 74, 61, 58, 167, 61, 136, 38, 102, 76, 26, 54, 57, 234, 121, 48, 79, 100, 81, 167, 102, 19, 168, 123, 93, 72, 76, 126, 46, 40, 49, 134, 26, 98, 127, 95, 119]

grid_scale: 0.5
resize_scale: 0.5
confiance: 0.3

random_seed: 1011
data_augmentation: True
samples: 130
