MAE: 77.81538461538462 [40, 223, 88, 128, 64, 33, 36, 100, 47, 80, 123, 27, 25, 48, 45, 24, 262, 70, 163, 54, 91, 77, 120, 32, 92, 21, 116, 32, 155, 196, 111, 88, 89, 55, 224, 53, 54, 22, 52, 39, 31, 118, 68, 43, 25, 55, 42, 45, 80, 110, 39, 93, 64, 19, 43, 16, 88, 67, 47, 88, 268, 39, 136, 89, 113, 30, 68, 206, 113, 44, 196, 104, 71, 23, 27, 19, 35, 155, 50, 44, 35, 24, 115, 123, 253, 67, 124, 89, 18, 53, 39, 39, 63, 74, 101, 44, 15, 95, 78, 102, 50, 90, 21, 159, 158, 34, 23, 41, 115, 84, 57, 212, 67, 120, 182, 44, 109, 49, 27, 40, 33, 85, 28, 42, 43, 39, 50, 38, 68, 47]
MAPE: 88.81391138555011 [86.95652173913044, 92.91666666666667, 94.6236559139785, 94.11764705882352, 87.67123287671232, 86.8421052631579, 78.26086956521739, 98.0392156862745, 87.03703703703704, 95.23809523809523, 91.7910447761194, 93.10344827586206, 83.33333333333334, 88.88888888888889, 80.35714285714286, 92.3076923076923, 97.76119402985076, 88.60759493670885, 94.21965317919076, 93.10344827586206, 94.79166666666666, 95.06172839506173, 95.23809523809523, 65.3061224489796, 96.84210526315789, 80.76923076923077, 94.3089430894309, 74.4186046511628, 92.26190476190477, 97.02970297029702, 97.36842105263158, 91.66666666666666, 95.6989247311828, 90.1639344262295, 95.72649572649573, 82.8125, 79.41176470588235, 73.33333333333333, 89.65517241379311, 82.97872340425532, 77.5, 92.91338582677166, 83.9506172839506, 87.75510204081633, 78.125, 79.71014492753623, 91.30434782608695, 77.58620689655173, 96.3855421686747, 90.1639344262295, 88.63636363636364, 91.17647058823529, 90.14084507042254, 82.6086956521739, 87.75510204081633, 84.21052631578947, 89.79591836734694, 88.1578947368421, 85.45454545454545, 90.72164948453609, 95.71428571428572, 78.0, 91.8918918918919, 93.6842105263158, 91.12903225806451, 96.7741935483871, 90.66666666666666, 97.16981132075472, 94.16666666666667, 91.66666666666666, 96.55172413793103, 94.54545454545455, 92.20779220779221, 76.66666666666667, 69.23076923076923, 73.07692307692307, 89.74358974358975, 92.81437125748504, 86.20689655172413, 93.61702127659575, 85.36585365853658, 75.0, 95.0413223140496, 93.89312977099237, 96.1977186311787, 90.54054054054053, 89.85507246376811, 92.70833333333334, 100.0, 81.53846153846153, 90.69767441860465, 84.78260869565217, 87.5, 88.09523809523809, 94.39252336448598, 72.1311475409836, 93.75, 95.95959595959596, 100.0, 90.2654867256637, 89.28571428571429, 90.0, 72.41379310344827, 94.64285714285714, 94.61077844311377, 94.44444444444444, 88.46153846153845, 87.2340425531915, 97.45762711864407, 92.3076923076923, 87.6923076923077, 95.06726457399103, 88.1578947368421, 96.0, 98.37837837837839, 91.66666666666666, 91.59663865546219, 85.96491228070175, 72.97297297297297, 81.63265306122449, 76.74418604651163, 91.39784946236558, 80.0, 87.5, 89.58333333333334, 81.25, 87.71929824561403, 92.6829268292683, 89.47368421052632, 92.15686274509804]
RMSE: 95.4009353284257 [1600, 49729, 7744, 16384, 4096, 1089, 1296, 10000, 2209, 6400, 15129, 729, 625, 2304, 2025, 576, 68644, 4900, 26569, 2916, 8281, 5929, 14400, 1024, 8464, 441, 13456, 1024, 24025, 38416, 12321, 7744, 7921, 3025, 50176, 2809, 2916, 484, 2704, 1521, 961, 13924, 4624, 1849, 625, 3025, 1764, 2025, 6400, 12100, 1521, 8649, 4096, 361, 1849, 256, 7744, 4489, 2209, 7744, 71824, 1521, 18496, 7921, 12769, 900, 4624, 42436, 12769, 1936, 38416, 10816, 5041, 529, 729, 361, 1225, 24025, 2500, 1936, 1225, 576, 13225, 15129, 64009, 4489, 15376, 7921, 324, 2809, 1521, 1521, 3969, 5476, 10201, 1936, 225, 9025, 6084, 10404, 2500, 8100, 441, 25281, 24964, 1156, 529, 1681, 13225, 7056, 3249, 44944, 4489, 14400, 33124, 1936, 11881, 2401, 729, 1600, 1089, 7225, 784, 1764, 1849, 1521, 2500, 1444, 4624, 2209]

pred: 957 [6, 17, 5, 8, 9, 5, 10, 2, 7, 4, 11, 2, 5, 6, 11, 2, 6, 9, 10, 4, 5, 4, 6, 17, 3, 5, 7, 11, 13, 6, 3, 8, 4, 6, 10, 11, 14, 8, 6, 8, 9, 9, 13, 6, 7, 14, 4, 13, 3, 12, 5, 9, 7, 4, 6, 3, 10, 9, 8, 9, 12, 11, 12, 6, 11, 1, 7, 6, 7, 4, 7, 6, 6, 7, 12, 7, 4, 12, 8, 3, 6, 8, 6, 8, 10, 7, 14, 7, 0, 12, 4, 7, 9, 10, 6, 17, 1, 4, 0, 11, 6, 10, 8, 9, 9, 2, 3, 6, 3, 7, 8, 11, 9, 5, 3, 4, 10, 8, 10, 9, 10, 8, 7, 6, 5, 9, 7, 3, 8, 4]
real: 11073 [46, 240, 93, 136, 73, 38, 46, 102, 54, 84, 134, 29, 30, 54, 56, 26, 268, 79, 173, 58, 96, 81, 126, 49, 95, 26, 123, 43, 168, 202, 114, 96, 93, 61, 234, 64, 68, 30, 58, 47, 40, 127, 81, 49, 32, 69, 46, 58, 83, 122, 44, 102, 71, 23, 49, 19, 98, 76, 55, 97, 280, 50, 148, 95, 124, 31, 75, 212, 120, 48, 203, 110, 77, 30, 39, 26, 39, 167, 58, 47, 41, 32, 121, 131, 263, 74, 138, 96, 18, 65, 43, 46, 72, 84, 107, 61, 16, 99, 78, 113, 56, 100, 29, 168, 167, 36, 26, 47, 118, 91, 65, 223, 76, 125, 185, 48, 119, 57, 37, 49, 43, 93, 35, 48, 48, 48, 57, 41, 76, 51]

grid_scale: 0.4
resize_scale: 0.5
confiance: 0.6

random_seed: 1011
data_augmentation: True
samples: 130
