MAE: 26.5 [12, 41, 54, 25, 18, 25, 82, 84, 10, 20, 14, 17, 9, 11, 11, 7, 16, 47, 40, 17, 25, 11, 13, 8, 33, 14, 22, 19, 47, 68, 67, 36, 2, 19, 3, 86, 82, 12, 18, 7, 14, 12, 18, 14, 56, 51, 6, 58, 40, 37, 29, 39, 14, 14, 42, 5, 10, 14, 11, 3, 4, 95, 10, 12, 55, 8, 29, 14, 4, 12, 22, 30, 4, 26, 11, 19, 24, 20, 7, 18, 14, 8, 11, 61, 8, 10, 10, 31, 39, 30, 120, 14, 10, 32, 31, 12, 14, 60, 13, 47, 13, 13, 30, 6, 14, 16, 85, 36, 2, 30, 33, 14, 69, 41, 3, 46, 55, 27, 4, 18, 55, 10, 6, 0, 45, 7, 19, 50, 14, 46]
MAPE: 28.74782081607888 [27.27272727272727, 36.283185840707965, 26.60098522167488, 26.041666666666668, 37.5, 33.33333333333333, 30.597014925373134, 35.0, 20.0, 27.397260273972602, 25.925925925925924, 12.977099236641221, 23.076923076923077, 23.91304347826087, 37.93103448275862, 24.137931034482758, 37.2093023255814, 37.6, 27.027027027027028, 36.95652173913043, 26.041666666666668, 61.111111111111114, 30.23255813953488, 16.666666666666664, 34.375, 29.78723404255319, 24.175824175824175, 33.33333333333333, 42.72727272727273, 40.476190476190474, 31.60377358490566, 26.08695652173913, 7.6923076923076925, 26.76056338028169, 9.375, 42.57425742574257, 31.1787072243346, 14.285714285714285, 31.03448275862069, 23.333333333333332, 53.84615384615385, 32.432432432432435, 31.03448275862069, 29.166666666666668, 30.270270270270274, 41.12903225806452, 12.244897959183673, 47.540983606557376, 35.08771929824561, 39.784946236559136, 35.80246913580247, 41.935483870967744, 29.78723404255319, 20.588235294117645, 35.0, 15.625, 21.73913043478261, 34.146341463414636, 28.205128205128204, 18.75, 9.75609756097561, 42.600896860986545, 17.24137931034483, 24.489795918367346, 46.61016949152542, 22.22222222222222, 44.61538461538462, 29.78723404255319, 8.333333333333332, 27.906976744186046, 28.947368421052634, 36.144578313253014, 17.391304347826086, 24.299065420560748, 16.923076923076923, 33.92857142857143, 31.16883116883117, 21.052631578947366, 20.0, 26.08695652173913, 21.875, 25.806451612903224, 21.568627450980394, 35.26011560693642, 16.3265306122449, 33.33333333333333, 33.33333333333333, 36.904761904761905, 50.0, 30.303030303030305, 42.857142857142854, 25.0, 18.181818181818183, 32.98969072164948, 41.891891891891895, 19.672131147540984, 24.137931034482758, 35.92814371257485, 21.311475409836063, 34.55882352941176, 34.21052631578947, 12.745098039215685, 39.473684210526315, 23.076923076923077, 25.925925925925924, 28.07017543859649, 36.324786324786324, 29.75206611570248, 4.166666666666666, 37.9746835443038, 33.0, 17.28395061728395, 41.31736526946108, 40.19607843137255, 15.789473684210526, 27.380952380952383, 44.71544715447154, 29.03225806451613, 5.555555555555555, 23.684210526315788, 43.65079365079365, 21.73913043478261, 15.0, 0.0, 33.582089552238806, 26.923076923076923, 19.387755102040817, 39.37007874015748, 14.736842105263156, 38.655462184873954]
RMSE: 34.885416834148735 [144, 1681, 2916, 625, 324, 625, 6724, 7056, 100, 400, 196, 289, 81, 121, 121, 49, 256, 2209, 1600, 289, 625, 121, 169, 64, 1089, 196, 484, 361, 2209, 4624, 4489, 1296, 4, 361, 9, 7396, 6724, 144, 324, 49, 196, 144, 324, 196, 3136, 2601, 36, 3364, 1600, 1369, 841, 1521, 196, 196, 1764, 25, 100, 196, 121, 9, 16, 9025, 100, 144, 3025, 64, 841, 196, 16, 144, 484, 900, 16, 676, 121, 361, 576, 400, 49, 324, 196, 64, 121, 3721, 64, 100, 100, 961, 1521, 900, 14400, 196, 100, 1024, 961, 144, 196, 3600, 169, 2209, 169, 169, 900, 36, 196, 256, 7225, 1296, 4, 900, 1089, 196, 4761, 1681, 9, 2116, 3025, 729, 16, 324, 3025, 100, 36, 0, 2025, 49, 361, 2500, 196, 2116]

pred: 7648 [32, 72, 149, 71, 30, 50, 186, 156, 40, 53, 40, 114, 30, 35, 18, 22, 27, 78, 108, 29, 71, 7, 30, 40, 63, 33, 69, 38, 63, 100, 145, 102, 24, 52, 29, 116, 181, 72, 40, 23, 12, 25, 40, 34, 129, 73, 43, 64, 74, 56, 52, 54, 33, 54, 78, 27, 36, 27, 28, 13, 45, 128, 48, 37, 63, 28, 36, 33, 52, 31, 54, 53, 19, 81, 54, 37, 53, 75, 28, 51, 50, 23, 40, 112, 41, 20, 20, 53, 39, 69, 160, 42, 45, 65, 43, 49, 44, 107, 48, 89, 25, 89, 46, 20, 40, 41, 149, 85, 50, 49, 67, 67, 98, 61, 16, 122, 68, 66, 68, 58, 71, 36, 34, 49, 89, 19, 79, 77, 81, 73]
real: 11073 [44, 113, 203, 96, 48, 75, 268, 240, 50, 73, 54, 131, 39, 46, 29, 29, 43, 125, 148, 46, 96, 18, 43, 48, 96, 47, 91, 57, 110, 168, 212, 138, 26, 71, 32, 202, 263, 84, 58, 30, 26, 37, 58, 48, 185, 124, 49, 122, 114, 93, 81, 93, 47, 68, 120, 32, 46, 41, 39, 16, 41, 223, 58, 49, 118, 36, 65, 47, 48, 43, 76, 83, 23, 107, 65, 56, 77, 95, 35, 69, 64, 31, 51, 173, 49, 30, 30, 84, 78, 99, 280, 56, 55, 97, 74, 61, 58, 167, 61, 136, 38, 102, 76, 26, 54, 57, 234, 121, 48, 79, 100, 81, 167, 102, 19, 168, 123, 93, 72, 76, 126, 46, 40, 49, 134, 26, 98, 127, 95, 119]

grid_scale: 0.4
resize_scale: 0.5
confiance: 0.4

random_seed: 1011
data_augmentation: True
samples: 130
