MAE: 99.91538461538461 [45, 263, 96, 136, 58, 46, 34, 125, 48, 105, 138, 30, 14, 79, 70, 33, 260, 135, 159, 80, 143, 99, 151, 68, 143, 25, 120, 41, 156, 177, 177, 141, 148, 53, 256, 125, 102, 7, 65, 38, 79, 124, 157, 51, 16, 60, 46, 69, 104, 130, 37, 108, 52, 35, 70, 11, 120, 86, 114, 123, 285, 47, 123, 122, 131, 34, 77, 328, 136, 80, 261, 123, 99, 17, 19, 53, 65, 173, 89, 52, 172, 33, 157, 206, 245, 64, 175, 94, 58, 77, 50, 44, 88, 68, 134, 52, 47, 142, 101, 143, 41, 111, 38, 180, 180, 39, 54, 62, 168, 125, 79, 215, 77, 121, 241, 89, 118, 91, 23, 83, 29, 113, 38, 102, 43, 48, 58, 45, 69, 64]
MAPE: 121.99703880510846 [97.82608695652173, 109.58333333333334, 103.2258064516129, 100.0, 79.45205479452055, 121.05263157894737, 73.91304347826086, 122.54901960784315, 88.88888888888889, 125.0, 102.98507462686568, 103.44827586206897, 46.666666666666664, 146.2962962962963, 125.0, 126.92307692307692, 97.01492537313433, 170.8860759493671, 91.90751445086705, 137.93103448275863, 148.95833333333331, 122.22222222222223, 119.84126984126983, 138.77551020408163, 150.5263157894737, 96.15384615384616, 97.5609756097561, 95.34883720930233, 92.85714285714286, 87.62376237623762, 155.26315789473685, 146.875, 159.13978494623655, 86.88524590163934, 109.40170940170941, 195.3125, 150.0, 23.333333333333332, 112.06896551724137, 80.85106382978722, 197.5, 97.63779527559055, 193.82716049382717, 104.08163265306123, 50.0, 86.95652173913044, 100.0, 118.96551724137932, 125.30120481927712, 106.55737704918033, 84.0909090909091, 105.88235294117648, 73.23943661971832, 152.17391304347828, 142.85714285714286, 57.89473684210527, 122.44897959183673, 113.1578947368421, 207.27272727272728, 126.8041237113402, 101.78571428571428, 94.0, 83.1081081081081, 128.42105263157896, 105.64516129032258, 109.6774193548387, 102.66666666666666, 154.7169811320755, 113.33333333333333, 166.66666666666669, 128.57142857142858, 111.81818181818181, 128.57142857142858, 56.666666666666664, 48.717948717948715, 203.84615384615384, 166.66666666666669, 103.59281437125749, 153.44827586206898, 110.63829787234043, 419.5121951219512, 103.125, 129.75206611570246, 157.25190839694656, 93.15589353612167, 86.48648648648648, 126.81159420289856, 97.91666666666666, 322.22222222222223, 118.46153846153847, 116.27906976744187, 95.65217391304348, 122.22222222222223, 80.95238095238095, 125.23364485981307, 85.24590163934425, 293.75, 143.43434343434342, 129.4871794871795, 126.54867256637168, 73.21428571428571, 111.00000000000001, 131.0344827586207, 107.14285714285714, 107.78443113772455, 108.33333333333333, 207.6923076923077, 131.91489361702128, 142.3728813559322, 137.36263736263737, 121.53846153846153, 96.41255605381166, 101.3157894736842, 96.8, 130.27027027027026, 185.41666666666669, 99.15966386554622, 159.64912280701756, 62.16216216216216, 169.3877551020408, 67.44186046511628, 121.50537634408603, 108.57142857142857, 212.5, 89.58333333333334, 100.0, 101.75438596491229, 109.75609756097562, 90.78947368421053, 125.49019607843137]
RMSE: 118.4765150373044 [2025, 69169, 9216, 18496, 3364, 2116, 1156, 15625, 2304, 11025, 19044, 900, 196, 6241, 4900, 1089, 67600, 18225, 25281, 6400, 20449, 9801, 22801, 4624, 20449, 625, 14400, 1681, 24336, 31329, 31329, 19881, 21904, 2809, 65536, 15625, 10404, 49, 4225, 1444, 6241, 15376, 24649, 2601, 256, 3600, 2116, 4761, 10816, 16900, 1369, 11664, 2704, 1225, 4900, 121, 14400, 7396, 12996, 15129, 81225, 2209, 15129, 14884, 17161, 1156, 5929, 107584, 18496, 6400, 68121, 15129, 9801, 289, 361, 2809, 4225, 29929, 7921, 2704, 29584, 1089, 24649, 42436, 60025, 4096, 30625, 8836, 3364, 5929, 2500, 1936, 7744, 4624, 17956, 2704, 2209, 20164, 10201, 20449, 1681, 12321, 1444, 32400, 32400, 1521, 2916, 3844, 28224, 15625, 6241, 46225, 5929, 14641, 58081, 7921, 13924, 8281, 529, 6889, 841, 12769, 1444, 10404, 1849, 2304, 3364, 2025, 4761, 4096]

pred: 24062 [91, 503, 189, 272, 131, 84, 80, 227, 102, 189, 272, 59, 44, 133, 126, 59, 528, 214, 332, 138, 239, 180, 277, 117, 238, 51, 243, 84, 324, 379, 291, 237, 241, 114, 490, 189, 170, 37, 123, 85, 119, 251, 238, 100, 48, 129, 92, 127, 187, 252, 81, 210, 123, 58, 119, 30, 218, 162, 169, 220, 565, 97, 271, 217, 255, 65, 152, 540, 256, 128, 464, 233, 176, 47, 58, 79, 104, 340, 147, 99, 213, 65, 278, 337, 508, 138, 313, 190, 76, 142, 93, 90, 160, 152, 241, 113, 63, 241, 179, 256, 97, 211, 67, 348, 347, 75, 80, 109, 286, 216, 144, 438, 153, 246, 426, 137, 237, 148, 60, 132, 72, 206, 73, 150, 91, 96, 115, 86, 145, 115]
real: 11073 [46, 240, 93, 136, 73, 38, 46, 102, 54, 84, 134, 29, 30, 54, 56, 26, 268, 79, 173, 58, 96, 81, 126, 49, 95, 26, 123, 43, 168, 202, 114, 96, 93, 61, 234, 64, 68, 30, 58, 47, 40, 127, 81, 49, 32, 69, 46, 58, 83, 122, 44, 102, 71, 23, 49, 19, 98, 76, 55, 97, 280, 50, 148, 95, 124, 31, 75, 212, 120, 48, 203, 110, 77, 30, 39, 26, 39, 167, 58, 47, 41, 32, 121, 131, 263, 74, 138, 96, 18, 65, 43, 46, 72, 84, 107, 61, 16, 99, 78, 113, 56, 100, 29, 168, 167, 36, 26, 47, 118, 91, 65, 223, 76, 125, 185, 48, 119, 57, 37, 49, 43, 93, 35, 48, 48, 48, 57, 41, 76, 51]

grid_scale: 0.3
resize_scale: 0.5
confiance: 0.2

random_seed: 1011
data_augmentation: True
samples: 130
