MAE: 22.953846153846154 [13, 48, 20, 22, 20, 15, 6, 36, 22, 35, 23, 7, 5, 36, 7, 7, 53, 41, 50, 9, 32, 25, 31, 10, 30, 4, 17, 8, 48, 45, 42, 30, 34, 11, 80, 48, 25, 6, 9, 12, 6, 19, 56, 20, 2, 11, 7, 8, 26, 35, 8, 22, 1, 15, 27, 2, 23, 23, 35, 25, 135, 11, 40, 26, 21, 16, 7, 90, 27, 22, 72, 11, 13, 2, 1, 6, 16, 57, 24, 9, 46, 4, 19, 61, 73, 12, 36, 13, 19, 21, 8, 3, 9, 4, 24, 2, 20, 35, 18, 36, 3, 1, 1, 28, 36, 4, 9, 9, 47, 27, 14, 23, 22, 25, 59, 26, 25, 14, 3, 24, 3, 13, 12, 22, 6, 19, 7, 9, 21, 10]
MAPE: 27.85465148827652 [28.26086956521739, 20.0, 21.50537634408602, 16.176470588235293, 27.397260273972602, 39.473684210526315, 13.043478260869565, 35.294117647058826, 40.74074074074074, 41.66666666666667, 17.16417910447761, 24.137931034482758, 16.666666666666664, 66.66666666666666, 12.5, 26.923076923076923, 19.776119402985074, 51.89873417721519, 28.901734104046245, 15.517241379310345, 33.33333333333333, 30.864197530864196, 24.6031746031746, 20.408163265306122, 31.57894736842105, 15.384615384615385, 13.821138211382115, 18.6046511627907, 28.57142857142857, 22.277227722772277, 36.84210526315789, 31.25, 36.55913978494624, 18.0327868852459, 34.18803418803419, 75.0, 36.76470588235294, 20.0, 15.517241379310345, 25.53191489361702, 15.0, 14.960629921259844, 69.1358024691358, 40.816326530612244, 6.25, 15.942028985507244, 15.217391304347828, 13.793103448275861, 31.32530120481928, 28.688524590163933, 18.181818181818183, 21.568627450980394, 1.4084507042253522, 65.21739130434783, 55.10204081632652, 10.526315789473683, 23.46938775510204, 30.263157894736842, 63.63636363636363, 25.773195876288657, 48.214285714285715, 22.0, 27.027027027027028, 27.368421052631582, 16.93548387096774, 51.61290322580645, 9.333333333333334, 42.45283018867924, 22.5, 45.83333333333333, 35.467980295566505, 10.0, 16.883116883116884, 6.666666666666667, 2.564102564102564, 23.076923076923077, 41.02564102564102, 34.13173652694611, 41.37931034482759, 19.148936170212767, 112.19512195121952, 12.5, 15.702479338842975, 46.56488549618321, 27.756653992395435, 16.216216216216218, 26.08695652173913, 13.541666666666666, 105.55555555555556, 32.30769230769231, 18.6046511627907, 6.521739130434782, 12.5, 4.761904761904762, 22.429906542056074, 3.278688524590164, 125.0, 35.35353535353536, 23.076923076923077, 31.858407079646017, 5.357142857142857, 1.0, 3.4482758620689653, 16.666666666666664, 21.55688622754491, 11.11111111111111, 34.61538461538461, 19.148936170212767, 39.83050847457627, 29.67032967032967, 21.53846153846154, 10.31390134529148, 28.947368421052634, 20.0, 31.891891891891895, 54.166666666666664, 21.008403361344538, 24.561403508771928, 8.108108108108109, 48.97959183673469, 6.976744186046512, 13.978494623655912, 34.285714285714285, 45.83333333333333, 12.5, 39.58333333333333, 12.280701754385964, 21.951219512195124, 27.631578947368425, 19.607843137254903]
RMSE: 30.533965954704883 [169, 2304, 400, 484, 400, 225, 36, 1296, 484, 1225, 529, 49, 25, 1296, 49, 49, 2809, 1681, 2500, 81, 1024, 625, 961, 100, 900, 16, 289, 64, 2304, 2025, 1764, 900, 1156, 121, 6400, 2304, 625, 36, 81, 144, 36, 361, 3136, 400, 4, 121, 49, 64, 676, 1225, 64, 484, 1, 225, 729, 4, 529, 529, 1225, 625, 18225, 121, 1600, 676, 441, 256, 49, 8100, 729, 484, 5184, 121, 169, 4, 1, 36, 256, 3249, 576, 81, 2116, 16, 361, 3721, 5329, 144, 1296, 169, 361, 441, 64, 9, 81, 16, 576, 4, 400, 1225, 324, 1296, 9, 1, 1, 784, 1296, 16, 81, 81, 2209, 729, 196, 529, 484, 625, 3481, 676, 625, 196, 9, 576, 9, 169, 144, 484, 36, 361, 49, 81, 441, 100]

pred: 14013 [59, 288, 113, 158, 93, 53, 52, 138, 76, 119, 157, 36, 25, 90, 63, 33, 321, 120, 223, 67, 128, 106, 157, 59, 125, 30, 140, 51, 216, 247, 156, 126, 127, 72, 314, 112, 93, 24, 67, 59, 46, 146, 137, 69, 30, 80, 53, 66, 109, 157, 52, 124, 70, 38, 76, 21, 121, 99, 90, 122, 415, 61, 188, 121, 145, 47, 82, 302, 147, 70, 275, 121, 90, 32, 38, 32, 55, 224, 82, 56, 87, 28, 140, 192, 336, 86, 174, 109, 37, 86, 51, 49, 81, 88, 131, 63, 36, 134, 96, 149, 59, 101, 30, 196, 203, 40, 35, 56, 165, 118, 79, 246, 98, 150, 244, 74, 144, 71, 34, 73, 46, 106, 47, 70, 54, 67, 64, 50, 97, 61]
real: 11073 [46, 240, 93, 136, 73, 38, 46, 102, 54, 84, 134, 29, 30, 54, 56, 26, 268, 79, 173, 58, 96, 81, 126, 49, 95, 26, 123, 43, 168, 202, 114, 96, 93, 61, 234, 64, 68, 30, 58, 47, 40, 127, 81, 49, 32, 69, 46, 58, 83, 122, 44, 102, 71, 23, 49, 19, 98, 76, 55, 97, 280, 50, 148, 95, 124, 31, 75, 212, 120, 48, 203, 110, 77, 30, 39, 26, 39, 167, 58, 47, 41, 32, 121, 131, 263, 74, 138, 96, 18, 65, 43, 46, 72, 84, 107, 61, 16, 99, 78, 113, 56, 100, 29, 168, 167, 36, 26, 47, 118, 91, 65, 223, 76, 125, 185, 48, 119, 57, 37, 49, 43, 93, 35, 48, 48, 48, 57, 41, 76, 51]

grid_scale: 0.3
resize_scale: 0.5
confiance: 0.3

random_seed: 1011
data_augmentation: True
samples: 130
