MAE: 28.076923076923077 [14, 103, 39, 43, 25, 3, 12, 23, 8, 4, 53, 7, 5, 8, 12, 6, 104, 23, 87, 12, 12, 33, 34, 6, 2, 2, 63, 14, 75, 103, 25, 32, 17, 24, 96, 27, 22, 10, 13, 14, 8, 55, 27, 9, 11, 19, 20, 9, 2, 40, 15, 37, 28, 4, 19, 2, 9, 8, 15, 25, 131, 12, 58, 17, 52, 6, 25, 78, 59, 10, 53, 37, 15, 8, 10, 6, 8, 80, 21, 4, 35, 5, 47, 53, 104, 24, 45, 41, 11, 18, 19, 10, 15, 36, 20, 16, 5, 48, 20, 37, 17, 30, 5, 57, 52, 6, 16, 16, 47, 37, 6, 110, 15, 50, 55, 5, 50, 2, 13, 1, 9, 40, 14, 10, 17, 14, 24, 15, 23, 18]
MAPE: 29.90836298339775 [30.434782608695656, 42.916666666666664, 41.935483870967744, 31.61764705882353, 34.24657534246575, 7.894736842105263, 26.08695652173913, 22.54901960784314, 14.814814814814813, 4.761904761904762, 39.55223880597015, 24.137931034482758, 16.666666666666664, 14.814814814814813, 21.428571428571427, 23.076923076923077, 38.80597014925373, 29.11392405063291, 50.28901734104046, 20.689655172413794, 12.5, 40.74074074074074, 26.984126984126984, 12.244897959183673, 2.1052631578947367, 7.6923076923076925, 51.21951219512195, 32.55813953488372, 44.642857142857146, 50.99009900990099, 21.929824561403507, 33.33333333333333, 18.27956989247312, 39.34426229508197, 41.02564102564102, 42.1875, 32.35294117647059, 33.33333333333333, 22.413793103448278, 29.78723404255319, 20.0, 43.30708661417323, 33.33333333333333, 18.367346938775512, 34.375, 27.536231884057973, 43.47826086956522, 15.517241379310345, 2.4096385542168677, 32.78688524590164, 34.090909090909086, 36.27450980392157, 39.436619718309856, 17.391304347826086, 38.775510204081634, 10.526315789473683, 9.183673469387756, 10.526315789473683, 27.27272727272727, 25.773195876288657, 46.785714285714285, 24.0, 39.189189189189186, 17.894736842105264, 41.935483870967744, 19.35483870967742, 33.33333333333333, 36.79245283018868, 49.166666666666664, 20.833333333333336, 26.108374384236456, 33.63636363636363, 19.480519480519483, 26.666666666666668, 25.64102564102564, 23.076923076923077, 20.51282051282051, 47.90419161676647, 36.206896551724135, 8.51063829787234, 85.36585365853658, 15.625, 38.84297520661157, 40.458015267175576, 39.543726235741445, 32.432432432432435, 32.608695652173914, 42.70833333333333, 61.111111111111114, 27.692307692307693, 44.18604651162791, 21.73913043478261, 20.833333333333336, 42.857142857142854, 18.69158878504673, 26.229508196721312, 31.25, 48.484848484848484, 25.64102564102564, 32.743362831858406, 30.357142857142854, 30.0, 17.24137931034483, 33.92857142857143, 31.137724550898206, 16.666666666666664, 61.53846153846154, 34.04255319148936, 39.83050847457627, 40.65934065934066, 9.230769230769232, 49.327354260089685, 19.736842105263158, 40.0, 29.72972972972973, 10.416666666666668, 42.016806722689076, 3.508771929824561, 35.13513513513514, 2.0408163265306123, 20.930232558139537, 43.01075268817204, 40.0, 20.833333333333336, 35.41666666666667, 29.166666666666668, 42.10526315789473, 36.58536585365854, 30.263157894736842, 35.294117647058826]
RMSE: 38.65627623436707 [196, 10609, 1521, 1849, 625, 9, 144, 529, 64, 16, 2809, 49, 25, 64, 144, 36, 10816, 529, 7569, 144, 144, 1089, 1156, 36, 4, 4, 3969, 196, 5625, 10609, 625, 1024, 289, 576, 9216, 729, 484, 100, 169, 196, 64, 3025, 729, 81, 121, 361, 400, 81, 4, 1600, 225, 1369, 784, 16, 361, 4, 81, 64, 225, 625, 17161, 144, 3364, 289, 2704, 36, 625, 6084, 3481, 100, 2809, 1369, 225, 64, 100, 36, 64, 6400, 441, 16, 1225, 25, 2209, 2809, 10816, 576, 2025, 1681, 121, 324, 361, 100, 225, 1296, 400, 256, 25, 2304, 400, 1369, 289, 900, 25, 3249, 2704, 36, 256, 256, 2209, 1369, 36, 12100, 225, 2500, 3025, 25, 2500, 4, 169, 1, 81, 1600, 196, 100, 289, 196, 576, 225, 529, 324]

pred: 7523 [32, 137, 54, 93, 48, 35, 34, 79, 46, 80, 81, 22, 25, 46, 44, 20, 164, 56, 86, 46, 84, 48, 92, 43, 93, 24, 60, 29, 93, 99, 89, 64, 76, 37, 138, 37, 46, 20, 45, 33, 32, 72, 54, 40, 21, 50, 26, 49, 81, 82, 29, 65, 43, 19, 30, 17, 89, 68, 40, 72, 149, 38, 90, 78, 72, 25, 50, 134, 61, 58, 150, 73, 62, 22, 29, 20, 31, 87, 37, 43, 76, 27, 74, 78, 159, 50, 93, 55, 7, 47, 24, 36, 57, 48, 87, 45, 21, 51, 58, 76, 39, 70, 24, 111, 115, 30, 10, 31, 71, 54, 59, 113, 61, 75, 130, 43, 69, 55, 24, 48, 34, 53, 21, 38, 31, 34, 33, 26, 53, 33]
real: 11073 [46, 240, 93, 136, 73, 38, 46, 102, 54, 84, 134, 29, 30, 54, 56, 26, 268, 79, 173, 58, 96, 81, 126, 49, 95, 26, 123, 43, 168, 202, 114, 96, 93, 61, 234, 64, 68, 30, 58, 47, 40, 127, 81, 49, 32, 69, 46, 58, 83, 122, 44, 102, 71, 23, 49, 19, 98, 76, 55, 97, 280, 50, 148, 95, 124, 31, 75, 212, 120, 48, 203, 110, 77, 30, 39, 26, 39, 167, 58, 47, 41, 32, 121, 131, 263, 74, 138, 96, 18, 65, 43, 46, 72, 84, 107, 61, 16, 99, 78, 113, 56, 100, 29, 168, 167, 36, 26, 47, 118, 91, 65, 223, 76, 125, 185, 48, 119, 57, 37, 49, 43, 93, 35, 48, 48, 48, 57, 41, 76, 51]

grid_scale: 0.5
resize_scale: 0.5
confiance: 0.4

random_seed: 1011
data_augmentation: True
samples: 130
