MAE: 48.3 [23, 159, 56, 79, 47, 9, 23, 57, 27, 38, 74, 18, 25, 22, 32, 12, 163, 46, 102, 30, 55, 46, 69, 19, 47, 12, 70, 27, 103, 132, 66, 52, 53, 38, 136, 25, 37, 23, 30, 28, 20, 72, 44, 25, 19, 47, 18, 29, 35, 75, 25, 65, 48, 7, 22, 8, 54, 36, 25, 57, 173, 29, 82, 42, 78, 15, 46, 113, 71, 24, 126, 62, 41, 13, 30, 12, 13, 105, 35, 28, 11, 18, 64, 82, 167, 44, 82, 59, 9, 50, 28, 20, 45, 42, 59, 40, 6, 62, 37, 61, 33, 55, 18, 102, 92, 18, 6, 24, 77, 45, 38, 149, 35, 66, 109, 21, 63, 21, 22, 25, 28, 46, 19, 13, 28, 32, 38, 24, 43, 24]
MAPE: 54.55468930895794 [50.0, 66.25, 60.215053763440864, 58.08823529411765, 64.38356164383562, 23.684210526315788, 50.0, 55.88235294117647, 50.0, 45.23809523809524, 55.223880597014926, 62.06896551724138, 83.33333333333334, 40.74074074074074, 57.14285714285714, 46.15384615384615, 60.820895522388064, 58.22784810126582, 58.95953757225434, 51.724137931034484, 57.291666666666664, 56.79012345679012, 54.761904761904766, 38.775510204081634, 49.473684210526315, 46.15384615384615, 56.91056910569105, 62.7906976744186, 61.30952380952381, 65.34653465346535, 57.89473684210527, 54.166666666666664, 56.98924731182796, 62.295081967213115, 58.119658119658126, 39.0625, 54.41176470588235, 76.66666666666667, 51.724137931034484, 59.57446808510638, 50.0, 56.69291338582677, 54.32098765432099, 51.02040816326531, 59.375, 68.11594202898551, 39.130434782608695, 50.0, 42.168674698795186, 61.47540983606557, 56.81818181818182, 63.725490196078425, 67.6056338028169, 30.434782608695656, 44.89795918367347, 42.10526315789473, 55.10204081632652, 47.368421052631575, 45.45454545454545, 58.76288659793815, 61.78571428571429, 57.99999999999999, 55.4054054054054, 44.21052631578947, 62.903225806451616, 48.38709677419355, 61.33333333333333, 53.301886792452834, 59.166666666666664, 50.0, 62.06896551724138, 56.36363636363636, 53.246753246753244, 43.333333333333336, 76.92307692307693, 46.15384615384615, 33.33333333333333, 62.874251497005986, 60.3448275862069, 59.57446808510638, 26.82926829268293, 56.25, 52.892561983471076, 62.59541984732825, 63.49809885931559, 59.45945945945946, 59.42028985507246, 61.458333333333336, 50.0, 76.92307692307693, 65.11627906976744, 43.47826086956522, 62.5, 50.0, 55.140186915887845, 65.57377049180327, 37.5, 62.62626262626263, 47.43589743589743, 53.98230088495575, 58.92857142857143, 55.00000000000001, 62.06896551724138, 60.71428571428571, 55.08982035928144, 50.0, 23.076923076923077, 51.06382978723404, 65.2542372881356, 49.45054945054945, 58.46153846153847, 66.81614349775785, 46.05263157894737, 52.800000000000004, 58.91891891891892, 43.75, 52.94117647058824, 36.84210526315789, 59.45945945945946, 51.02040816326531, 65.11627906976744, 49.46236559139785, 54.285714285714285, 27.083333333333332, 58.333333333333336, 66.66666666666666, 66.66666666666666, 58.536585365853654, 56.57894736842105, 47.05882352941176]
RMSE: 60.13363323593417 [529, 25281, 3136, 6241, 2209, 81, 529, 3249, 729, 1444, 5476, 324, 625, 484, 1024, 144, 26569, 2116, 10404, 900, 3025, 2116, 4761, 361, 2209, 144, 4900, 729, 10609, 17424, 4356, 2704, 2809, 1444, 18496, 625, 1369, 529, 900, 784, 400, 5184, 1936, 625, 361, 2209, 324, 841, 1225, 5625, 625, 4225, 2304, 49, 484, 64, 2916, 1296, 625, 3249, 29929, 841, 6724, 1764, 6084, 225, 2116, 12769, 5041, 576, 15876, 3844, 1681, 169, 900, 144, 169, 11025, 1225, 784, 121, 324, 4096, 6724, 27889, 1936, 6724, 3481, 81, 2500, 784, 400, 2025, 1764, 3481, 1600, 36, 3844, 1369, 3721, 1089, 3025, 324, 10404, 8464, 324, 36, 576, 5929, 2025, 1444, 22201, 1225, 4356, 11881, 441, 3969, 441, 484, 625, 784, 2116, 361, 169, 784, 1024, 1444, 576, 1849, 576]

pred: 4794 [23, 81, 37, 57, 26, 29, 23, 45, 27, 46, 60, 11, 5, 32, 24, 14, 105, 33, 71, 28, 41, 35, 57, 30, 48, 14, 53, 16, 65, 70, 48, 44, 40, 23, 98, 39, 31, 7, 28, 19, 20, 55, 37, 24, 13, 22, 28, 29, 48, 47, 19, 37, 23, 16, 27, 11, 44, 40, 30, 40, 107, 21, 66, 53, 46, 16, 29, 99, 49, 24, 77, 48, 36, 17, 9, 14, 26, 62, 23, 19, 30, 14, 57, 49, 96, 30, 56, 37, 9, 15, 15, 26, 27, 42, 48, 21, 10, 37, 41, 52, 23, 45, 11, 66, 75, 18, 20, 23, 41, 46, 27, 74, 41, 59, 76, 27, 56, 36, 15, 24, 15, 47, 16, 35, 20, 16, 19, 17, 33, 27]
real: 11073 [46, 240, 93, 136, 73, 38, 46, 102, 54, 84, 134, 29, 30, 54, 56, 26, 268, 79, 173, 58, 96, 81, 126, 49, 95, 26, 123, 43, 168, 202, 114, 96, 93, 61, 234, 64, 68, 30, 58, 47, 40, 127, 81, 49, 32, 69, 46, 58, 83, 122, 44, 102, 71, 23, 49, 19, 98, 76, 55, 97, 280, 50, 148, 95, 124, 31, 75, 212, 120, 48, 203, 110, 77, 30, 39, 26, 39, 167, 58, 47, 41, 32, 121, 131, 263, 74, 138, 96, 18, 65, 43, 46, 72, 84, 107, 61, 16, 99, 78, 113, 56, 100, 29, 168, 167, 36, 26, 47, 118, 91, 65, 223, 76, 125, 185, 48, 119, 57, 37, 49, 43, 93, 35, 48, 48, 48, 57, 41, 76, 51]

grid_scale: 0.2
resize_scale: 0.5
confiance: 0.5

random_seed: 1011
data_augmentation: True
samples: 130
