MAE: 81.6923076923077 [44, 237, 92, 131, 66, 34, 43, 100, 50, 80, 127, 27, 23, 46, 50, 24, 266, 74, 170, 55, 96, 77, 121, 43, 89, 21, 123, 37, 166, 197, 112, 94, 90, 59, 232, 57, 65, 25, 51, 43, 38, 126, 75, 48, 28, 60, 44, 52, 80, 121, 41, 99, 62, 22, 47, 16, 95, 71, 53, 96, 274, 42, 146, 92, 118, 28, 70, 209, 119, 46, 202, 106, 76, 23, 32, 25, 37, 164, 54, 45, 37, 24, 118, 127, 259, 69, 135, 95, 18, 60, 40, 43, 69, 83, 104, 54, 16, 94, 76, 113, 54, 95, 27, 163, 163, 35, 25, 46, 117, 90, 64, 216, 72, 121, 183, 44, 115, 52, 33, 48, 35, 92, 33, 45, 45, 43, 53, 40, 72, 46]
MAPE: 94.20177583699974 [95.65217391304348, 98.75, 98.9247311827957, 96.32352941176471, 90.41095890410958, 89.47368421052632, 93.47826086956522, 98.0392156862745, 92.5925925925926, 95.23809523809523, 94.77611940298507, 93.10344827586206, 76.66666666666667, 85.18518518518519, 89.28571428571429, 92.3076923076923, 99.25373134328358, 93.67088607594937, 98.26589595375722, 94.82758620689656, 100.0, 95.06172839506173, 96.03174603174604, 87.75510204081633, 93.6842105263158, 80.76923076923077, 100.0, 86.04651162790698, 98.80952380952381, 97.52475247524752, 98.24561403508771, 97.91666666666666, 96.7741935483871, 96.72131147540983, 99.14529914529915, 89.0625, 95.58823529411765, 83.33333333333334, 87.93103448275862, 91.48936170212765, 95.0, 99.21259842519686, 92.5925925925926, 97.95918367346938, 87.5, 86.95652173913044, 95.65217391304348, 89.65517241379311, 96.3855421686747, 99.18032786885246, 93.18181818181817, 97.05882352941177, 87.32394366197182, 95.65217391304348, 95.91836734693877, 84.21052631578947, 96.93877551020408, 93.42105263157895, 96.36363636363636, 98.96907216494846, 97.85714285714285, 84.0, 98.64864864864865, 96.84210526315789, 95.16129032258065, 90.32258064516128, 93.33333333333333, 98.58490566037736, 99.16666666666667, 95.83333333333334, 99.50738916256158, 96.36363636363636, 98.7012987012987, 76.66666666666667, 82.05128205128204, 96.15384615384616, 94.87179487179486, 98.20359281437125, 93.10344827586206, 95.74468085106383, 90.2439024390244, 75.0, 97.52066115702479, 96.94656488549617, 98.47908745247148, 93.24324324324324, 97.82608695652173, 98.95833333333334, 100.0, 92.3076923076923, 93.02325581395348, 93.47826086956522, 95.83333333333334, 98.80952380952381, 97.19626168224299, 88.52459016393442, 100.0, 94.94949494949495, 97.43589743589743, 100.0, 96.42857142857143, 95.0, 93.10344827586206, 97.02380952380952, 97.60479041916167, 97.22222222222221, 96.15384615384616, 97.87234042553192, 99.15254237288136, 98.9010989010989, 98.46153846153847, 96.8609865470852, 94.73684210526315, 96.8, 98.91891891891892, 91.66666666666666, 96.63865546218487, 91.22807017543859, 89.1891891891892, 97.95918367346938, 81.3953488372093, 98.9247311827957, 94.28571428571428, 93.75, 93.75, 89.58333333333334, 92.98245614035088, 97.5609756097561, 94.73684210526315, 90.19607843137256]
RMSE: 99.17901452967217 [1936, 56169, 8464, 17161, 4356, 1156, 1849, 10000, 2500, 6400, 16129, 729, 529, 2116, 2500, 576, 70756, 5476, 28900, 3025, 9216, 5929, 14641, 1849, 7921, 441, 15129, 1369, 27556, 38809, 12544, 8836, 8100, 3481, 53824, 3249, 4225, 625, 2601, 1849, 1444, 15876, 5625, 2304, 784, 3600, 1936, 2704, 6400, 14641, 1681, 9801, 3844, 484, 2209, 256, 9025, 5041, 2809, 9216, 75076, 1764, 21316, 8464, 13924, 784, 4900, 43681, 14161, 2116, 40804, 11236, 5776, 529, 1024, 625, 1369, 26896, 2916, 2025, 1369, 576, 13924, 16129, 67081, 4761, 18225, 9025, 324, 3600, 1600, 1849, 4761, 6889, 10816, 2916, 256, 8836, 5776, 12769, 2916, 9025, 729, 26569, 26569, 1225, 625, 2116, 13689, 8100, 4096, 46656, 5184, 14641, 33489, 1936, 13225, 2704, 1089, 2304, 1225, 8464, 1089, 2025, 2025, 1849, 2809, 1600, 5184, 2116]

pred: 453 [2, 3, 1, 5, 7, 4, 3, 2, 4, 4, 7, 2, 7, 8, 6, 2, 2, 5, 3, 3, 0, 4, 5, 6, 6, 5, 0, 6, 2, 5, 2, 2, 3, 2, 2, 7, 3, 5, 7, 4, 2, 1, 6, 1, 4, 9, 2, 6, 3, 1, 3, 3, 9, 1, 2, 3, 3, 5, 2, 1, 6, 8, 2, 3, 6, 3, 5, 3, 1, 2, 1, 4, 1, 7, 7, 1, 2, 3, 4, 2, 4, 8, 3, 4, 4, 5, 3, 1, 0, 5, 3, 3, 3, 1, 3, 7, 0, 5, 2, 0, 2, 5, 2, 5, 4, 1, 1, 1, 1, 1, 1, 7, 4, 4, 2, 4, 4, 5, 4, 1, 8, 1, 2, 3, 3, 5, 4, 1, 4, 5]
real: 11073 [46, 240, 93, 136, 73, 38, 46, 102, 54, 84, 134, 29, 30, 54, 56, 26, 268, 79, 173, 58, 96, 81, 126, 49, 95, 26, 123, 43, 168, 202, 114, 96, 93, 61, 234, 64, 68, 30, 58, 47, 40, 127, 81, 49, 32, 69, 46, 58, 83, 122, 44, 102, 71, 23, 49, 19, 98, 76, 55, 97, 280, 50, 148, 95, 124, 31, 75, 212, 120, 48, 203, 110, 77, 30, 39, 26, 39, 167, 58, 47, 41, 32, 121, 131, 263, 74, 138, 96, 18, 65, 43, 46, 72, 84, 107, 61, 16, 99, 78, 113, 56, 100, 29, 168, 167, 36, 26, 47, 118, 91, 65, 223, 76, 125, 185, 48, 119, 57, 37, 49, 43, 93, 35, 48, 48, 48, 57, 41, 76, 51]

grid_scale: 0.5
resize_scale: 0.5
confiance: 0.6

random_seed: 1011
data_augmentation: True
samples: 130
