MAE: 25.692307692307693 [7, 36, 46, 36, 9, 15, 15, 63, 32, 48, 27, 9, 0, 31, 13, 16, 49, 42, 45, 16, 53, 28, 33, 15, 60, 6, 16, 12, 12, 37, 65, 30, 42, 15, 57, 30, 29, 1, 16, 3, 22, 31, 49, 16, 2, 19, 19, 20, 37, 50, 5, 8, 16, 8, 22, 2, 30, 45, 35, 25, 93, 7, 52, 45, 23, 4, 5, 75, 37, 33, 63, 28, 18, 1, 6, 16, 15, 11, 6, 6, 95, 0, 39, 44, 46, 9, 45, 43, 1, 10, 6, 23, 10, 21, 45, 8, 12, 51, 34, 43, 13, 26, 11, 63, 56, 10, 1, 12, 27, 35, 11, 14, 5, 35, 57, 33, 16, 16, 7, 29, 4, 37, 2, 28, 19, 10, 12, 5, 28, 13]
MAPE: 31.691681256869533 [15.217391304347828, 15.0, 49.46236559139785, 26.47058823529412, 12.32876712328767, 39.473684210526315, 32.608695652173914, 61.76470588235294, 59.25925925925925, 57.14285714285714, 20.149253731343283, 31.03448275862069, 0.0, 57.407407407407405, 23.214285714285715, 61.53846153846154, 18.28358208955224, 53.16455696202531, 26.011560693641616, 27.586206896551722, 55.208333333333336, 34.5679012345679, 26.190476190476193, 30.612244897959183, 63.1578947368421, 23.076923076923077, 13.008130081300814, 27.906976744186046, 7.142857142857142, 18.316831683168317, 57.01754385964912, 31.25, 45.16129032258064, 24.59016393442623, 24.358974358974358, 46.875, 42.64705882352941, 3.3333333333333335, 27.586206896551722, 6.382978723404255, 55.00000000000001, 24.409448818897637, 60.49382716049383, 32.6530612244898, 6.25, 27.536231884057973, 41.30434782608695, 34.48275862068966, 44.57831325301205, 40.98360655737705, 11.363636363636363, 7.8431372549019605, 22.535211267605636, 34.78260869565217, 44.89795918367347, 10.526315789473683, 30.612244897959183, 59.210526315789465, 63.63636363636363, 25.773195876288657, 33.214285714285715, 14.000000000000002, 35.13513513513514, 47.368421052631575, 18.548387096774192, 12.903225806451612, 6.666666666666667, 35.37735849056604, 30.833333333333336, 68.75, 31.03448275862069, 25.454545454545453, 23.376623376623375, 3.3333333333333335, 15.384615384615385, 61.53846153846154, 38.46153846153847, 6.58682634730539, 10.344827586206897, 12.76595744680851, 231.7073170731707, 0.0, 32.231404958677686, 33.587786259541986, 17.490494296577946, 12.162162162162163, 32.608695652173914, 44.79166666666667, 5.555555555555555, 15.384615384615385, 13.953488372093023, 50.0, 13.88888888888889, 25.0, 42.05607476635514, 13.114754098360656, 75.0, 51.515151515151516, 43.58974358974359, 38.05309734513274, 23.214285714285715, 26.0, 37.93103448275862, 37.5, 33.532934131736525, 27.77777777777778, 3.8461538461538463, 25.53191489361702, 22.88135593220339, 38.46153846153847, 16.923076923076923, 6.278026905829597, 6.578947368421052, 28.000000000000004, 30.810810810810814, 68.75, 13.445378151260504, 28.07017543859649, 18.91891891891892, 59.183673469387756, 9.30232558139535, 39.784946236559136, 5.714285714285714, 58.333333333333336, 39.58333333333333, 20.833333333333336, 21.052631578947366, 12.195121951219512, 36.84210526315789, 25.49019607843137]
RMSE: 32.29932125983693 [49, 1296, 2116, 1296, 81, 225, 225, 3969, 1024, 2304, 729, 81, 0, 961, 169, 256, 2401, 1764, 2025, 256, 2809, 784, 1089, 225, 3600, 36, 256, 144, 144, 1369, 4225, 900, 1764, 225, 3249, 900, 841, 1, 256, 9, 484, 961, 2401, 256, 4, 361, 361, 400, 1369, 2500, 25, 64, 256, 64, 484, 4, 900, 2025, 1225, 625, 8649, 49, 2704, 2025, 529, 16, 25, 5625, 1369, 1089, 3969, 784, 324, 1, 36, 256, 225, 121, 36, 36, 9025, 0, 1521, 1936, 2116, 81, 2025, 1849, 1, 100, 36, 529, 100, 441, 2025, 64, 144, 2601, 1156, 1849, 169, 676, 121, 3969, 3136, 100, 1, 144, 729, 1225, 121, 196, 25, 1225, 3249, 1089, 256, 256, 49, 841, 16, 1369, 4, 784, 361, 100, 144, 25, 784, 169]

pred: 14405 [53, 276, 139, 172, 82, 53, 61, 165, 86, 132, 161, 38, 30, 85, 69, 42, 317, 121, 218, 74, 149, 109, 159, 64, 155, 32, 139, 55, 180, 239, 179, 126, 135, 76, 291, 94, 97, 29, 74, 50, 62, 158, 130, 65, 30, 88, 65, 78, 120, 172, 49, 110, 87, 31, 71, 21, 128, 121, 90, 122, 373, 57, 200, 140, 147, 35, 80, 287, 157, 81, 266, 138, 95, 31, 45, 42, 54, 178, 64, 53, 136, 32, 160, 175, 309, 83, 183, 139, 17, 75, 49, 69, 82, 105, 152, 69, 28, 150, 112, 156, 69, 126, 40, 231, 223, 46, 27, 59, 145, 126, 76, 237, 81, 160, 242, 81, 135, 73, 44, 78, 47, 130, 37, 76, 67, 58, 69, 46, 104, 64]
real: 11073 [46, 240, 93, 136, 73, 38, 46, 102, 54, 84, 134, 29, 30, 54, 56, 26, 268, 79, 173, 58, 96, 81, 126, 49, 95, 26, 123, 43, 168, 202, 114, 96, 93, 61, 234, 64, 68, 30, 58, 47, 40, 127, 81, 49, 32, 69, 46, 58, 83, 122, 44, 102, 71, 23, 49, 19, 98, 76, 55, 97, 280, 50, 148, 95, 124, 31, 75, 212, 120, 48, 203, 110, 77, 30, 39, 26, 39, 167, 58, 47, 41, 32, 121, 131, 263, 74, 138, 96, 18, 65, 43, 46, 72, 84, 107, 61, 16, 99, 78, 113, 56, 100, 29, 168, 167, 36, 26, 47, 118, 91, 65, 223, 76, 125, 185, 48, 119, 57, 37, 49, 43, 93, 35, 48, 48, 48, 57, 41, 76, 51]

grid_scale: 0.4
resize_scale: 0.5
confiance: 0.3

random_seed: 1011
data_augmentation: True
samples: 130
