MAE: 66.23076923076923 [37, 202, 77, 112, 54, 25, 33, 77, 35, 59, 110, 21, 20, 41, 37, 19, 230, 68, 133, 39, 74, 71, 90, 29, 71, 19, 108, 31, 135, 175, 79, 76, 65, 44, 187, 44, 50, 15, 39, 30, 28, 109, 57, 27, 22, 53, 36, 44, 62, 103, 31, 90, 57, 17, 35, 16, 73, 55, 33, 74, 233, 34, 123, 67, 98, 16, 61, 178, 102, 29, 174, 79, 65, 19, 23, 19, 26, 137, 38, 31, 20, 18, 107, 92, 227, 55, 110, 78, 18, 48, 36, 27, 51, 66, 81, 41, 8, 74, 65, 92, 42, 80, 19, 131, 145, 23, 17, 42, 106, 75, 49, 197, 61, 106, 144, 38, 85, 43, 22, 30, 28, 79, 23, 37, 37, 33, 45, 31, 55, 38]
MAPE: 74.43382153847104 [80.43478260869566, 84.16666666666667, 82.79569892473118, 82.35294117647058, 73.97260273972603, 65.78947368421053, 71.73913043478261, 75.49019607843137, 64.81481481481481, 70.23809523809523, 82.08955223880598, 72.41379310344827, 66.66666666666666, 75.92592592592592, 66.07142857142857, 73.07692307692307, 85.82089552238806, 86.07594936708861, 76.878612716763, 67.24137931034483, 77.08333333333334, 87.65432098765432, 71.42857142857143, 59.183673469387756, 74.73684210526315, 73.07692307692307, 87.8048780487805, 72.09302325581395, 80.35714285714286, 86.63366336633663, 69.2982456140351, 79.16666666666666, 69.89247311827957, 72.1311475409836, 79.91452991452992, 68.75, 73.52941176470588, 50.0, 67.24137931034483, 63.829787234042556, 70.0, 85.8267716535433, 70.37037037037037, 55.10204081632652, 68.75, 76.81159420289855, 78.26086956521739, 75.86206896551724, 74.69879518072288, 84.42622950819673, 70.45454545454545, 88.23529411764706, 80.28169014084507, 73.91304347826086, 71.42857142857143, 84.21052631578947, 74.48979591836735, 72.36842105263158, 60.0, 76.28865979381443, 83.21428571428572, 68.0, 83.1081081081081, 70.52631578947368, 79.03225806451613, 51.61290322580645, 81.33333333333333, 83.9622641509434, 85.0, 60.416666666666664, 85.71428571428571, 71.81818181818181, 84.4155844155844, 63.33333333333333, 58.97435897435898, 73.07692307692307, 66.66666666666666, 82.03592814371258, 65.51724137931035, 65.95744680851064, 48.78048780487805, 56.25, 88.42975206611571, 70.22900763358778, 86.31178707224335, 74.32432432432432, 79.71014492753623, 81.25, 100.0, 73.84615384615385, 83.72093023255815, 58.69565217391305, 70.83333333333334, 78.57142857142857, 75.70093457943925, 67.21311475409836, 50.0, 74.74747474747475, 83.33333333333334, 81.41592920353983, 75.0, 80.0, 65.51724137931035, 77.97619047619048, 86.82634730538922, 63.888888888888886, 65.38461538461539, 89.36170212765957, 89.83050847457628, 82.41758241758241, 75.38461538461539, 88.34080717488789, 80.26315789473685, 84.8, 77.83783783783784, 79.16666666666666, 71.42857142857143, 75.43859649122807, 59.45945945945946, 61.224489795918366, 65.11627906976744, 84.94623655913979, 65.71428571428571, 77.08333333333334, 77.08333333333334, 68.75, 78.94736842105263, 75.60975609756098, 72.36842105263158, 74.50980392156863]
RMSE: 82.4083640265869 [1369, 40804, 5929, 12544, 2916, 625, 1089, 5929, 1225, 3481, 12100, 441, 400, 1681, 1369, 361, 52900, 4624, 17689, 1521, 5476, 5041, 8100, 841, 5041, 361, 11664, 961, 18225, 30625, 6241, 5776, 4225, 1936, 34969, 1936, 2500, 225, 1521, 900, 784, 11881, 3249, 729, 484, 2809, 1296, 1936, 3844, 10609, 961, 8100, 3249, 289, 1225, 256, 5329, 3025, 1089, 5476, 54289, 1156, 15129, 4489, 9604, 256, 3721, 31684, 10404, 841, 30276, 6241, 4225, 361, 529, 361, 676, 18769, 1444, 961, 400, 324, 11449, 8464, 51529, 3025, 12100, 6084, 324, 2304, 1296, 729, 2601, 4356, 6561, 1681, 64, 5476, 4225, 8464, 1764, 6400, 361, 17161, 21025, 529, 289, 1764, 11236, 5625, 2401, 38809, 3721, 11236, 20736, 1444, 7225, 1849, 484, 900, 784, 6241, 529, 1369, 1369, 1089, 2025, 961, 3025, 1444]

pred: 2463 [9, 38, 16, 24, 19, 13, 13, 25, 19, 25, 24, 8, 10, 13, 19, 7, 38, 11, 40, 19, 22, 10, 36, 20, 24, 7, 15, 12, 33, 27, 35, 20, 28, 17, 47, 20, 18, 15, 19, 17, 12, 18, 24, 22, 10, 16, 10, 14, 21, 19, 13, 12, 14, 6, 14, 3, 25, 21, 22, 23, 47, 16, 25, 28, 26, 15, 14, 34, 18, 19, 29, 31, 12, 11, 16, 7, 13, 30, 20, 16, 21, 14, 14, 39, 36, 19, 28, 18, 0, 17, 7, 19, 21, 18, 26, 20, 8, 25, 13, 21, 14, 20, 10, 37, 22, 13, 9, 5, 12, 16, 16, 26, 15, 19, 41, 10, 34, 14, 15, 19, 15, 14, 12, 11, 11, 15, 12, 10, 21, 13]
real: 11073 [46, 240, 93, 136, 73, 38, 46, 102, 54, 84, 134, 29, 30, 54, 56, 26, 268, 79, 173, 58, 96, 81, 126, 49, 95, 26, 123, 43, 168, 202, 114, 96, 93, 61, 234, 64, 68, 30, 58, 47, 40, 127, 81, 49, 32, 69, 46, 58, 83, 122, 44, 102, 71, 23, 49, 19, 98, 76, 55, 97, 280, 50, 148, 95, 124, 31, 75, 212, 120, 48, 203, 110, 77, 30, 39, 26, 39, 167, 58, 47, 41, 32, 121, 131, 263, 74, 138, 96, 18, 65, 43, 46, 72, 84, 107, 61, 16, 99, 78, 113, 56, 100, 29, 168, 167, 36, 26, 47, 118, 91, 65, 223, 76, 125, 185, 48, 119, 57, 37, 49, 43, 93, 35, 48, 48, 48, 57, 41, 76, 51]

grid_scale: 0.5
resize_scale: 0.5
confiance: 0.5

random_seed: 1011
data_augmentation: True
samples: 130
