MAE: 192.04615384615386 [140, 215, 275, 232, 183, 170, 143, 224, 194, 238, 202, 114, 79, 169, 151, 99, 185, 282, 201, 167, 293, 205, 154, 169, 285, 45, 267, 130, 176, 180, 281, 288, 295, 134, 243, 275, 248, 70, 173, 120, 137, 278, 350, 120, 83, 171, 172, 183, 278, 297, 125, 192, 195, 101, 170, 72, 264, 232, 246, 238, 321, 160, 227, 285, 221, 128, 176, 198, 262, 246, 191, 237, 262, 100, 89, 153, 177, 218, 215, 124, 366, 98, 296, 218, 203, 169, 216, 261, 73, 124, 98, 147, 195, 183, 265, 135, 139, 267, 220, 328, 136, 255, 120, 240, 223, 99, 94, 188, 231, 271, 140, 182, 162, 286, 211, 223, 219, 200, 110, 230, 130, 285, 104, 210, 158, 93, 143, 100, 184, 150]
MAPE: 280.4044291736399 [304.34782608695656, 89.58333333333334, 295.6989247311828, 170.58823529411765, 250.6849315068493, 447.3684210526316, 310.8695652173913, 219.60784313725492, 359.25925925925924, 283.33333333333337, 150.7462686567164, 393.10344827586204, 263.3333333333333, 312.962962962963, 269.64285714285717, 380.7692307692308, 69.02985074626866, 356.9620253164557, 116.18497109826589, 287.9310344827586, 305.20833333333337, 253.08641975308643, 122.22222222222223, 344.8979591836735, 300.0, 173.0769230769231, 217.07317073170734, 302.3255813953488, 104.76190476190477, 89.10891089108911, 246.49122807017542, 300.0, 317.2043010752688, 219.672131147541, 103.84615384615385, 429.6875, 364.70588235294116, 233.33333333333334, 298.2758620689655, 255.31914893617022, 342.5, 218.8976377952756, 432.09876543209873, 244.89795918367346, 259.375, 247.82608695652172, 373.9130434782609, 315.51724137931035, 334.93975903614455, 243.44262295081967, 284.09090909090907, 188.23529411764704, 274.6478873239437, 439.1304347826087, 346.9387755102041, 378.9473684210526, 269.3877551020408, 305.2631578947369, 447.27272727272725, 245.36082474226805, 114.64285714285714, 320.0, 153.3783783783784, 300.0, 178.2258064516129, 412.9032258064516, 234.66666666666666, 93.39622641509435, 218.33333333333331, 512.5, 94.08866995073892, 215.45454545454547, 340.2597402597403, 333.33333333333337, 228.2051282051282, 588.4615384615385, 453.8461538461538, 130.53892215568862, 370.6896551724138, 263.82978723404256, 892.6829268292684, 306.25, 244.6280991735537, 166.41221374045801, 77.18631178707224, 228.3783783783784, 156.52173913043478, 271.875, 405.55555555555554, 190.76923076923077, 227.90697674418604, 319.5652173913044, 270.83333333333337, 217.85714285714283, 247.66355140186914, 221.31147540983608, 868.75, 269.6969696969697, 282.05128205128204, 290.2654867256637, 242.85714285714283, 254.99999999999997, 413.7931034482759, 142.85714285714286, 133.5329341317365, 275.0, 361.53846153846155, 400.0, 195.76271186440678, 297.80219780219784, 215.3846153846154, 81.61434977578476, 213.15789473684214, 228.79999999999998, 114.05405405405405, 464.5833333333333, 184.03361344537814, 350.8771929824561, 297.2972972972973, 469.38775510204084, 302.3255813953488, 306.4516129032258, 297.14285714285717, 437.5, 329.16666666666663, 193.75, 250.8771929824561, 243.90243902439025, 242.10526315789474, 294.11764705882354]
RMSE: 203.51575255606514 [19600, 46225, 75625, 53824, 33489, 28900, 20449, 50176, 37636, 56644, 40804, 12996, 6241, 28561, 22801, 9801, 34225, 79524, 40401, 27889, 85849, 42025, 23716, 28561, 81225, 2025, 71289, 16900, 30976, 32400, 78961, 82944, 87025, 17956, 59049, 75625, 61504, 4900, 29929, 14400, 18769, 77284, 122500, 14400, 6889, 29241, 29584, 33489, 77284, 88209, 15625, 36864, 38025, 10201, 28900, 5184, 69696, 53824, 60516, 56644, 103041, 25600, 51529, 81225, 48841, 16384, 30976, 39204, 68644, 60516, 36481, 56169, 68644, 10000, 7921, 23409, 31329, 47524, 46225, 15376, 133956, 9604, 87616, 47524, 41209, 28561, 46656, 68121, 5329, 15376, 9604, 21609, 38025, 33489, 70225, 18225, 19321, 71289, 48400, 107584, 18496, 65025, 14400, 57600, 49729, 9801, 8836, 35344, 53361, 73441, 19600, 33124, 26244, 81796, 44521, 49729, 47961, 40000, 12100, 52900, 16900, 81225, 10816, 44100, 24964, 8649, 20449, 10000, 33856, 22500]

pred: 36039 [186, 455, 368, 368, 256, 208, 189, 326, 248, 322, 336, 143, 109, 223, 207, 125, 453, 361, 374, 225, 389, 286, 280, 218, 380, 71, 390, 173, 344, 382, 395, 384, 388, 195, 477, 339, 316, 100, 231, 167, 177, 405, 431, 169, 115, 240, 218, 241, 361, 419, 169, 294, 266, 124, 219, 91, 362, 308, 301, 335, 601, 210, 375, 380, 345, 159, 251, 410, 382, 294, 394, 347, 339, 130, 128, 179, 216, 385, 273, 171, 407, 130, 417, 349, 466, 243, 354, 357, 91, 189, 141, 193, 267, 267, 372, 196, 155, 366, 298, 441, 192, 355, 149, 408, 390, 135, 120, 235, 349, 362, 205, 405, 238, 411, 396, 271, 338, 257, 147, 279, 173, 378, 139, 258, 206, 141, 200, 141, 260, 201]
real: 11073 [46, 240, 93, 136, 73, 38, 46, 102, 54, 84, 134, 29, 30, 54, 56, 26, 268, 79, 173, 58, 96, 81, 126, 49, 95, 26, 123, 43, 168, 202, 114, 96, 93, 61, 234, 64, 68, 30, 58, 47, 40, 127, 81, 49, 32, 69, 46, 58, 83, 122, 44, 102, 71, 23, 49, 19, 98, 76, 55, 97, 280, 50, 148, 95, 124, 31, 75, 212, 120, 48, 203, 110, 77, 30, 39, 26, 39, 167, 58, 47, 41, 32, 121, 131, 263, 74, 138, 96, 18, 65, 43, 46, 72, 84, 107, 61, 16, 99, 78, 113, 56, 100, 29, 168, 167, 36, 26, 47, 118, 91, 65, 223, 76, 125, 185, 48, 119, 57, 37, 49, 43, 93, 35, 48, 48, 48, 57, 41, 76, 51]

grid_scale: 0.4
resize_scale: 0.5
confiance: 0.1

random_seed: 1011
data_augmentation: True
samples: 130
