MAE: 24.66923076923077 [16, 69, 30, 44, 23, 8, 10, 21, 21, 17, 42, 14, 8, 2, 15, 7, 79, 19, 63, 15, 32, 22, 19, 8, 23, 8, 30, 14, 49, 78, 19, 36, 31, 18, 55, 5, 7, 9, 13, 21, 7, 43, 6, 12, 15, 22, 6, 15, 14, 49, 5, 32, 24, 5, 7, 3, 26, 14, 6, 38, 87, 16, 49, 27, 35, 12, 23, 60, 32, 12, 71, 37, 23, 8, 14, 5, 5, 48, 4, 17, 18, 12, 38, 19, 86, 23, 46, 20, 6, 22, 20, 11, 18, 25, 33, 16, 1, 39, 25, 34, 19, 34, 5, 46, 58, 12, 5, 16, 41, 25, 23, 76, 21, 42, 72, 6, 47, 12, 9, 13, 13, 29, 3, 2, 16, 16, 24, 13, 31, 12]
MAPE: 27.757378218394827 [34.78260869565217, 28.749999999999996, 32.25806451612903, 32.35294117647059, 31.506849315068493, 21.052631578947366, 21.73913043478261, 20.588235294117645, 38.88888888888889, 20.238095238095237, 31.343283582089555, 48.275862068965516, 26.666666666666668, 3.7037037037037033, 26.785714285714285, 26.923076923076923, 29.47761194029851, 24.050632911392405, 36.41618497109826, 25.862068965517242, 33.33333333333333, 27.160493827160494, 15.079365079365079, 16.3265306122449, 24.210526315789473, 30.76923076923077, 24.390243902439025, 32.55813953488372, 29.166666666666668, 38.613861386138616, 16.666666666666664, 37.5, 33.33333333333333, 29.508196721311474, 23.504273504273502, 7.8125, 10.294117647058822, 30.0, 22.413793103448278, 44.680851063829785, 17.5, 33.85826771653544, 7.4074074074074066, 24.489795918367346, 46.875, 31.88405797101449, 13.043478260869565, 25.862068965517242, 16.867469879518072, 40.16393442622951, 11.363636363636363, 31.372549019607842, 33.80281690140845, 21.73913043478261, 14.285714285714285, 15.789473684210526, 26.53061224489796, 18.421052631578945, 10.909090909090908, 39.175257731958766, 31.071428571428573, 32.0, 33.108108108108105, 28.421052631578945, 28.225806451612907, 38.70967741935484, 30.666666666666664, 28.30188679245283, 26.666666666666668, 25.0, 34.97536945812808, 33.63636363636363, 29.87012987012987, 26.666666666666668, 35.8974358974359, 19.230769230769234, 12.82051282051282, 28.74251497005988, 6.896551724137931, 36.17021276595745, 43.90243902439025, 37.5, 31.40495867768595, 14.50381679389313, 32.69961977186312, 31.08108108108108, 33.33333333333333, 20.833333333333336, 33.33333333333333, 33.84615384615385, 46.51162790697674, 23.91304347826087, 25.0, 29.761904761904763, 30.8411214953271, 26.229508196721312, 6.25, 39.39393939393939, 32.05128205128205, 30.08849557522124, 33.92857142857143, 34.0, 17.24137931034483, 27.380952380952383, 34.73053892215569, 33.33333333333333, 19.230769230769234, 34.04255319148936, 34.74576271186441, 27.472527472527474, 35.38461538461539, 34.08071748878923, 27.631578947368425, 33.6, 38.91891891891892, 12.5, 39.49579831932773, 21.052631578947366, 24.324324324324326, 26.53061224489796, 30.23255813953488, 31.182795698924732, 8.571428571428571, 4.166666666666666, 33.33333333333333, 33.33333333333333, 42.10526315789473, 31.70731707317073, 40.78947368421053, 23.52941176470588]
RMSE: 31.337001967445648 [256, 4761, 900, 1936, 529, 64, 100, 441, 441, 289, 1764, 196, 64, 4, 225, 49, 6241, 361, 3969, 225, 1024, 484, 361, 64, 529, 64, 900, 196, 2401, 6084, 361, 1296, 961, 324, 3025, 25, 49, 81, 169, 441, 49, 1849, 36, 144, 225, 484, 36, 225, 196, 2401, 25, 1024, 576, 25, 49, 9, 676, 196, 36, 1444, 7569, 256, 2401, 729, 1225, 144, 529, 3600, 1024, 144, 5041, 1369, 529, 64, 196, 25, 25, 2304, 16, 289, 324, 144, 1444, 361, 7396, 529, 2116, 400, 36, 484, 400, 121, 324, 625, 1089, 256, 1, 1521, 625, 1156, 361, 1156, 25, 2116, 3364, 144, 25, 256, 1681, 625, 529, 5776, 441, 1764, 5184, 36, 2209, 144, 81, 169, 169, 841, 9, 4, 256, 256, 576, 169, 961, 144]

pred: 7908 [30, 171, 63, 92, 50, 30, 36, 81, 33, 67, 92, 15, 22, 56, 41, 19, 189, 60, 110, 43, 64, 59, 107, 41, 72, 18, 93, 29, 119, 124, 95, 60, 62, 43, 179, 59, 61, 21, 45, 26, 33, 84, 75, 37, 17, 47, 40, 43, 69, 73, 39, 70, 47, 18, 42, 16, 72, 62, 49, 59, 193, 34, 99, 68, 89, 19, 52, 152, 88, 36, 132, 73, 54, 22, 25, 21, 34, 119, 54, 30, 59, 20, 83, 112, 177, 51, 92, 76, 12, 43, 23, 35, 54, 59, 74, 45, 17, 60, 53, 79, 37, 66, 24, 122, 109, 24, 21, 31, 77, 66, 42, 147, 55, 83, 113, 42, 72, 45, 28, 36, 30, 64, 32, 46, 32, 32, 33, 28, 45, 39]
real: 11073 [46, 240, 93, 136, 73, 38, 46, 102, 54, 84, 134, 29, 30, 54, 56, 26, 268, 79, 173, 58, 96, 81, 126, 49, 95, 26, 123, 43, 168, 202, 114, 96, 93, 61, 234, 64, 68, 30, 58, 47, 40, 127, 81, 49, 32, 69, 46, 58, 83, 122, 44, 102, 71, 23, 49, 19, 98, 76, 55, 97, 280, 50, 148, 95, 124, 31, 75, 212, 120, 48, 203, 110, 77, 30, 39, 26, 39, 167, 58, 47, 41, 32, 121, 131, 263, 74, 138, 96, 18, 65, 43, 46, 72, 84, 107, 61, 16, 99, 78, 113, 56, 100, 29, 168, 167, 36, 26, 47, 118, 91, 65, 223, 76, 125, 185, 48, 119, 57, 37, 49, 43, 93, 35, 48, 48, 48, 57, 41, 76, 51]

grid_scale: 0.3
resize_scale: 0.5
confiance: 0.4

random_seed: 1011
data_augmentation: True
samples: 130
