MAE: 174.75384615384615 [175, 117, 220, 211, 197, 228, 212, 190, 218, 191, 173, 140, 62, 160, 171, 140, 36, 224, 131, 150, 231, 174, 180, 216, 252, 83, 213, 145, 162, 97, 209, 255, 165, 173, 134, 215, 276, 90, 209, 123, 177, 221, 251, 142, 108, 174, 189, 204, 175, 232, 134, 202, 207, 110, 190, 111, 260, 211, 254, 195, 120, 142, 184, 207, 191, 130, 178, 106, 201, 265, 137, 195, 261, 165, 103, 160, 184, 192, 205, 134, 247, 116, 203, 118, 126, 144, 179, 239, 15, 182, 120, 230, 189, 187, 244, 159, 152, 198, 212, 237, 151, 213, 169, 133, 128, 129, 107, 176, 117, 269, 169, 158, 181, 230, 188, 207, 138, 228, 106, 205, 142, 208, 131, 242, 147, 108, 143, 147, 216, 180]
MAPE: 280.34529425700737 [380.4347826086956, 48.75, 236.55913978494624, 155.14705882352942, 269.86301369863014, 600.0, 460.8695652173913, 186.27450980392157, 403.7037037037037, 227.38095238095238, 129.1044776119403, 482.7586206896552, 206.66666666666669, 296.2962962962963, 305.35714285714283, 538.4615384615385, 13.432835820895523, 283.54430379746833, 75.72254335260115, 258.62068965517244, 240.625, 214.81481481481484, 142.85714285714286, 440.8163265306122, 265.2631578947368, 319.2307692307692, 173.17073170731706, 337.2093023255814, 96.42857142857143, 48.01980198019802, 183.33333333333331, 265.625, 177.41935483870967, 283.60655737704917, 57.26495726495726, 335.9375, 405.88235294117646, 300.0, 360.3448275862069, 261.7021276595745, 442.5, 174.01574803149606, 309.87654320987656, 289.7959183673469, 337.5, 252.17391304347828, 410.8695652173913, 351.7241379310345, 210.84337349397592, 190.1639344262295, 304.54545454545456, 198.03921568627453, 291.5492957746479, 478.2608695652174, 387.7551020408163, 584.2105263157895, 265.3061224489796, 277.6315789473684, 461.8181818181818, 201.03092783505156, 42.857142857142854, 284.0, 124.32432432432432, 217.89473684210526, 154.03225806451613, 419.3548387096774, 237.33333333333334, 50.0, 167.5, 552.0833333333333, 67.48768472906403, 177.27272727272728, 338.961038961039, 550.0, 264.1025641025641, 615.3846153846155, 471.7948717948718, 114.97005988023952, 353.44827586206895, 285.1063829787234, 602.439024390244, 362.5, 167.7685950413223, 90.07633587786259, 47.90874524714829, 194.5945945945946, 129.71014492753622, 248.95833333333334, 83.33333333333334, 280.0, 279.06976744186045, 500.0, 262.5, 222.61904761904762, 228.03738317757006, 260.655737704918, 950.0, 200.0, 271.7948717948718, 209.73451327433628, 269.64285714285717, 213.0, 582.7586206896551, 79.16666666666666, 76.64670658682635, 358.33333333333337, 411.5384615384615, 374.468085106383, 99.15254237288136, 295.6043956043956, 260.0, 70.85201793721974, 238.15789473684214, 184.0, 101.62162162162163, 431.25, 115.96638655462186, 400.0, 286.4864864864865, 418.3673469387755, 330.2325581395349, 223.6559139784946, 374.2857142857143, 504.1666666666667, 306.25, 225.0, 250.8771929824561, 358.5365853658537, 284.2105263157895, 352.94117647058823]
RMSE: 181.60523543791774 [30625, 13689, 48400, 44521, 38809, 51984, 44944, 36100, 47524, 36481, 29929, 19600, 3844, 25600, 29241, 19600, 1296, 50176, 17161, 22500, 53361, 30276, 32400, 46656, 63504, 6889, 45369, 21025, 26244, 9409, 43681, 65025, 27225, 29929, 17956, 46225, 76176, 8100, 43681, 15129, 31329, 48841, 63001, 20164, 11664, 30276, 35721, 41616, 30625, 53824, 17956, 40804, 42849, 12100, 36100, 12321, 67600, 44521, 64516, 38025, 14400, 20164, 33856, 42849, 36481, 16900, 31684, 11236, 40401, 70225, 18769, 38025, 68121, 27225, 10609, 25600, 33856, 36864, 42025, 17956, 61009, 13456, 41209, 13924, 15876, 20736, 32041, 57121, 225, 33124, 14400, 52900, 35721, 34969, 59536, 25281, 23104, 39204, 44944, 56169, 22801, 45369, 28561, 17689, 16384, 16641, 11449, 30976, 13689, 72361, 28561, 24964, 32761, 52900, 35344, 42849, 19044, 51984, 11236, 42025, 20164, 43264, 17161, 58564, 21609, 11664, 20449, 21609, 46656, 32400]

pred: 33791 [221, 357, 313, 347, 270, 266, 258, 292, 272, 275, 307, 169, 92, 214, 227, 166, 304, 303, 304, 208, 327, 255, 306, 265, 347, 109, 336, 188, 330, 299, 323, 351, 258, 234, 368, 279, 344, 120, 267, 170, 217, 348, 332, 191, 140, 243, 235, 262, 258, 354, 178, 304, 278, 133, 239, 130, 358, 287, 309, 292, 400, 192, 332, 302, 315, 161, 253, 318, 321, 313, 340, 305, 338, 195, 142, 186, 223, 359, 263, 181, 288, 148, 324, 249, 389, 218, 317, 335, 33, 247, 163, 276, 261, 271, 351, 220, 168, 297, 290, 350, 207, 313, 198, 301, 295, 165, 133, 223, 235, 360, 234, 381, 257, 355, 373, 255, 257, 285, 143, 254, 185, 301, 166, 290, 195, 156, 200, 188, 292, 231]
real: 11073 [46, 240, 93, 136, 73, 38, 46, 102, 54, 84, 134, 29, 30, 54, 56, 26, 268, 79, 173, 58, 96, 81, 126, 49, 95, 26, 123, 43, 168, 202, 114, 96, 93, 61, 234, 64, 68, 30, 58, 47, 40, 127, 81, 49, 32, 69, 46, 58, 83, 122, 44, 102, 71, 23, 49, 19, 98, 76, 55, 97, 280, 50, 148, 95, 124, 31, 75, 212, 120, 48, 203, 110, 77, 30, 39, 26, 39, 167, 58, 47, 41, 32, 121, 131, 263, 74, 138, 96, 18, 65, 43, 46, 72, 84, 107, 61, 16, 99, 78, 113, 56, 100, 29, 168, 167, 36, 26, 47, 118, 91, 65, 223, 76, 125, 185, 48, 119, 57, 37, 49, 43, 93, 35, 48, 48, 48, 57, 41, 76, 51]

grid_scale: 0.5
resize_scale: 0.5
confiance: 0.1

random_seed: 1011
data_augmentation: True
samples: 130
