MAE: 72.58461538461539 [31, 95, 184, 87, 44, 67, 245, 211, 41, 56, 44, 119, 26, 39, 19, 21, 33, 112, 135, 41, 80, 18, 24, 43, 81, 34, 78, 39, 102, 155, 197, 120, 22, 52, 25, 192, 238, 70, 44, 24, 18, 28, 45, 39, 169, 111, 37, 109, 104, 83, 65, 83, 43, 53, 101, 18, 33, 31, 32, 13, 30, 205, 43, 32, 111, 26, 53, 45, 41, 35, 63, 73, 17, 93, 50, 44, 60, 81, 23, 53, 49, 29, 40, 153, 36, 24, 22, 72, 65, 92, 245, 42, 43, 81, 61, 52, 43, 147, 48, 115, 27, 94, 59, 19, 40, 46, 211, 106, 41, 67, 90, 65, 152, 84, 9, 148, 111, 79, 58, 63, 111, 29, 27, 41, 111, 17, 82, 115, 87, 107]
MAPE: 81.8449706728421 [70.45454545454545, 84.070796460177, 90.64039408866995, 90.625, 91.66666666666666, 89.33333333333333, 91.4179104477612, 87.91666666666667, 82.0, 76.71232876712328, 81.48148148148148, 90.83969465648855, 66.66666666666666, 84.78260869565217, 65.51724137931035, 72.41379310344827, 76.74418604651163, 89.60000000000001, 91.21621621621621, 89.13043478260869, 83.33333333333334, 100.0, 55.81395348837209, 89.58333333333334, 84.375, 72.3404255319149, 85.71428571428571, 68.42105263157895, 92.72727272727272, 92.26190476190477, 92.9245283018868, 86.95652173913044, 84.61538461538461, 73.23943661971832, 78.125, 95.04950495049505, 90.49429657794677, 83.33333333333334, 75.86206896551724, 80.0, 69.23076923076923, 75.67567567567568, 77.58620689655173, 81.25, 91.35135135135135, 89.51612903225806, 75.51020408163265, 89.34426229508196, 91.22807017543859, 89.24731182795699, 80.24691358024691, 89.24731182795699, 91.48936170212765, 77.94117647058823, 84.16666666666667, 56.25, 71.73913043478261, 75.60975609756098, 82.05128205128204, 81.25, 73.17073170731707, 91.92825112107623, 74.13793103448276, 65.3061224489796, 94.0677966101695, 72.22222222222221, 81.53846153846153, 95.74468085106383, 85.41666666666666, 81.3953488372093, 82.89473684210526, 87.95180722891565, 73.91304347826086, 86.91588785046729, 76.92307692307693, 78.57142857142857, 77.92207792207793, 85.26315789473684, 65.71428571428571, 76.81159420289855, 76.5625, 93.54838709677419, 78.43137254901961, 88.4393063583815, 73.46938775510205, 80.0, 73.33333333333333, 85.71428571428571, 83.33333333333334, 92.92929292929293, 87.5, 75.0, 78.18181818181819, 83.50515463917526, 82.43243243243244, 85.24590163934425, 74.13793103448276, 88.02395209580838, 78.68852459016394, 84.55882352941177, 71.05263157894737, 92.15686274509804, 77.63157894736842, 73.07692307692307, 74.07407407407408, 80.7017543859649, 90.17094017094017, 87.60330578512396, 85.41666666666666, 84.81012658227847, 90.0, 80.24691358024691, 91.01796407185628, 82.35294117647058, 47.368421052631575, 88.09523809523809, 90.2439024390244, 84.94623655913979, 80.55555555555556, 82.89473684210526, 88.09523809523809, 63.04347826086957, 67.5, 83.6734693877551, 82.83582089552239, 65.38461538461539, 83.6734693877551, 90.5511811023622, 91.57894736842105, 89.91596638655463]
RMSE: 89.7032715293981 [961, 9025, 33856, 7569, 1936, 4489, 60025, 44521, 1681, 3136, 1936, 14161, 676, 1521, 361, 441, 1089, 12544, 18225, 1681, 6400, 324, 576, 1849, 6561, 1156, 6084, 1521, 10404, 24025, 38809, 14400, 484, 2704, 625, 36864, 56644, 4900, 1936, 576, 324, 784, 2025, 1521, 28561, 12321, 1369, 11881, 10816, 6889, 4225, 6889, 1849, 2809, 10201, 324, 1089, 961, 1024, 169, 900, 42025, 1849, 1024, 12321, 676, 2809, 2025, 1681, 1225, 3969, 5329, 289, 8649, 2500, 1936, 3600, 6561, 529, 2809, 2401, 841, 1600, 23409, 1296, 576, 484, 5184, 4225, 8464, 60025, 1764, 1849, 6561, 3721, 2704, 1849, 21609, 2304, 13225, 729, 8836, 3481, 361, 1600, 2116, 44521, 11236, 1681, 4489, 8100, 4225, 23104, 7056, 81, 21904, 12321, 6241, 3364, 3969, 12321, 841, 729, 1681, 12321, 289, 6724, 13225, 7569, 11449]

pred: 1637 [13, 18, 19, 9, 4, 8, 23, 29, 9, 17, 10, 12, 13, 7, 10, 8, 10, 13, 13, 5, 16, 0, 19, 5, 15, 13, 13, 18, 8, 13, 15, 18, 4, 19, 7, 10, 25, 14, 14, 6, 8, 9, 13, 9, 16, 13, 12, 13, 10, 10, 16, 10, 4, 15, 19, 14, 13, 10, 7, 3, 11, 18, 15, 17, 7, 10, 12, 2, 7, 8, 13, 10, 6, 14, 15, 12, 17, 14, 12, 16, 15, 2, 11, 20, 13, 6, 8, 12, 13, 7, 35, 14, 12, 16, 13, 9, 15, 20, 13, 21, 11, 8, 17, 7, 14, 11, 23, 15, 7, 12, 10, 16, 15, 18, 10, 20, 12, 14, 14, 13, 15, 17, 13, 8, 23, 9, 16, 12, 8, 12]
real: 11073 [44, 113, 203, 96, 48, 75, 268, 240, 50, 73, 54, 131, 39, 46, 29, 29, 43, 125, 148, 46, 96, 18, 43, 48, 96, 47, 91, 57, 110, 168, 212, 138, 26, 71, 32, 202, 263, 84, 58, 30, 26, 37, 58, 48, 185, 124, 49, 122, 114, 93, 81, 93, 47, 68, 120, 32, 46, 41, 39, 16, 41, 223, 58, 49, 118, 36, 65, 47, 48, 43, 76, 83, 23, 107, 65, 56, 77, 95, 35, 69, 64, 31, 51, 173, 49, 30, 30, 84, 78, 99, 280, 56, 55, 97, 74, 61, 58, 167, 61, 136, 38, 102, 76, 26, 54, 57, 234, 121, 48, 79, 100, 81, 167, 102, 19, 168, 123, 93, 72, 76, 126, 46, 40, 49, 134, 26, 98, 127, 95, 119]

grid_scale: 0.3
resize_scale: 0.5
confiance: 0.6

random_seed: 1011
data_augmentation: True
samples: 130
