MAE: 95.44615384615385 [48, 163, 143, 135, 86, 57, 55, 127, 82, 141, 116, 41, 22, 62, 76, 53, 120, 109, 101, 87, 169, 87, 156, 73, 177, 11, 140, 40, 128, 138, 191, 146, 163, 59, 151, 100, 100, 19, 73, 27, 47, 135, 146, 65, 30, 74, 60, 69, 127, 134, 77, 98, 89, 26, 90, 31, 117, 122, 142, 105, 275, 63, 150, 145, 112, 51, 53, 194, 156, 94, 130, 104, 127, 17, 28, 42, 77, 138, 78, 70, 213, 36, 122, 135, 121, 83, 162, 129, 30, 37, 40, 68, 75, 83, 149, 48, 71, 130, 88, 161, 69, 112, 34, 169, 129, 47, 33, 67, 164, 116, 64, 111, 93, 152, 182, 103, 97, 73, 25, 98, 35, 138, 46, 74, 42, 44, 63, 60, 65, 62]
MAPE: 126.1214300343525 [104.34782608695652, 67.91666666666667, 153.76344086021504, 99.26470588235294, 117.8082191780822, 150.0, 119.56521739130434, 124.50980392156863, 151.85185185185185, 167.85714285714286, 86.56716417910447, 141.3793103448276, 73.33333333333333, 114.81481481481481, 135.71428571428572, 203.84615384615384, 44.776119402985074, 137.9746835443038, 58.38150289017341, 150.0, 176.04166666666669, 107.40740740740742, 123.80952380952381, 148.9795918367347, 186.31578947368422, 42.30769230769231, 113.8211382113821, 93.02325581395348, 76.19047619047619, 68.31683168316832, 167.54385964912282, 152.08333333333331, 175.2688172043011, 96.72131147540983, 64.52991452991454, 156.25, 147.05882352941177, 63.33333333333333, 125.86206896551724, 57.446808510638306, 117.5, 106.29921259842521, 180.2469135802469, 132.6530612244898, 93.75, 107.24637681159422, 130.43478260869566, 118.96551724137932, 153.0120481927711, 109.8360655737705, 175.0, 96.07843137254902, 125.35211267605635, 113.04347826086956, 183.67346938775512, 163.1578947368421, 119.38775510204083, 160.5263157894737, 258.1818181818182, 108.24742268041237, 98.21428571428571, 126.0, 101.35135135135135, 152.63157894736844, 90.32258064516128, 164.51612903225808, 70.66666666666667, 91.50943396226415, 130.0, 195.83333333333331, 64.03940886699507, 94.54545454545455, 164.93506493506493, 56.666666666666664, 71.7948717948718, 161.53846153846155, 197.43589743589746, 82.63473053892216, 134.48275862068965, 148.93617021276594, 519.5121951219512, 112.5, 100.82644628099173, 103.05343511450383, 46.00760456273764, 112.16216216216218, 117.3913043478261, 134.375, 166.66666666666669, 56.92307692307692, 93.02325581395348, 147.82608695652172, 104.16666666666667, 98.80952380952381, 139.25233644859813, 78.68852459016394, 443.75, 131.31313131313132, 112.82051282051282, 142.47787610619469, 123.21428571428572, 112.00000000000001, 117.24137931034481, 100.59523809523809, 77.24550898203593, 130.55555555555557, 126.92307692307692, 142.5531914893617, 138.98305084745763, 127.47252747252746, 98.46153846153847, 49.775784753363226, 122.36842105263158, 121.6, 98.37837837837839, 214.58333333333334, 81.5126050420168, 128.0701754385965, 67.56756756756756, 200.0, 81.3953488372093, 148.38709677419354, 131.42857142857142, 154.16666666666669, 87.5, 91.66666666666666, 110.5263157894737, 146.34146341463415, 85.52631578947368, 121.56862745098039]
RMSE: 107.07438104851728 [2304, 26569, 20449, 18225, 7396, 3249, 3025, 16129, 6724, 19881, 13456, 1681, 484, 3844, 5776, 2809, 14400, 11881, 10201, 7569, 28561, 7569, 24336, 5329, 31329, 121, 19600, 1600, 16384, 19044, 36481, 21316, 26569, 3481, 22801, 10000, 10000, 361, 5329, 729, 2209, 18225, 21316, 4225, 900, 5476, 3600, 4761, 16129, 17956, 5929, 9604, 7921, 676, 8100, 961, 13689, 14884, 20164, 11025, 75625, 3969, 22500, 21025, 12544, 2601, 2809, 37636, 24336, 8836, 16900, 10816, 16129, 289, 784, 1764, 5929, 19044, 6084, 4900, 45369, 1296, 14884, 18225, 14641, 6889, 26244, 16641, 900, 1369, 1600, 4624, 5625, 6889, 22201, 2304, 5041, 16900, 7744, 25921, 4761, 12544, 1156, 28561, 16641, 2209, 1089, 4489, 26896, 13456, 4096, 12321, 8649, 23104, 33124, 10609, 9409, 5329, 625, 9604, 1225, 19044, 2116, 5476, 1764, 1936, 3969, 3600, 4225, 3844]

pred: 23481 [94, 403, 236, 271, 159, 95, 101, 229, 136, 225, 250, 70, 52, 116, 132, 79, 388, 188, 274, 145, 265, 168, 282, 122, 272, 37, 263, 83, 296, 340, 305, 242, 256, 120, 385, 164, 168, 49, 131, 74, 87, 262, 227, 114, 62, 143, 106, 127, 210, 256, 121, 200, 160, 49, 139, 50, 215, 198, 197, 202, 555, 113, 298, 240, 236, 82, 128, 406, 276, 142, 333, 214, 204, 47, 67, 68, 116, 305, 136, 117, 254, 68, 243, 266, 384, 157, 300, 225, 48, 102, 83, 114, 147, 167, 256, 109, 87, 229, 166, 274, 125, 212, 63, 337, 296, 83, 59, 114, 282, 207, 129, 334, 169, 277, 367, 151, 216, 130, 62, 147, 78, 231, 81, 122, 90, 92, 120, 101, 141, 113]
real: 11073 [46, 240, 93, 136, 73, 38, 46, 102, 54, 84, 134, 29, 30, 54, 56, 26, 268, 79, 173, 58, 96, 81, 126, 49, 95, 26, 123, 43, 168, 202, 114, 96, 93, 61, 234, 64, 68, 30, 58, 47, 40, 127, 81, 49, 32, 69, 46, 58, 83, 122, 44, 102, 71, 23, 49, 19, 98, 76, 55, 97, 280, 50, 148, 95, 124, 31, 75, 212, 120, 48, 203, 110, 77, 30, 39, 26, 39, 167, 58, 47, 41, 32, 121, 131, 263, 74, 138, 96, 18, 65, 43, 46, 72, 84, 107, 61, 16, 99, 78, 113, 56, 100, 29, 168, 167, 36, 26, 47, 118, 91, 65, 223, 76, 125, 185, 48, 119, 57, 37, 49, 43, 93, 35, 48, 48, 48, 57, 41, 76, 51]

grid_scale: 0.4
resize_scale: 0.5
confiance: 0.2

random_seed: 1011
data_augmentation: True
samples: 130
