MAE: 230.8923076923077 [161, 396, 286, 298, 201, 223, 126, 333, 165, 297, 259, 87, 61, 197, 167, 86, 436, 339, 340, 158, 331, 219, 294, 161, 332, 64, 330, 151, 356, 378, 404, 337, 377, 169, 481, 299, 233, 53, 216, 88, 110, 324, 377, 134, 76, 185, 182, 175, 290, 386, 122, 228, 184, 74, 223, 61, 271, 229, 289, 216, 549, 126, 267, 318, 298, 129, 184, 374, 351, 260, 383, 259, 253, 103, 112, 123, 210, 340, 202, 164, 464, 75, 344, 395, 393, 169, 330, 256, 83, 152, 110, 127, 176, 230, 305, 154, 94, 311, 282, 347, 122, 275, 68, 392, 356, 144, 110, 163, 347, 247, 140, 384, 206, 368, 380, 234, 255, 222, 56, 196, 106, 288, 91, 219, 161, 137, 134, 106, 142, 140]
MAPE: 304.49943645321855 [350.0, 165.0, 307.5268817204301, 219.11764705882354, 275.3424657534247, 586.8421052631579, 273.9130434782609, 326.4705882352941, 305.55555555555554, 353.57142857142856, 193.28358208955223, 300.0, 203.33333333333331, 364.81481481481484, 298.2142857142857, 330.7692307692308, 162.6865671641791, 429.1139240506329, 196.53179190751445, 272.41379310344826, 344.79166666666663, 270.3703703703704, 233.33333333333334, 328.57142857142856, 349.47368421052636, 246.15384615384616, 268.2926829268293, 351.16279069767444, 211.9047619047619, 187.12871287128715, 354.3859649122807, 351.04166666666663, 405.3763440860215, 277.0491803278689, 205.55555555555554, 467.1875, 342.6470588235294, 176.66666666666666, 372.41379310344826, 187.2340425531915, 275.0, 255.11811023622047, 465.4320987654321, 273.46938775510205, 237.5, 268.1159420289855, 395.65217391304344, 301.7241379310345, 349.3975903614458, 316.39344262295083, 277.2727272727273, 223.52941176470588, 259.1549295774648, 321.7391304347826, 455.1020408163265, 321.0526315789474, 276.53061224489795, 301.3157894736842, 525.4545454545455, 222.68041237113403, 196.07142857142856, 252.0, 180.4054054054054, 334.7368421052632, 240.3225806451613, 416.1290322580645, 245.33333333333331, 176.41509433962264, 292.5, 541.6666666666667, 188.66995073891627, 235.45454545454544, 328.57142857142856, 343.3333333333333, 287.1794871794872, 473.0769230769231, 538.4615384615385, 203.5928143712575, 348.2758620689655, 348.936170212766, 1131.7073170731708, 234.375, 284.297520661157, 301.5267175572519, 149.4296577946768, 228.3783783783784, 239.1304347826087, 266.66666666666663, 461.1111111111111, 233.84615384615387, 255.8139534883721, 276.0869565217391, 244.44444444444446, 273.8095238095238, 285.04672897196264, 252.45901639344262, 587.5, 314.14141414141415, 361.53846153846155, 307.07964601769913, 217.85714285714283, 275.0, 234.48275862068962, 233.33333333333334, 213.17365269461078, 400.0, 423.0769230769231, 346.8085106382979, 294.0677966101695, 271.42857142857144, 215.3846153846154, 172.19730941704037, 271.0526315789474, 294.4, 205.4054054054054, 487.5, 214.28571428571428, 389.4736842105263, 151.35135135135135, 400.0, 246.51162790697674, 309.6774193548387, 260.0, 456.25, 335.41666666666663, 285.41666666666663, 235.08771929824564, 258.5365853658537, 186.8421052631579, 274.5098039215686]
RMSE: 255.39149434665083 [25921, 156816, 81796, 88804, 40401, 49729, 15876, 110889, 27225, 88209, 67081, 7569, 3721, 38809, 27889, 7396, 190096, 114921, 115600, 24964, 109561, 47961, 86436, 25921, 110224, 4096, 108900, 22801, 126736, 142884, 163216, 113569, 142129, 28561, 231361, 89401, 54289, 2809, 46656, 7744, 12100, 104976, 142129, 17956, 5776, 34225, 33124, 30625, 84100, 148996, 14884, 51984, 33856, 5476, 49729, 3721, 73441, 52441, 83521, 46656, 301401, 15876, 71289, 101124, 88804, 16641, 33856, 139876, 123201, 67600, 146689, 67081, 64009, 10609, 12544, 15129, 44100, 115600, 40804, 26896, 215296, 5625, 118336, 156025, 154449, 28561, 108900, 65536, 6889, 23104, 12100, 16129, 30976, 52900, 93025, 23716, 8836, 96721, 79524, 120409, 14884, 75625, 4624, 153664, 126736, 20736, 12100, 26569, 120409, 61009, 19600, 147456, 42436, 135424, 144400, 54756, 65025, 49284, 3136, 38416, 11236, 82944, 8281, 47961, 25921, 18769, 17956, 11236, 20164, 19600]

pred: 41089 [207, 636, 379, 434, 274, 261, 172, 435, 219, 381, 393, 116, 91, 251, 223, 112, 704, 418, 513, 216, 427, 300, 420, 210, 427, 90, 453, 194, 524, 580, 518, 433, 470, 230, 715, 363, 301, 83, 274, 135, 150, 451, 458, 183, 108, 254, 228, 233, 373, 508, 166, 330, 255, 97, 272, 80, 369, 305, 344, 313, 829, 176, 415, 413, 422, 160, 259, 586, 471, 308, 586, 369, 330, 133, 151, 149, 249, 507, 260, 211, 505, 107, 465, 526, 656, 243, 468, 352, 101, 217, 153, 173, 248, 314, 412, 215, 110, 410, 360, 460, 178, 375, 97, 560, 523, 180, 136, 210, 465, 338, 205, 607, 282, 493, 565, 282, 374, 279, 93, 245, 149, 381, 126, 267, 209, 185, 191, 147, 218, 191]
real: 11073 [46, 240, 93, 136, 73, 38, 46, 102, 54, 84, 134, 29, 30, 54, 56, 26, 268, 79, 173, 58, 96, 81, 126, 49, 95, 26, 123, 43, 168, 202, 114, 96, 93, 61, 234, 64, 68, 30, 58, 47, 40, 127, 81, 49, 32, 69, 46, 58, 83, 122, 44, 102, 71, 23, 49, 19, 98, 76, 55, 97, 280, 50, 148, 95, 124, 31, 75, 212, 120, 48, 203, 110, 77, 30, 39, 26, 39, 167, 58, 47, 41, 32, 121, 131, 263, 74, 138, 96, 18, 65, 43, 46, 72, 84, 107, 61, 16, 99, 78, 113, 56, 100, 29, 168, 167, 36, 26, 47, 118, 91, 65, 223, 76, 125, 185, 48, 119, 57, 37, 49, 43, 93, 35, 48, 48, 48, 57, 41, 76, 51]

grid_scale: 0.3
resize_scale: 0.5
confiance: 0.1

random_seed: 1011
data_augmentation: True
samples: 130
