MAE: 102.63076923076923 [64, 286, 71, 121, 104, 142, 46, 130, 77, 103, 110, 13, 2, 80, 37, 39, 288, 145, 153, 69, 100, 72, 276, 193, 76, 24, 88, 85, 137, 243, 92, 97, 109, 72, 396, 220, 62, 14, 128, 53, 40, 83, 132, 61, 20, 54, 51, 84, 107, 127, 43, 98, 68, 43, 63, 17, 108, 73, 147, 49, 354, 20, 202, 111, 130, 34, 57, 379, 103, 94, 322, 164, 77, 85, 11, 44, 82, 156, 60, 29, 453, 20, 113, 198, 326, 53, 182, 76, 16, 44, 46, 58, 43, 93, 129, 60, 46, 150, 77, 126, 50, 74, 100, 159, 152, 40, 39, 25, 161, 97, 53, 234, 47, 93, 220, 77, 92, 99, 24, 80, 79, 76, 28, 70, 33, 77, 33, 31, 45, 46]
MAPE: 128.38913998552928 [139.1304347826087, 119.16666666666667, 76.34408602150538, 88.97058823529412, 142.46575342465752, 373.6842105263158, 100.0, 127.45098039215685, 142.59259259259258, 122.61904761904762, 82.08955223880598, 44.827586206896555, 6.666666666666667, 148.14814814814815, 66.07142857142857, 150.0, 107.46268656716418, 183.54430379746836, 88.4393063583815, 118.96551724137932, 104.16666666666667, 88.88888888888889, 219.04761904761907, 393.8775510204082, 80.0, 92.3076923076923, 71.54471544715447, 197.67441860465115, 81.54761904761905, 120.29702970297029, 80.7017543859649, 101.04166666666667, 117.20430107526883, 118.0327868852459, 169.23076923076923, 343.75, 91.17647058823529, 46.666666666666664, 220.68965517241378, 112.7659574468085, 100.0, 65.35433070866141, 162.96296296296296, 124.48979591836735, 62.5, 78.26086956521739, 110.86956521739131, 144.82758620689654, 128.91566265060243, 104.0983606557377, 97.72727272727273, 96.07843137254902, 95.77464788732394, 186.95652173913044, 128.57142857142858, 89.47368421052632, 110.20408163265304, 96.05263157894737, 267.2727272727273, 50.51546391752577, 126.42857142857142, 40.0, 136.48648648648648, 116.8421052631579, 104.83870967741935, 109.6774193548387, 76.0, 178.77358490566039, 85.83333333333333, 195.83333333333331, 158.6206896551724, 149.0909090909091, 100.0, 283.33333333333337, 28.205128205128204, 169.23076923076923, 210.25641025641028, 93.41317365269461, 103.44827586206897, 61.702127659574465, 1104.878048780488, 62.5, 93.38842975206612, 151.14503816793894, 123.95437262357414, 71.62162162162163, 131.8840579710145, 79.16666666666666, 88.88888888888889, 67.6923076923077, 106.9767441860465, 126.08695652173914, 59.72222222222222, 110.71428571428572, 120.56074766355141, 98.36065573770492, 287.5, 151.5151515151515, 98.71794871794873, 111.50442477876106, 89.28571428571429, 74.0, 344.8275862068965, 94.64285714285714, 91.01796407185628, 111.11111111111111, 150.0, 53.191489361702125, 136.44067796610167, 106.5934065934066, 81.53846153846153, 104.93273542600896, 61.8421052631579, 74.4, 118.91891891891892, 160.41666666666669, 77.31092436974791, 173.6842105263158, 64.86486486486487, 163.26530612244898, 183.72093023255815, 81.72043010752688, 80.0, 145.83333333333331, 68.75, 160.41666666666669, 57.89473684210527, 75.60975609756098, 59.210526315789465, 90.19607843137256]
RMSE: 132.12988947360734 [4096, 81796, 5041, 14641, 10816, 20164, 2116, 16900, 5929, 10609, 12100, 169, 4, 6400, 1369, 1521, 82944, 21025, 23409, 4761, 10000, 5184, 76176, 37249, 5776, 576, 7744, 7225, 18769, 59049, 8464, 9409, 11881, 5184, 156816, 48400, 3844, 196, 16384, 2809, 1600, 6889, 17424, 3721, 400, 2916, 2601, 7056, 11449, 16129, 1849, 9604, 4624, 1849, 3969, 289, 11664, 5329, 21609, 2401, 125316, 400, 40804, 12321, 16900, 1156, 3249, 143641, 10609, 8836, 103684, 26896, 5929, 7225, 121, 1936, 6724, 24336, 3600, 841, 205209, 400, 12769, 39204, 106276, 2809, 33124, 5776, 256, 1936, 2116, 3364, 1849, 8649, 16641, 3600, 2116, 22500, 5929, 15876, 2500, 5476, 10000, 25281, 23104, 1600, 1521, 625, 25921, 9409, 2809, 54756, 2209, 8649, 48400, 5929, 8464, 9801, 576, 6400, 6241, 5776, 784, 4900, 1089, 5929, 1089, 961, 2025, 2116]

pred: 24411 [110, 526, 164, 257, 177, 180, 92, 232, 131, 187, 244, 42, 28, 134, 93, 65, 556, 224, 326, 127, 196, 153, 402, 242, 171, 50, 211, 128, 305, 445, 206, 193, 202, 133, 630, 284, 130, 44, 186, 100, 80, 210, 213, 110, 52, 123, 97, 142, 190, 249, 87, 200, 139, 66, 112, 36, 206, 149, 202, 146, 634, 70, 350, 206, 254, 65, 132, 591, 223, 142, 525, 274, 154, 115, 50, 70, 121, 323, 118, 76, 494, 52, 234, 329, 589, 127, 320, 172, 34, 109, 89, 104, 115, 177, 236, 121, 62, 249, 155, 239, 106, 174, 129, 327, 319, 76, 65, 72, 279, 188, 118, 457, 123, 218, 405, 125, 211, 156, 61, 129, 122, 169, 63, 118, 81, 125, 90, 72, 121, 97]
real: 11073 [46, 240, 93, 136, 73, 38, 46, 102, 54, 84, 134, 29, 30, 54, 56, 26, 268, 79, 173, 58, 96, 81, 126, 49, 95, 26, 123, 43, 168, 202, 114, 96, 93, 61, 234, 64, 68, 30, 58, 47, 40, 127, 81, 49, 32, 69, 46, 58, 83, 122, 44, 102, 71, 23, 49, 19, 98, 76, 55, 97, 280, 50, 148, 95, 124, 31, 75, 212, 120, 48, 203, 110, 77, 30, 39, 26, 39, 167, 58, 47, 41, 32, 121, 131, 263, 74, 138, 96, 18, 65, 43, 46, 72, 84, 107, 61, 16, 99, 78, 113, 56, 100, 29, 168, 167, 36, 26, 47, 118, 91, 65, 223, 76, 125, 185, 48, 119, 57, 37, 49, 43, 93, 35, 48, 48, 48, 57, 41, 76, 51]

grid_scale: 0.2
resize_scale: 0.5
confiance: 0.2

random_seed: 1011
data_augmentation: True
samples: 130
