MAE: 274.96923076923076 [178, 674, 279, 356, 209, 303, 114, 353, 184, 336, 375, 109, 13, 214, 151, 170, 706, 336, 405, 223, 356, 252, 571, 629, 344, 33, 330, 205, 408, 445, 307, 296, 334, 162, 710, 506, 202, 67, 352, 198, 166, 270, 332, 156, 172, 199, 147, 208, 308, 329, 108, 276, 206, 166, 208, 60, 342, 202, 366, 247, 911, 102, 450, 313, 370, 87, 173, 790, 299, 318, 593, 388, 198, 162, 79, 149, 304, 455, 119, 123, 727, 125, 305, 512, 626, 166, 411, 251, 41, 190, 102, 162, 203, 212, 325, 179, 136, 284, 243, 353, 136, 239, 202, 458, 469, 122, 124, 143, 393, 216, 147, 521, 178, 329, 611, 172, 299, 260, 84, 178, 177, 247, 103, 235, 121, 181, 131, 129, 209, 133]
MAPE: 358.4503071596862 [386.95652173913044, 280.8333333333333, 300.0, 261.7647058823529, 286.3013698630137, 797.3684210526316, 247.82608695652172, 346.07843137254906, 340.74074074074076, 400.0, 279.85074626865674, 375.86206896551727, 43.333333333333336, 396.2962962962963, 269.64285714285717, 653.8461538461538, 263.43283582089555, 425.31645569620247, 234.1040462427746, 384.48275862068965, 370.83333333333337, 311.11111111111114, 453.17460317460313, 1283.6734693877552, 362.10526315789474, 126.92307692307692, 268.2926829268293, 476.7441860465116, 242.85714285714283, 220.29702970297032, 269.2982456140351, 308.33333333333337, 359.13978494623655, 265.57377049180326, 303.4188034188034, 790.625, 297.05882352941177, 223.33333333333334, 606.8965517241379, 421.27659574468083, 415.00000000000006, 212.59842519685043, 409.87654320987656, 318.3673469387755, 537.5, 288.40579710144925, 319.5652173913044, 358.62068965517244, 371.0843373493976, 269.672131147541, 245.45454545454547, 270.5882352941177, 290.14084507042253, 721.7391304347826, 424.48979591836735, 315.7894736842105, 348.9795918367347, 265.7894736842105, 665.4545454545454, 254.63917525773195, 325.35714285714283, 204.0, 304.05405405405406, 329.4736842105263, 298.38709677419354, 280.6451612903226, 230.66666666666666, 372.64150943396226, 249.16666666666666, 662.5, 292.1182266009852, 352.72727272727275, 257.14285714285717, 540.0, 202.56410256410254, 573.0769230769231, 779.4871794871794, 272.45508982035926, 205.17241379310346, 261.7021276595745, 1773.170731707317, 390.625, 252.06611570247932, 390.8396946564885, 238.02281368821295, 224.32432432432435, 297.82608695652175, 261.45833333333337, 227.77777777777777, 292.30769230769226, 237.2093023255814, 352.17391304347825, 281.94444444444446, 252.38095238095238, 303.7383177570093, 293.44262295081967, 850.0, 286.86868686868684, 311.53846153846155, 312.3893805309735, 242.85714285714283, 239.0, 696.551724137931, 272.61904761904765, 280.8383233532934, 338.88888888888886, 476.9230769230769, 304.25531914893617, 333.0508474576271, 237.36263736263737, 226.15384615384616, 233.63228699551567, 234.21052631578948, 263.2, 330.27027027027026, 358.33333333333337, 251.26050420168067, 456.140350877193, 227.02702702702703, 363.265306122449, 411.6279069767442, 265.59139784946234, 294.28571428571433, 489.5833333333333, 252.08333333333334, 377.08333333333337, 229.82456140350877, 314.6341463414634, 275.0, 260.7843137254902]
RMSE: 321.8564658592159 [31684, 454276, 77841, 126736, 43681, 91809, 12996, 124609, 33856, 112896, 140625, 11881, 169, 45796, 22801, 28900, 498436, 112896, 164025, 49729, 126736, 63504, 326041, 395641, 118336, 1089, 108900, 42025, 166464, 198025, 94249, 87616, 111556, 26244, 504100, 256036, 40804, 4489, 123904, 39204, 27556, 72900, 110224, 24336, 29584, 39601, 21609, 43264, 94864, 108241, 11664, 76176, 42436, 27556, 43264, 3600, 116964, 40804, 133956, 61009, 829921, 10404, 202500, 97969, 136900, 7569, 29929, 624100, 89401, 101124, 351649, 150544, 39204, 26244, 6241, 22201, 92416, 207025, 14161, 15129, 528529, 15625, 93025, 262144, 391876, 27556, 168921, 63001, 1681, 36100, 10404, 26244, 41209, 44944, 105625, 32041, 18496, 80656, 59049, 124609, 18496, 57121, 40804, 209764, 219961, 14884, 15376, 20449, 154449, 46656, 21609, 271441, 31684, 108241, 373321, 29584, 89401, 67600, 7056, 31684, 31329, 61009, 10609, 55225, 14641, 32761, 17161, 16641, 43681, 17689]

pred: 46819 [224, 914, 372, 492, 282, 341, 160, 455, 238, 420, 509, 138, 43, 268, 207, 196, 974, 415, 578, 281, 452, 333, 697, 678, 439, 59, 453, 248, 576, 647, 421, 392, 427, 223, 944, 570, 270, 97, 410, 245, 206, 397, 413, 205, 204, 268, 193, 266, 391, 451, 152, 378, 277, 189, 257, 79, 440, 278, 421, 344, 1191, 152, 598, 408, 494, 118, 248, 1002, 419, 366, 796, 498, 275, 192, 118, 175, 343, 622, 177, 170, 768, 157, 426, 643, 889, 240, 549, 347, 59, 255, 145, 208, 275, 296, 432, 240, 152, 383, 321, 466, 192, 339, 231, 626, 636, 158, 150, 190, 511, 307, 212, 744, 254, 454, 796, 220, 418, 317, 121, 227, 220, 340, 138, 283, 169, 229, 188, 170, 285, 184]
real: 11073 [46, 240, 93, 136, 73, 38, 46, 102, 54, 84, 134, 29, 30, 54, 56, 26, 268, 79, 173, 58, 96, 81, 126, 49, 95, 26, 123, 43, 168, 202, 114, 96, 93, 61, 234, 64, 68, 30, 58, 47, 40, 127, 81, 49, 32, 69, 46, 58, 83, 122, 44, 102, 71, 23, 49, 19, 98, 76, 55, 97, 280, 50, 148, 95, 124, 31, 75, 212, 120, 48, 203, 110, 77, 30, 39, 26, 39, 167, 58, 47, 41, 32, 121, 131, 263, 74, 138, 96, 18, 65, 43, 46, 72, 84, 107, 61, 16, 99, 78, 113, 56, 100, 29, 168, 167, 36, 26, 47, 118, 91, 65, 223, 76, 125, 185, 48, 119, 57, 37, 49, 43, 93, 35, 48, 48, 48, 57, 41, 76, 51]

grid_scale: 0.2
resize_scale: 0.5
confiance: 0.1

random_seed: 1011
data_augmentation: True
samples: 130
