MAE: 22.592307692307692 [9, 86, 29, 44, 21, 10, 14, 21, 12, 12, 36, 5, 17, 6, 16, 2, 70, 16, 52, 15, 23, 27, 10, 12, 25, 4, 39, 19, 50, 68, 32, 21, 23, 18, 71, 7, 11, 14, 1, 7, 3, 39, 24, 13, 9, 20, 9, 7, 14, 35, 17, 36, 19, 2, 12, 1, 21, 16, 5, 28, 70, 21, 30, 13, 48, 7, 20, 39, 32, 12, 33, 30, 13, 4, 18, 4, 4, 54, 12, 10, 58, 14, 28, 24, 65, 31, 29, 23, 6, 35, 13, 3, 31, 17, 21, 21, 5, 29, 19, 29, 20, 29, 2, 51, 50, 10, 3, 20, 45, 21, 21, 75, 16, 34, 65, 2, 36, 4, 14, 2, 5, 23, 6, 1, 17, 21, 21, 8, 26, 9]
MAPE: 25.965010820310262 [19.565217391304348, 35.833333333333336, 31.182795698924732, 32.35294117647059, 28.767123287671232, 26.31578947368421, 30.434782608695656, 20.588235294117645, 22.22222222222222, 14.285714285714285, 26.865671641791046, 17.24137931034483, 56.666666666666664, 11.11111111111111, 28.57142857142857, 7.6923076923076925, 26.119402985074625, 20.253164556962027, 30.057803468208093, 25.862068965517242, 23.958333333333336, 33.33333333333333, 7.936507936507936, 24.489795918367346, 26.31578947368421, 15.384615384615385, 31.70731707317073, 44.18604651162791, 29.761904761904763, 33.663366336633665, 28.07017543859649, 21.875, 24.731182795698924, 29.508196721311474, 30.34188034188034, 10.9375, 16.176470588235293, 46.666666666666664, 1.7241379310344827, 14.893617021276595, 7.5, 30.708661417322837, 29.629629629629626, 26.53061224489796, 28.125, 28.985507246376812, 19.565217391304348, 12.068965517241379, 16.867469879518072, 28.688524590163933, 38.63636363636363, 35.294117647058826, 26.76056338028169, 8.695652173913043, 24.489795918367346, 5.263157894736842, 21.428571428571427, 21.052631578947366, 9.090909090909092, 28.865979381443296, 25.0, 42.0, 20.27027027027027, 13.684210526315791, 38.70967741935484, 22.58064516129032, 26.666666666666668, 18.39622641509434, 26.666666666666668, 25.0, 16.25615763546798, 27.27272727272727, 16.883116883116884, 13.333333333333334, 46.15384615384615, 15.384615384615385, 10.256410256410255, 32.33532934131736, 20.689655172413794, 21.27659574468085, 141.46341463414635, 43.75, 23.140495867768596, 18.3206106870229, 24.714828897338403, 41.891891891891895, 21.014492753623188, 23.958333333333336, 33.33333333333333, 53.84615384615385, 30.23255813953488, 6.521739130434782, 43.05555555555556, 20.238095238095237, 19.626168224299064, 34.42622950819672, 31.25, 29.292929292929294, 24.358974358974358, 25.663716814159294, 35.714285714285715, 28.999999999999996, 6.896551724137931, 30.357142857142854, 29.94011976047904, 27.77777777777778, 11.538461538461538, 42.5531914893617, 38.13559322033898, 23.076923076923077, 32.30769230769231, 33.6322869955157, 21.052631578947366, 27.200000000000003, 35.13513513513514, 4.166666666666666, 30.252100840336134, 7.017543859649122, 37.83783783783784, 4.081632653061225, 11.627906976744185, 24.731182795698924, 17.142857142857142, 2.083333333333333, 35.41666666666667, 43.75, 36.84210526315789, 19.51219512195122, 34.21052631578947, 17.647058823529413]
RMSE: 28.866136668315107 [81, 7396, 841, 1936, 441, 100, 196, 441, 144, 144, 1296, 25, 289, 36, 256, 4, 4900, 256, 2704, 225, 529, 729, 100, 144, 625, 16, 1521, 361, 2500, 4624, 1024, 441, 529, 324, 5041, 49, 121, 196, 1, 49, 9, 1521, 576, 169, 81, 400, 81, 49, 196, 1225, 289, 1296, 361, 4, 144, 1, 441, 256, 25, 784, 4900, 441, 900, 169, 2304, 49, 400, 1521, 1024, 144, 1089, 900, 169, 16, 324, 16, 16, 2916, 144, 100, 3364, 196, 784, 576, 4225, 961, 841, 529, 36, 1225, 169, 9, 961, 289, 441, 441, 25, 841, 361, 841, 400, 841, 4, 2601, 2500, 100, 9, 400, 2025, 441, 441, 5625, 256, 1156, 4225, 4, 1296, 16, 196, 4, 25, 529, 36, 1, 289, 441, 441, 64, 676, 81]

pred: 8366 [37, 154, 64, 92, 52, 48, 32, 81, 42, 72, 98, 24, 13, 48, 40, 24, 198, 63, 121, 43, 73, 54, 116, 61, 70, 22, 84, 24, 118, 134, 82, 75, 70, 43, 163, 71, 57, 16, 57, 40, 37, 88, 57, 36, 23, 49, 37, 51, 69, 87, 27, 66, 52, 21, 37, 20, 77, 60, 60, 69, 210, 29, 118, 82, 76, 24, 55, 173, 88, 36, 170, 80, 64, 26, 21, 30, 43, 113, 46, 37, 99, 18, 93, 107, 198, 43, 109, 73, 12, 30, 30, 43, 41, 67, 86, 40, 21, 70, 59, 84, 36, 71, 31, 117, 117, 26, 29, 27, 73, 70, 44, 148, 60, 91, 120, 50, 83, 53, 23, 51, 38, 70, 29, 47, 31, 27, 36, 33, 50, 42]
real: 11073 [46, 240, 93, 136, 73, 38, 46, 102, 54, 84, 134, 29, 30, 54, 56, 26, 268, 79, 173, 58, 96, 81, 126, 49, 95, 26, 123, 43, 168, 202, 114, 96, 93, 61, 234, 64, 68, 30, 58, 47, 40, 127, 81, 49, 32, 69, 46, 58, 83, 122, 44, 102, 71, 23, 49, 19, 98, 76, 55, 97, 280, 50, 148, 95, 124, 31, 75, 212, 120, 48, 203, 110, 77, 30, 39, 26, 39, 167, 58, 47, 41, 32, 121, 131, 263, 74, 138, 96, 18, 65, 43, 46, 72, 84, 107, 61, 16, 99, 78, 113, 56, 100, 29, 168, 167, 36, 26, 47, 118, 91, 65, 223, 76, 125, 185, 48, 119, 57, 37, 49, 43, 93, 35, 48, 48, 48, 57, 41, 76, 51]

grid_scale: 0.2
resize_scale: 0.5
confiance: 0.4

random_seed: 1011
data_augmentation: True
samples: 130
