MAE: 22.976923076923075 [21, 52, 4, 29, 12, 32, 7, 36, 13, 25, 34, 2, 14, 30, 15, 8, 87, 30, 22, 15, 13, 18, 86, 82, 14, 6, 9, 13, 9, 56, 30, 24, 33, 0, 120, 62, 12, 7, 43, 16, 33, 26, 26, 21, 24, 5, 5, 17, 33, 11, 2, 1, 20, 17, 18, 10, 19, 6, 35, 0, 97, 1, 61, 27, 9, 5, 3, 128, 11, 9, 77, 28, 18, 13, 1, 13, 20, 27, 5, 14, 138, 1, 4, 61, 61, 7, 45, 23, 3, 20, 0, 11, 1, 4, 23, 1, 25, 5, 14, 9, 9, 11, 10, 21, 16, 13, 20, 2, 27, 13, 7, 52, 16, 14, 42, 27, 19, 23, 3, 30, 25, 10, 12, 31, 4, 13, 2, 10, 2, 10]
MAPE: 31.072543493995813 [45.65217391304348, 21.666666666666668, 4.301075268817205, 21.323529411764707, 16.43835616438356, 84.21052631578947, 15.217391304347828, 35.294117647058826, 24.074074074074073, 29.761904761904763, 25.37313432835821, 6.896551724137931, 46.666666666666664, 55.55555555555556, 26.785714285714285, 30.76923076923077, 32.46268656716418, 37.9746835443038, 12.716763005780345, 25.862068965517242, 13.541666666666666, 22.22222222222222, 68.25396825396825, 167.3469387755102, 14.736842105263156, 23.076923076923077, 7.317073170731707, 30.23255813953488, 5.357142857142857, 27.722772277227726, 26.31578947368421, 25.0, 35.483870967741936, 0.0, 51.28205128205128, 96.875, 17.647058823529413, 23.333333333333332, 74.13793103448276, 34.04255319148936, 82.5, 20.47244094488189, 32.098765432098766, 42.857142857142854, 75.0, 7.246376811594203, 10.869565217391305, 29.310344827586203, 39.75903614457831, 9.01639344262295, 4.545454545454546, 0.9803921568627451, 28.169014084507044, 73.91304347826086, 36.734693877551024, 52.63157894736842, 19.387755102040817, 7.894736842105263, 63.63636363636363, 0.0, 34.64285714285714, 2.0, 41.21621621621622, 28.421052631578945, 7.258064516129033, 16.129032258064516, 4.0, 60.37735849056604, 9.166666666666666, 18.75, 37.93103448275862, 25.454545454545453, 23.376623376623375, 43.333333333333336, 2.564102564102564, 50.0, 51.28205128205128, 16.16766467065868, 8.620689655172415, 29.78723404255319, 336.5853658536585, 3.125, 3.3057851239669422, 46.56488549618321, 23.193916349809886, 9.45945945945946, 32.608695652173914, 23.958333333333336, 16.666666666666664, 30.76923076923077, 0.0, 23.91304347826087, 1.3888888888888888, 4.761904761904762, 21.49532710280374, 1.639344262295082, 156.25, 5.05050505050505, 17.94871794871795, 7.964601769911504, 16.071428571428573, 11.0, 34.48275862068966, 12.5, 9.580838323353294, 36.11111111111111, 76.92307692307693, 4.25531914893617, 22.88135593220339, 14.285714285714285, 10.76923076923077, 23.318385650224215, 21.052631578947366, 11.200000000000001, 22.702702702702705, 56.25, 15.966386554621847, 40.35087719298245, 8.108108108108109, 61.224489795918366, 58.139534883720934, 10.75268817204301, 34.285714285714285, 64.58333333333334, 8.333333333333332, 27.083333333333332, 3.508771929824561, 24.390243902439025, 2.631578947368421, 19.607843137254903]
RMSE: 34.057078785248386 [441, 2704, 16, 841, 144, 1024, 49, 1296, 169, 625, 1156, 4, 196, 900, 225, 64, 7569, 900, 484, 225, 169, 324, 7396, 6724, 196, 36, 81, 169, 81, 3136, 900, 576, 1089, 0, 14400, 3844, 144, 49, 1849, 256, 1089, 676, 676, 441, 576, 25, 25, 289, 1089, 121, 4, 1, 400, 289, 324, 100, 361, 36, 1225, 0, 9409, 1, 3721, 729, 81, 25, 9, 16384, 121, 81, 5929, 784, 324, 169, 1, 169, 400, 729, 25, 196, 19044, 1, 16, 3721, 3721, 49, 2025, 529, 9, 400, 0, 121, 1, 16, 529, 1, 625, 25, 196, 81, 81, 121, 100, 441, 256, 169, 400, 4, 729, 169, 49, 2704, 256, 196, 1764, 729, 361, 529, 9, 900, 625, 100, 144, 961, 16, 169, 4, 100, 4, 100]

pred: 13946 [67, 292, 89, 165, 85, 70, 53, 138, 67, 109, 168, 27, 16, 84, 71, 34, 355, 109, 195, 73, 109, 99, 212, 131, 109, 32, 132, 56, 177, 258, 144, 120, 126, 61, 354, 126, 80, 23, 101, 63, 73, 153, 107, 70, 56, 74, 51, 75, 116, 133, 42, 103, 91, 40, 67, 29, 117, 82, 90, 97, 377, 51, 209, 122, 133, 36, 78, 340, 131, 57, 280, 138, 95, 43, 38, 39, 59, 194, 63, 61, 179, 33, 125, 192, 324, 81, 183, 119, 21, 45, 43, 57, 71, 88, 130, 62, 41, 104, 92, 122, 65, 111, 39, 189, 183, 49, 46, 45, 145, 104, 72, 275, 92, 139, 227, 75, 138, 80, 40, 79, 68, 103, 47, 79, 44, 61, 59, 51, 78, 61]
real: 11073 [46, 240, 93, 136, 73, 38, 46, 102, 54, 84, 134, 29, 30, 54, 56, 26, 268, 79, 173, 58, 96, 81, 126, 49, 95, 26, 123, 43, 168, 202, 114, 96, 93, 61, 234, 64, 68, 30, 58, 47, 40, 127, 81, 49, 32, 69, 46, 58, 83, 122, 44, 102, 71, 23, 49, 19, 98, 76, 55, 97, 280, 50, 148, 95, 124, 31, 75, 212, 120, 48, 203, 110, 77, 30, 39, 26, 39, 167, 58, 47, 41, 32, 121, 131, 263, 74, 138, 96, 18, 65, 43, 46, 72, 84, 107, 61, 16, 99, 78, 113, 56, 100, 29, 168, 167, 36, 26, 47, 118, 91, 65, 223, 76, 125, 185, 48, 119, 57, 37, 49, 43, 93, 35, 48, 48, 48, 57, 41, 76, 51]

grid_scale: 0.2
resize_scale: 0.5
confiance: 0.3

random_seed: 1011
data_augmentation: True
samples: 130
