MAE: 55.09230769230769 [20, 72, 145, 69, 36, 50, 198, 174, 28, 44, 32, 89, 17, 24, 17, 8, 25, 76, 93, 20, 55, 17, 25, 27, 66, 25, 63, 39, 67, 116, 145, 89, 9, 42, 16, 149, 199, 55, 29, 15, 15, 16, 32, 30, 146, 88, 29, 79, 76, 66, 49, 59, 39, 26, 78, 13, 23, 25, 24, 6, 14, 155, 29, 32, 97, 23, 37, 35, 28, 27, 43, 54, 14, 73, 35, 36, 50, 60, 20, 45, 34, 19, 27, 123, 28, 16, 17, 53, 51, 73, 187, 32, 30, 67, 46, 36, 37, 116, 40, 89, 19, 56, 43, 10, 29, 36, 164, 81, 30, 50, 61, 49, 117, 60, 9, 104, 77, 64, 44, 47, 96, 20, 14, 36, 90, 14, 65, 86, 74, 85]
MAPE: 61.02436669994446 [45.45454545454545, 63.716814159292035, 71.42857142857143, 71.875, 75.0, 66.66666666666666, 73.88059701492537, 72.5, 56.00000000000001, 60.273972602739725, 59.25925925925925, 67.93893129770993, 43.58974358974359, 52.17391304347826, 58.620689655172406, 27.586206896551722, 58.139534883720934, 60.8, 62.83783783783784, 43.47826086956522, 57.291666666666664, 94.44444444444444, 58.139534883720934, 56.25, 68.75, 53.191489361702125, 69.23076923076923, 68.42105263157895, 60.909090909090914, 69.04761904761905, 68.39622641509435, 64.4927536231884, 34.61538461538461, 59.154929577464785, 50.0, 73.76237623762376, 75.66539923954373, 65.47619047619048, 50.0, 50.0, 57.692307692307686, 43.24324324324324, 55.172413793103445, 62.5, 78.91891891891892, 70.96774193548387, 59.183673469387756, 64.75409836065575, 66.66666666666666, 70.96774193548387, 60.49382716049383, 63.44086021505376, 82.97872340425532, 38.23529411764706, 65.0, 40.625, 50.0, 60.97560975609756, 61.53846153846154, 37.5, 34.146341463414636, 69.50672645739911, 50.0, 65.3061224489796, 82.20338983050848, 63.888888888888886, 56.92307692307692, 74.46808510638297, 58.333333333333336, 62.7906976744186, 56.57894736842105, 65.06024096385542, 60.86956521739131, 68.22429906542055, 53.84615384615385, 64.28571428571429, 64.93506493506493, 63.1578947368421, 57.14285714285714, 65.21739130434783, 53.125, 61.29032258064516, 52.94117647058824, 71.09826589595376, 57.14285714285714, 53.333333333333336, 56.666666666666664, 63.095238095238095, 65.38461538461539, 73.73737373737373, 66.78571428571428, 57.14285714285714, 54.54545454545454, 69.0721649484536, 62.16216216216216, 59.01639344262295, 63.793103448275865, 69.46107784431138, 65.57377049180327, 65.44117647058823, 50.0, 54.90196078431373, 56.57894736842105, 38.46153846153847, 53.70370370370371, 63.1578947368421, 70.08547008547008, 66.94214876033058, 62.5, 63.29113924050633, 61.0, 60.49382716049383, 70.05988023952095, 58.82352941176471, 47.368421052631575, 61.904761904761905, 62.601626016260155, 68.81720430107528, 61.111111111111114, 61.8421052631579, 76.19047619047619, 43.47826086956522, 35.0, 73.46938775510205, 67.16417910447761, 53.84615384615385, 66.3265306122449, 67.71653543307087, 77.89473684210526, 71.42857142857143]
RMSE: 69.30834115635832 [400, 5184, 21025, 4761, 1296, 2500, 39204, 30276, 784, 1936, 1024, 7921, 289, 576, 289, 64, 625, 5776, 8649, 400, 3025, 289, 625, 729, 4356, 625, 3969, 1521, 4489, 13456, 21025, 7921, 81, 1764, 256, 22201, 39601, 3025, 841, 225, 225, 256, 1024, 900, 21316, 7744, 841, 6241, 5776, 4356, 2401, 3481, 1521, 676, 6084, 169, 529, 625, 576, 36, 196, 24025, 841, 1024, 9409, 529, 1369, 1225, 784, 729, 1849, 2916, 196, 5329, 1225, 1296, 2500, 3600, 400, 2025, 1156, 361, 729, 15129, 784, 256, 289, 2809, 2601, 5329, 34969, 1024, 900, 4489, 2116, 1296, 1369, 13456, 1600, 7921, 361, 3136, 1849, 100, 841, 1296, 26896, 6561, 900, 2500, 3721, 2401, 13689, 3600, 81, 10816, 5929, 4096, 1936, 2209, 9216, 400, 196, 1296, 8100, 196, 4225, 7396, 5476, 7225]

pred: 3911 [24, 41, 58, 27, 12, 25, 70, 66, 22, 29, 22, 42, 22, 22, 12, 21, 18, 49, 55, 26, 41, 1, 18, 21, 30, 22, 28, 18, 43, 52, 67, 49, 17, 29, 16, 53, 64, 29, 29, 15, 11, 21, 26, 18, 39, 36, 20, 43, 38, 27, 32, 34, 8, 42, 42, 19, 23, 16, 15, 10, 27, 68, 29, 17, 21, 13, 28, 12, 20, 16, 33, 29, 9, 34, 30, 20, 27, 35, 15, 24, 30, 12, 24, 50, 21, 14, 13, 31, 27, 26, 93, 24, 25, 30, 28, 25, 21, 51, 21, 47, 19, 46, 33, 16, 25, 21, 70, 40, 18, 29, 39, 32, 50, 42, 10, 64, 46, 29, 28, 29, 30, 26, 26, 13, 44, 12, 33, 41, 21, 34]
real: 11073 [44, 113, 203, 96, 48, 75, 268, 240, 50, 73, 54, 131, 39, 46, 29, 29, 43, 125, 148, 46, 96, 18, 43, 48, 96, 47, 91, 57, 110, 168, 212, 138, 26, 71, 32, 202, 263, 84, 58, 30, 26, 37, 58, 48, 185, 124, 49, 122, 114, 93, 81, 93, 47, 68, 120, 32, 46, 41, 39, 16, 41, 223, 58, 49, 118, 36, 65, 47, 48, 43, 76, 83, 23, 107, 65, 56, 77, 95, 35, 69, 64, 31, 51, 173, 49, 30, 30, 84, 78, 99, 280, 56, 55, 97, 74, 61, 58, 167, 61, 136, 38, 102, 76, 26, 54, 57, 234, 121, 48, 79, 100, 81, 167, 102, 19, 168, 123, 93, 72, 76, 126, 46, 40, 49, 134, 26, 98, 127, 95, 119]

grid_scale: 0.3
resize_scale: 0.5
confiance: 0.5

random_seed: 1011
data_augmentation: True
samples: 130
