MAE: 66.53846153846153 [34, 201, 72, 106, 52, 24, 34, 77, 35, 63, 107, 21, 28, 37, 44, 16, 224, 59, 148, 37, 80, 59, 110, 41, 74, 22, 96, 32, 135, 174, 91, 75, 74, 52, 188, 43, 49, 26, 47, 36, 33, 90, 61, 37, 25, 56, 32, 47, 52, 90, 29, 81, 55, 19, 35, 13, 71, 48, 41, 82, 221, 39, 112, 74, 105, 24, 63, 171, 99, 33, 171, 91, 60, 25, 31, 15, 32, 129, 50, 38, 33, 27, 86, 110, 223, 64, 113, 70, 16, 54, 31, 29, 57, 68, 79, 52, 8, 76, 54, 86, 45, 73, 23, 125, 132, 22, 14, 36, 103, 64, 50, 193, 61, 94, 152, 33, 94, 39, 32, 30, 29, 70, 27, 31, 37, 37, 41, 27, 62, 35]
MAPE: 76.42812442391438 [73.91304347826086, 83.75, 77.41935483870968, 77.94117647058823, 71.23287671232876, 63.1578947368421, 73.91304347826086, 75.49019607843137, 64.81481481481481, 75.0, 79.8507462686567, 72.41379310344827, 93.33333333333333, 68.51851851851852, 78.57142857142857, 61.53846153846154, 83.5820895522388, 74.68354430379746, 85.54913294797689, 63.793103448275865, 83.33333333333334, 72.8395061728395, 87.3015873015873, 83.6734693877551, 77.89473684210526, 84.61538461538461, 78.04878048780488, 74.4186046511628, 80.35714285714286, 86.13861386138613, 79.82456140350878, 78.125, 79.56989247311827, 85.24590163934425, 80.34188034188034, 67.1875, 72.05882352941177, 86.66666666666667, 81.03448275862068, 76.59574468085107, 82.5, 70.86614173228347, 75.30864197530865, 75.51020408163265, 78.125, 81.15942028985508, 69.56521739130434, 81.03448275862068, 62.65060240963856, 73.77049180327869, 65.9090909090909, 79.41176470588235, 77.46478873239437, 82.6086956521739, 71.42857142857143, 68.42105263157895, 72.44897959183673, 63.1578947368421, 74.54545454545455, 84.5360824742268, 78.92857142857143, 78.0, 75.67567567567568, 77.89473684210526, 84.67741935483872, 77.41935483870968, 84.0, 80.66037735849056, 82.5, 68.75, 84.23645320197043, 82.72727272727273, 77.92207792207793, 83.33333333333334, 79.48717948717949, 57.692307692307686, 82.05128205128204, 77.24550898203593, 86.20689655172413, 80.85106382978722, 80.48780487804879, 84.375, 71.07438016528926, 83.96946564885496, 84.79087452471484, 86.48648648648648, 81.88405797101449, 72.91666666666666, 88.88888888888889, 83.07692307692308, 72.09302325581395, 63.04347826086957, 79.16666666666666, 80.95238095238095, 73.83177570093457, 85.24590163934425, 50.0, 76.76767676767676, 69.23076923076923, 76.10619469026548, 80.35714285714286, 73.0, 79.3103448275862, 74.40476190476191, 79.04191616766467, 61.111111111111114, 53.84615384615385, 76.59574468085107, 87.28813559322035, 70.32967032967034, 76.92307692307693, 86.54708520179372, 80.26315789473685, 75.2, 82.16216216216216, 68.75, 78.99159663865547, 68.42105263157895, 86.48648648648648, 61.224489795918366, 67.44186046511628, 75.26881720430107, 77.14285714285715, 64.58333333333334, 77.08333333333334, 77.08333333333334, 71.9298245614035, 65.85365853658537, 81.57894736842105, 68.62745098039215]
RMSE: 81.54055149716329 [1156, 40401, 5184, 11236, 2704, 576, 1156, 5929, 1225, 3969, 11449, 441, 784, 1369, 1936, 256, 50176, 3481, 21904, 1369, 6400, 3481, 12100, 1681, 5476, 484, 9216, 1024, 18225, 30276, 8281, 5625, 5476, 2704, 35344, 1849, 2401, 676, 2209, 1296, 1089, 8100, 3721, 1369, 625, 3136, 1024, 2209, 2704, 8100, 841, 6561, 3025, 361, 1225, 169, 5041, 2304, 1681, 6724, 48841, 1521, 12544, 5476, 11025, 576, 3969, 29241, 9801, 1089, 29241, 8281, 3600, 625, 961, 225, 1024, 16641, 2500, 1444, 1089, 729, 7396, 12100, 49729, 4096, 12769, 4900, 256, 2916, 961, 841, 3249, 4624, 6241, 2704, 64, 5776, 2916, 7396, 2025, 5329, 529, 15625, 17424, 484, 196, 1296, 10609, 4096, 2500, 37249, 3721, 8836, 23104, 1089, 8836, 1521, 1024, 900, 841, 4900, 729, 961, 1369, 1369, 1681, 729, 3844, 1225]

pred: 2423 [12, 39, 21, 30, 21, 14, 12, 25, 19, 21, 27, 8, 2, 17, 12, 10, 44, 20, 25, 21, 16, 22, 16, 8, 21, 4, 27, 11, 33, 28, 23, 21, 19, 9, 46, 21, 19, 4, 11, 11, 7, 37, 20, 12, 7, 13, 14, 11, 31, 32, 15, 21, 16, 4, 14, 6, 27, 28, 14, 15, 59, 11, 36, 21, 19, 7, 12, 41, 21, 15, 32, 19, 17, 5, 8, 11, 7, 38, 8, 9, 8, 5, 35, 21, 40, 10, 25, 26, 2, 11, 12, 17, 15, 16, 28, 9, 8, 23, 24, 27, 11, 27, 6, 43, 35, 14, 12, 11, 15, 27, 15, 30, 15, 31, 33, 15, 25, 18, 5, 19, 14, 23, 8, 17, 11, 11, 16, 14, 14, 16]
real: 11073 [46, 240, 93, 136, 73, 38, 46, 102, 54, 84, 134, 29, 30, 54, 56, 26, 268, 79, 173, 58, 96, 81, 126, 49, 95, 26, 123, 43, 168, 202, 114, 96, 93, 61, 234, 64, 68, 30, 58, 47, 40, 127, 81, 49, 32, 69, 46, 58, 83, 122, 44, 102, 71, 23, 49, 19, 98, 76, 55, 97, 280, 50, 148, 95, 124, 31, 75, 212, 120, 48, 203, 110, 77, 30, 39, 26, 39, 167, 58, 47, 41, 32, 121, 131, 263, 74, 138, 96, 18, 65, 43, 46, 72, 84, 107, 61, 16, 99, 78, 113, 56, 100, 29, 168, 167, 36, 26, 47, 118, 91, 65, 223, 76, 125, 185, 48, 119, 57, 37, 49, 43, 93, 35, 48, 48, 48, 57, 41, 76, 51]

grid_scale: 0.2
resize_scale: 0.5
confiance: 0.6

random_seed: 1011
data_augmentation: True
samples: 130
