MAE: 98.1 [85, 102, 143, 108, 95, 101, 84, 120, 92, 150, 112, 45, 20, 90, 83, 45, 90, 128, 110, 76, 137, 95, 117, 108, 145, 31, 143, 52, 107, 109, 190, 123, 170, 82, 57, 140, 106, 26, 72, 36, 69, 152, 157, 62, 52, 82, 85, 115, 156, 161, 80, 98, 96, 66, 89, 42, 152, 151, 112, 110, 94, 62, 86, 146, 133, 74, 103, 72, 169, 147, 96, 138, 151, 48, 51, 72, 101, 110, 111, 66, 227, 37, 143, 98, 92, 106, 104, 124, 9, 83, 50, 95, 70, 91, 128, 91, 82, 102, 100, 152, 75, 133, 47, 116, 161, 66, 34, 83, 97, 118, 92, 44, 65, 152, 123, 132, 116, 104, 37, 106, 42, 148, 42, 108, 68, 58, 84, 80, 100, 96]
MAPE: 143.94466330863074 [184.7826086956522, 42.5, 153.76344086021504, 79.41176470588235, 130.13698630136986, 265.7894736842105, 182.6086956521739, 117.64705882352942, 170.37037037037038, 178.57142857142858, 83.5820895522388, 155.17241379310346, 66.66666666666666, 166.66666666666669, 148.21428571428572, 173.0769230769231, 33.582089552238806, 162.0253164556962, 63.58381502890174, 131.0344827586207, 142.70833333333331, 117.28395061728396, 92.85714285714286, 220.4081632653061, 152.63157894736844, 119.23076923076923, 116.26016260162602, 120.93023255813952, 63.69047619047619, 53.960396039603964, 166.66666666666669, 128.125, 182.79569892473117, 134.4262295081967, 24.358974358974358, 218.75, 155.88235294117646, 86.66666666666667, 124.13793103448276, 76.59574468085107, 172.5, 119.68503937007875, 193.82716049382717, 126.53061224489797, 162.5, 118.84057971014492, 184.7826086956522, 198.27586206896552, 187.95180722891567, 131.9672131147541, 181.8181818181818, 96.07843137254902, 135.2112676056338, 286.95652173913044, 181.6326530612245, 221.0526315789474, 155.10204081632654, 198.6842105263158, 203.63636363636363, 113.4020618556701, 33.57142857142857, 124.0, 58.108108108108105, 153.68421052631578, 107.25806451612902, 238.70967741935485, 137.33333333333334, 33.9622641509434, 140.83333333333334, 306.25, 47.29064039408867, 125.45454545454547, 196.10389610389612, 160.0, 130.76923076923077, 276.9230769230769, 258.974358974359, 65.86826347305389, 191.3793103448276, 140.4255319148936, 553.6585365853658, 115.625, 118.18181818181819, 74.80916030534351, 34.98098859315589, 143.24324324324326, 75.36231884057972, 129.16666666666669, 50.0, 127.69230769230768, 116.27906976744187, 206.52173913043475, 97.22222222222221, 108.33333333333333, 119.62616822429905, 149.18032786885246, 512.5, 103.03030303030303, 128.2051282051282, 134.5132743362832, 133.92857142857142, 133.0, 162.06896551724137, 69.04761904761905, 96.40718562874252, 183.33333333333331, 130.76923076923077, 176.59574468085106, 82.20338983050848, 129.67032967032966, 141.53846153846155, 19.730941704035875, 85.52631578947368, 121.6, 66.48648648648648, 275.0, 97.47899159663865, 182.45614035087718, 100.0, 216.3265306122449, 97.67441860465115, 159.13978494623655, 120.0, 225.0, 141.66666666666669, 120.83333333333333, 147.36842105263156, 195.1219512195122, 131.57894736842107, 188.23529411764704]
RMSE: 105.36956939195564 [7225, 10404, 20449, 11664, 9025, 10201, 7056, 14400, 8464, 22500, 12544, 2025, 400, 8100, 6889, 2025, 8100, 16384, 12100, 5776, 18769, 9025, 13689, 11664, 21025, 961, 20449, 2704, 11449, 11881, 36100, 15129, 28900, 6724, 3249, 19600, 11236, 676, 5184, 1296, 4761, 23104, 24649, 3844, 2704, 6724, 7225, 13225, 24336, 25921, 6400, 9604, 9216, 4356, 7921, 1764, 23104, 22801, 12544, 12100, 8836, 3844, 7396, 21316, 17689, 5476, 10609, 5184, 28561, 21609, 9216, 19044, 22801, 2304, 2601, 5184, 10201, 12100, 12321, 4356, 51529, 1369, 20449, 9604, 8464, 11236, 10816, 15376, 81, 6889, 2500, 9025, 4900, 8281, 16384, 8281, 6724, 10404, 10000, 23104, 5625, 17689, 2209, 13456, 25921, 4356, 1156, 6889, 9409, 13924, 8464, 1936, 4225, 23104, 15129, 17424, 13456, 10816, 1369, 11236, 1764, 21904, 1764, 11664, 4624, 3364, 7056, 6400, 10000, 9216]

pred: 23826 [131, 342, 236, 244, 168, 139, 130, 222, 146, 234, 246, 74, 50, 144, 139, 71, 358, 207, 283, 134, 233, 176, 243, 157, 240, 57, 266, 95, 275, 311, 304, 219, 263, 143, 291, 204, 174, 56, 130, 83, 109, 279, 238, 111, 84, 151, 131, 173, 239, 283, 124, 200, 167, 89, 138, 61, 250, 227, 167, 207, 374, 112, 234, 241, 257, 105, 178, 284, 289, 195, 299, 248, 228, 78, 90, 98, 140, 277, 169, 113, 268, 69, 264, 229, 355, 180, 242, 220, 27, 148, 93, 141, 142, 175, 235, 152, 98, 201, 178, 265, 131, 233, 76, 284, 328, 102, 60, 130, 215, 209, 157, 267, 141, 277, 308, 180, 235, 161, 74, 155, 85, 241, 77, 156, 116, 106, 141, 121, 176, 147]
real: 11073 [46, 240, 93, 136, 73, 38, 46, 102, 54, 84, 134, 29, 30, 54, 56, 26, 268, 79, 173, 58, 96, 81, 126, 49, 95, 26, 123, 43, 168, 202, 114, 96, 93, 61, 234, 64, 68, 30, 58, 47, 40, 127, 81, 49, 32, 69, 46, 58, 83, 122, 44, 102, 71, 23, 49, 19, 98, 76, 55, 97, 280, 50, 148, 95, 124, 31, 75, 212, 120, 48, 203, 110, 77, 30, 39, 26, 39, 167, 58, 47, 41, 32, 121, 131, 263, 74, 138, 96, 18, 65, 43, 46, 72, 84, 107, 61, 16, 99, 78, 113, 56, 100, 29, 168, 167, 36, 26, 47, 118, 91, 65, 223, 76, 125, 185, 48, 119, 57, 37, 49, 43, 93, 35, 48, 48, 48, 57, 41, 76, 51]

grid_scale: 0.5
resize_scale: 0.5
confiance: 0.2

random_seed: 1011
data_augmentation: True
samples: 130
