MAE: 11.807692307692308 [3, 2, 52, 10, 30, 4, 7, 43, 3, 4, 3, 5, 28, 41, 5, 9, 5, 26, 6, 3, 24, 8, 10, 10, 17, 2, 3, 1, 18, 3, 32, 49, 6, 2, 11, 5, 19, 11, 1, 2, 8, 21, 3, 20, 1, 26, 17, 7, 30, 9, 15, 29, 28, 12, 17, 9, 7, 4, 7, 7, 6, 5, 6, 1, 41, 24, 3, 6, 4, 12, 2, 15, 9, 1, 5, 1, 29, 33, 5, 9, 4, 41, 2, 14, 12, 12, 0, 4, 3, 4, 22, 31, 1, 5, 7, 8, 15, 1, 22, 6, 2, 8, 2, 2, 7, 12, 7, 1, 2, 3, 75, 10, 1, 5, 7, 8, 7, 2, 30, 2, 6, 9, 12, 19, 9, 8, 8, 1, 15, 24]
MAPE: 13.844590728854897 [3.614457831325301, 5.0, 25.742574257425744, 23.25581395348837, 29.411764705882355, 13.793103448275861, 9.333333333333334, 16.34980988593156, 6.976744186046512, 8.695652173913043, 18.75, 10.416666666666668, 22.400000000000002, 31.297709923664126, 7.352941176470589, 11.842105263157894, 16.129032258064516, 10.833333333333334, 10.526315789473683, 10.0, 11.822660098522167, 8.16326530612245, 7.462686567164178, 10.0, 14.912280701754385, 3.508771929824561, 6.25, 2.083333333333333, 38.297872340425535, 5.172413793103448, 26.666666666666668, 49.494949494949495, 10.344827586206897, 3.7037037037037033, 18.0327868852459, 19.230769230769234, 39.58333333333333, 14.864864864864865, 2.083333333333333, 6.666666666666667, 10.95890410958904, 18.58407079646018, 10.344827586206897, 16.80672268907563, 1.2345679012345678, 27.083333333333332, 94.44444444444444, 16.27906976744186, 31.25, 19.148936170212767, 16.483516483516482, 16.76300578034682, 16.666666666666664, 5.660377358490567, 13.492063492063492, 11.842105263157894, 9.859154929577464, 12.5, 20.0, 17.073170731707318, 9.230769230769232, 19.230769230769234, 16.216216216216218, 2.564102564102564, 22.162162162162165, 19.35483870967742, 6.122448979591836, 2.142857142857143, 5.194805194805195, 12.903225806451612, 5.128205128205128, 32.608695652173914, 11.842105263157894, 1.1904761904761905, 13.157894736842104, 5.263157894736842, 23.770491803278688, 27.27272727272727, 10.204081632653061, 18.367346938775512, 4.2105263157894735, 34.74576271186441, 6.25, 8.383233532934131, 8.695652173913043, 16.666666666666664, 0.0, 8.695652173913043, 2.941176470588235, 13.333333333333334, 23.655913978494624, 11.567164179104477, 1.9607843137254901, 8.928571428571429, 30.434782608695656, 8.421052631578947, 23.076923076923077, 1.7241379310344827, 14.864864864864865, 13.043478260869565, 1.8691588785046727, 8.24742268041237, 4.878048780487805, 3.4482758620689653, 10.9375, 12.903225806451612, 2.9914529914529915, 3.8461538461538463, 4.545454545454546, 1.7964071856287425, 33.6322869955157, 11.904761904761903, 1.7857142857142856, 10.0, 4.166666666666666, 11.594202898550725, 11.475409836065573, 7.6923076923076925, 23.62204724409449, 3.7037037037037033, 5.454545454545454, 11.11111111111111, 8.823529411764707, 24.358974358974358, 9.375, 14.545454545454545, 16.3265306122449, 1.2658227848101267, 31.914893617021278, 19.51219512195122]
RMSE: 17.162795182065725 [9, 4, 2704, 100, 900, 16, 49, 1849, 9, 16, 9, 25, 784, 1681, 25, 81, 25, 676, 36, 9, 576, 64, 100, 100, 289, 4, 9, 1, 324, 9, 1024, 2401, 36, 4, 121, 25, 361, 121, 1, 4, 64, 441, 9, 400, 1, 676, 289, 49, 900, 81, 225, 841, 784, 144, 289, 81, 49, 16, 49, 49, 36, 25, 36, 1, 1681, 576, 9, 36, 16, 144, 4, 225, 81, 1, 25, 1, 841, 1089, 25, 81, 16, 1681, 4, 196, 144, 144, 0, 16, 9, 16, 484, 961, 1, 25, 49, 64, 225, 1, 484, 36, 4, 64, 4, 4, 49, 144, 49, 1, 4, 9, 5625, 100, 1, 25, 49, 64, 49, 4, 900, 4, 36, 81, 144, 361, 81, 64, 64, 1, 225, 576]

pred: 9632 [80, 42, 150, 33, 72, 25, 68, 220, 40, 42, 13, 43, 97, 90, 63, 67, 26, 214, 63, 27, 179, 106, 124, 90, 97, 55, 45, 47, 29, 61, 88, 50, 52, 52, 50, 21, 29, 63, 47, 28, 65, 92, 32, 99, 82, 70, 1, 36, 66, 38, 76, 144, 140, 200, 109, 67, 64, 28, 28, 34, 59, 21, 31, 38, 144, 100, 52, 274, 73, 81, 37, 31, 67, 85, 33, 20, 93, 88, 44, 40, 99, 77, 30, 153, 126, 60, 36, 42, 105, 26, 71, 237, 50, 51, 16, 87, 50, 57, 126, 40, 105, 89, 39, 56, 57, 81, 227, 25, 42, 170, 148, 74, 55, 45, 161, 61, 54, 24, 97, 56, 116, 72, 124, 59, 87, 47, 41, 80, 32, 99]
real: 11073 [83, 40, 202, 43, 102, 29, 75, 263, 43, 46, 16, 48, 125, 131, 68, 76, 31, 240, 57, 30, 203, 98, 134, 100, 114, 57, 48, 48, 47, 58, 120, 99, 58, 54, 61, 26, 48, 74, 48, 30, 73, 113, 29, 119, 81, 96, 18, 43, 96, 47, 91, 173, 168, 212, 126, 76, 71, 32, 35, 41, 65, 26, 37, 39, 185, 124, 49, 280, 77, 93, 39, 46, 76, 84, 38, 19, 122, 121, 49, 49, 95, 118, 32, 167, 138, 72, 36, 46, 102, 30, 93, 268, 51, 56, 23, 95, 65, 58, 148, 46, 107, 97, 41, 58, 64, 93, 234, 26, 44, 167, 223, 84, 56, 50, 168, 69, 61, 26, 127, 54, 110, 81, 136, 78, 96, 55, 49, 79, 47, 123]

grid_scale: 0.4
resize_scale: 0.5
confiance: 0.9

random_seed: 1011
data_augmentation: False
samples: 130
