MAE: 7.492307692307692 [2, 3, 4, 10, 5, 7, 0, 22, 4, 16, 12, 1, 1, 13, 3, 2, 7, 15, 8, 10, 6, 7, 12, 2, 7, 1, 1, 4, 3, 6, 4, 9, 7, 1, 26, 3, 4, 2, 1, 3, 6, 9, 19, 2, 2, 0, 12, 2, 11, 0, 1, 10, 0, 4, 7, 3, 19, 2, 4, 3, 25, 1, 7, 19, 3, 3, 10, 27, 18, 9, 9, 27, 6, 2, 6, 2, 6, 1, 8, 11, 2, 2, 17, 19, 15, 2, 17, 11, 17, 6, 1, 1, 1, 2, 18, 2, 2, 28, 1, 3, 7, 4, 3, 23, 30, 4, 6, 4, 15, 1, 5, 43, 4, 2, 8, 4, 4, 12, 3, 9, 4, 7, 3, 4, 5, 3, 6, 6, 4, 4]
MAPE: 9.750090251555845 [4.3478260869565215, 1.25, 4.301075268817205, 7.352941176470589, 6.8493150684931505, 18.421052631578945, 0.0, 21.568627450980394, 7.4074074074074066, 19.047619047619047, 8.955223880597014, 3.4482758620689653, 3.3333333333333335, 24.074074074074073, 5.357142857142857, 7.6923076923076925, 2.6119402985074625, 18.9873417721519, 4.624277456647398, 17.24137931034483, 6.25, 8.641975308641975, 9.523809523809524, 4.081632653061225, 7.368421052631578, 3.8461538461538463, 0.8130081300813009, 9.30232558139535, 1.7857142857142856, 2.9702970297029703, 3.508771929824561, 9.375, 7.526881720430108, 1.639344262295082, 11.11111111111111, 4.6875, 5.88235294117647, 6.666666666666667, 1.7241379310344827, 6.382978723404255, 15.0, 7.086614173228346, 23.456790123456788, 4.081632653061225, 6.25, 0.0, 26.08695652173913, 3.4482758620689653, 13.253012048192772, 0.0, 2.272727272727273, 9.803921568627452, 0.0, 17.391304347826086, 14.285714285714285, 15.789473684210526, 19.387755102040817, 2.631578947368421, 7.2727272727272725, 3.0927835051546393, 8.928571428571429, 2.0, 4.72972972972973, 20.0, 2.4193548387096775, 9.67741935483871, 13.333333333333334, 12.735849056603774, 15.0, 18.75, 4.433497536945813, 24.545454545454547, 7.792207792207792, 6.666666666666667, 15.384615384615385, 7.6923076923076925, 15.384615384615385, 0.5988023952095809, 13.793103448275861, 23.404255319148938, 4.878048780487805, 6.25, 14.049586776859504, 14.50381679389313, 5.7034220532319395, 2.7027027027027026, 12.318840579710146, 11.458333333333332, 94.44444444444444, 9.230769230769232, 2.3255813953488373, 2.1739130434782608, 1.3888888888888888, 2.380952380952381, 16.822429906542055, 3.278688524590164, 12.5, 28.28282828282828, 1.282051282051282, 2.6548672566371683, 12.5, 4.0, 10.344827586206897, 13.690476190476192, 17.964071856287426, 11.11111111111111, 23.076923076923077, 8.51063829787234, 12.711864406779661, 1.098901098901099, 7.6923076923076925, 19.282511210762333, 5.263157894736842, 1.6, 4.324324324324325, 8.333333333333332, 3.361344537815126, 21.052631578947366, 8.108108108108109, 18.367346938775512, 9.30232558139535, 7.526881720430108, 8.571428571428571, 8.333333333333332, 10.416666666666668, 6.25, 10.526315789473683, 14.634146341463413, 5.263157894736842, 7.8431372549019605]
RMSE: 10.617836951962557 [4, 9, 16, 100, 25, 49, 0, 484, 16, 256, 144, 1, 1, 169, 9, 4, 49, 225, 64, 100, 36, 49, 144, 4, 49, 1, 1, 16, 9, 36, 16, 81, 49, 1, 676, 9, 16, 4, 1, 9, 36, 81, 361, 4, 4, 0, 144, 4, 121, 0, 1, 100, 0, 16, 49, 9, 361, 4, 16, 9, 625, 1, 49, 361, 9, 9, 100, 729, 324, 81, 81, 729, 36, 4, 36, 4, 36, 1, 64, 121, 4, 4, 289, 361, 225, 4, 289, 121, 289, 36, 1, 1, 1, 4, 324, 4, 4, 784, 1, 9, 49, 16, 9, 529, 900, 16, 36, 16, 225, 1, 25, 1849, 16, 4, 64, 16, 16, 144, 9, 81, 16, 49, 9, 16, 25, 9, 36, 36, 16, 16]

pred: 11375 [48, 243, 89, 146, 68, 45, 46, 124, 58, 100, 146, 30, 29, 67, 59, 28, 275, 94, 165, 68, 102, 88, 138, 51, 102, 25, 124, 39, 165, 196, 118, 87, 100, 62, 260, 61, 72, 32, 57, 44, 46, 118, 100, 51, 30, 69, 34, 60, 94, 122, 45, 92, 71, 19, 56, 22, 117, 78, 59, 100, 305, 49, 155, 114, 121, 28, 85, 239, 102, 57, 212, 137, 83, 32, 45, 28, 45, 168, 66, 36, 43, 30, 104, 112, 248, 72, 155, 85, 1, 59, 42, 45, 71, 86, 125, 59, 14, 71, 77, 110, 63, 104, 32, 191, 197, 40, 32, 43, 103, 92, 70, 180, 80, 123, 177, 52, 115, 69, 34, 58, 47, 100, 32, 52, 43, 51, 63, 47, 80, 55]
real: 11073 [46, 240, 93, 136, 73, 38, 46, 102, 54, 84, 134, 29, 30, 54, 56, 26, 268, 79, 173, 58, 96, 81, 126, 49, 95, 26, 123, 43, 168, 202, 114, 96, 93, 61, 234, 64, 68, 30, 58, 47, 40, 127, 81, 49, 32, 69, 46, 58, 83, 122, 44, 102, 71, 23, 49, 19, 98, 76, 55, 97, 280, 50, 148, 95, 124, 31, 75, 212, 120, 48, 203, 110, 77, 30, 39, 26, 39, 167, 58, 47, 41, 32, 121, 131, 263, 74, 138, 96, 18, 65, 43, 46, 72, 84, 107, 61, 16, 99, 78, 113, 56, 100, 29, 168, 167, 36, 26, 47, 118, 91, 65, 223, 76, 125, 185, 48, 119, 57, 37, 49, 43, 93, 35, 48, 48, 48, 57, 41, 76, 51]

grid_scale: 0.4
resize_scale: 0.5
confiance: 0.75

random_seed: 1011
data_augmentation: False
samples: 130
