MAE: 14.7 [10, 37, 16, 37, 3, 24, 4, 42, 16, 25, 39, 4, 1, 20, 10, 3, 36, 35, 17, 20, 30, 12, 33, 5, 31, 2, 16, 2, 19, 15, 20, 1, 27, 10, 55, 9, 10, 3, 5, 2, 11, 7, 37, 7, 1, 5, 2, 13, 16, 15, 3, 2, 5, 1, 12, 3, 33, 12, 16, 15, 61, 5, 22, 34, 18, 1, 26, 57, 3, 19, 35, 37, 12, 4, 11, 6, 9, 21, 19, 2, 10, 1, 6, 11, 8, 2, 38, 3, 16, 4, 3, 4, 4, 7, 38, 5, 1, 9, 8, 10, 12, 14, 7, 47, 58, 10, 14, 4, 5, 8, 12, 9, 15, 12, 17, 10, 15, 17, 2, 21, 5, 18, 0, 10, 3, 6, 11, 9, 15, 13]
MAPE: 17.922463772795226 [21.73913043478261, 15.416666666666668, 17.20430107526882, 27.205882352941174, 4.10958904109589, 63.1578947368421, 8.695652173913043, 41.17647058823529, 29.629629629629626, 29.761904761904763, 29.1044776119403, 13.793103448275861, 3.3333333333333335, 37.03703703703704, 17.857142857142858, 11.538461538461538, 13.432835820895523, 44.303797468354425, 9.826589595375722, 34.48275862068966, 31.25, 14.814814814814813, 26.190476190476193, 10.204081632653061, 32.631578947368425, 7.6923076923076925, 13.008130081300814, 4.651162790697675, 11.30952380952381, 7.425742574257425, 17.543859649122805, 1.0416666666666665, 29.03225806451613, 16.39344262295082, 23.504273504273502, 14.0625, 14.705882352941178, 10.0, 8.620689655172415, 4.25531914893617, 27.500000000000004, 5.511811023622047, 45.67901234567901, 14.285714285714285, 3.125, 7.246376811594203, 4.3478260869565215, 22.413793103448278, 19.27710843373494, 12.295081967213115, 6.8181818181818175, 1.9607843137254901, 7.042253521126761, 4.3478260869565215, 24.489795918367346, 15.789473684210526, 33.6734693877551, 15.789473684210526, 29.09090909090909, 15.463917525773196, 21.785714285714285, 10.0, 14.864864864864865, 35.78947368421053, 14.516129032258066, 3.225806451612903, 34.66666666666667, 26.88679245283019, 2.5, 39.58333333333333, 17.24137931034483, 33.63636363636363, 15.584415584415584, 13.333333333333334, 28.205128205128204, 23.076923076923077, 23.076923076923077, 12.574850299401197, 32.758620689655174, 4.25531914893617, 24.390243902439025, 3.125, 4.958677685950414, 8.396946564885496, 3.041825095057034, 2.7027027027027026, 27.536231884057973, 3.125, 88.88888888888889, 6.153846153846154, 6.976744186046512, 8.695652173913043, 5.555555555555555, 8.333333333333332, 35.51401869158878, 8.19672131147541, 6.25, 9.090909090909092, 10.256410256410255, 8.849557522123893, 21.428571428571427, 14.000000000000002, 24.137931034482758, 27.976190476190478, 34.73053892215569, 27.77777777777778, 53.84615384615385, 8.51063829787234, 4.23728813559322, 8.791208791208792, 18.461538461538463, 4.0358744394618835, 19.736842105263158, 9.6, 9.18918918918919, 20.833333333333336, 12.605042016806722, 29.82456140350877, 5.405405405405405, 42.857142857142854, 11.627906976744185, 19.35483870967742, 0.0, 20.833333333333336, 6.25, 12.5, 19.298245614035086, 21.951219512195124, 19.736842105263158, 25.49019607843137]
RMSE: 19.858925526747992 [100, 1369, 256, 1369, 9, 576, 16, 1764, 256, 625, 1521, 16, 1, 400, 100, 9, 1296, 1225, 289, 400, 900, 144, 1089, 25, 961, 4, 256, 4, 361, 225, 400, 1, 729, 100, 3025, 81, 100, 9, 25, 4, 121, 49, 1369, 49, 1, 25, 4, 169, 256, 225, 9, 4, 25, 1, 144, 9, 1089, 144, 256, 225, 3721, 25, 484, 1156, 324, 1, 676, 3249, 9, 361, 1225, 1369, 144, 16, 121, 36, 81, 441, 361, 4, 100, 1, 36, 121, 64, 4, 1444, 9, 256, 16, 9, 16, 16, 49, 1444, 25, 1, 81, 64, 100, 144, 196, 49, 2209, 3364, 100, 196, 16, 25, 64, 144, 81, 225, 144, 289, 100, 225, 289, 4, 441, 25, 324, 0, 100, 9, 36, 121, 81, 225, 169]

pred: 12884 [56, 277, 109, 173, 76, 62, 50, 144, 70, 109, 173, 33, 29, 74, 66, 29, 304, 114, 190, 78, 126, 93, 159, 54, 126, 28, 139, 41, 187, 217, 134, 95, 120, 71, 289, 73, 78, 33, 63, 49, 51, 134, 118, 56, 33, 74, 44, 71, 99, 137, 47, 104, 76, 22, 61, 22, 131, 88, 71, 112, 341, 55, 170, 129, 142, 30, 101, 269, 117, 67, 238, 147, 89, 34, 50, 32, 48, 188, 77, 45, 51, 33, 127, 142, 271, 76, 176, 99, 2, 69, 46, 50, 76, 91, 145, 66, 15, 90, 86, 123, 68, 114, 36, 215, 225, 46, 40, 51, 123, 99, 77, 214, 91, 137, 202, 58, 134, 74, 35, 70, 48, 111, 35, 58, 51, 54, 68, 50, 91, 64]
real: 11073 [46, 240, 93, 136, 73, 38, 46, 102, 54, 84, 134, 29, 30, 54, 56, 26, 268, 79, 173, 58, 96, 81, 126, 49, 95, 26, 123, 43, 168, 202, 114, 96, 93, 61, 234, 64, 68, 30, 58, 47, 40, 127, 81, 49, 32, 69, 46, 58, 83, 122, 44, 102, 71, 23, 49, 19, 98, 76, 55, 97, 280, 50, 148, 95, 124, 31, 75, 212, 120, 48, 203, 110, 77, 30, 39, 26, 39, 167, 58, 47, 41, 32, 121, 131, 263, 74, 138, 96, 18, 65, 43, 46, 72, 84, 107, 61, 16, 99, 78, 113, 56, 100, 29, 168, 167, 36, 26, 47, 118, 91, 65, 223, 76, 125, 185, 48, 119, 57, 37, 49, 43, 93, 35, 48, 48, 48, 57, 41, 76, 51]

grid_scale: 0.4
resize_scale: 0.5
confiance: 0.55

random_seed: 1011
data_augmentation: False
samples: 130
