MAE: 13.646153846153846 [9, 51, 34, 26, 4, 14, 4, 7, 4, 0, 24, 6, 1, 4, 4, 6, 54, 4, 23, 1, 10, 12, 19, 0, 9, 2, 17, 4, 29, 81, 24, 13, 5, 2, 39, 2, 8, 0, 11, 4, 2, 10, 19, 15, 4, 4, 13, 2, 13, 12, 8, 27, 16, 5, 7, 1, 13, 4, 6, 10, 34, 4, 21, 4, 11, 2, 4, 33, 16, 3, 33, 6, 1, 1, 0, 4, 0, 20, 3, 33, 7, 5, 13, 22, 82, 9, 3, 29, 17, 9, 5, 4, 12, 17, 2, 1, 1, 59, 24, 29, 8, 16, 1, 1, 6, 2, 4, 17, 30, 25, 3, 109, 11, 2, 49, 10, 52, 6, 2, 9, 3, 9, 6, 10, 18, 0, 9, 0, 11, 0]
MAPE: 14.833794748735741 [19.565217391304348, 21.25, 36.55913978494624, 19.11764705882353, 5.47945205479452, 36.84210526315789, 8.695652173913043, 6.862745098039216, 7.4074074074074066, 0.0, 17.91044776119403, 20.689655172413794, 3.3333333333333335, 7.4074074074074066, 7.142857142857142, 23.076923076923077, 20.149253731343283, 5.063291139240507, 13.294797687861271, 1.7241379310344827, 10.416666666666668, 14.814814814814813, 15.079365079365079, 0.0, 9.473684210526317, 7.6923076923076925, 13.821138211382115, 9.30232558139535, 17.261904761904763, 40.099009900990104, 21.052631578947366, 13.541666666666666, 5.376344086021505, 3.278688524590164, 16.666666666666664, 3.125, 11.76470588235294, 0.0, 18.96551724137931, 8.51063829787234, 5.0, 7.874015748031496, 23.456790123456788, 30.612244897959183, 12.5, 5.797101449275362, 28.26086956521739, 3.4482758620689653, 15.66265060240964, 9.836065573770492, 18.181818181818183, 26.47058823529412, 22.535211267605636, 21.73913043478261, 14.285714285714285, 5.263157894736842, 13.26530612244898, 5.263157894736842, 10.909090909090908, 10.309278350515463, 12.142857142857142, 8.0, 14.18918918918919, 4.2105263157894735, 8.870967741935484, 6.451612903225806, 5.333333333333334, 15.566037735849056, 13.333333333333334, 6.25, 16.25615763546798, 5.454545454545454, 1.2987012987012987, 3.3333333333333335, 0.0, 15.384615384615385, 0.0, 11.976047904191617, 5.172413793103448, 70.2127659574468, 17.073170731707318, 15.625, 10.743801652892563, 16.793893129770993, 31.1787072243346, 12.162162162162163, 2.1739130434782608, 30.208333333333332, 94.44444444444444, 13.846153846153847, 11.627906976744185, 8.695652173913043, 16.666666666666664, 20.238095238095237, 1.8691588785046727, 1.639344262295082, 6.25, 59.59595959595959, 30.76923076923077, 25.663716814159294, 14.285714285714285, 16.0, 3.4482758620689653, 0.5952380952380952, 3.592814371257485, 5.555555555555555, 15.384615384615385, 36.17021276595745, 25.423728813559322, 27.472527472527474, 4.615384615384616, 48.87892376681614, 14.473684210526317, 1.6, 26.486486486486488, 20.833333333333336, 43.69747899159664, 10.526315789473683, 5.405405405405405, 18.367346938775512, 6.976744186046512, 9.67741935483871, 17.142857142857142, 20.833333333333336, 37.5, 0.0, 15.789473684210526, 0.0, 14.473684210526317, 0.0]
RMSE: 21.95800187070413 [81, 2601, 1156, 676, 16, 196, 16, 49, 16, 0, 576, 36, 1, 16, 16, 36, 2916, 16, 529, 1, 100, 144, 361, 0, 81, 4, 289, 16, 841, 6561, 576, 169, 25, 4, 1521, 4, 64, 0, 121, 16, 4, 100, 361, 225, 16, 16, 169, 4, 169, 144, 64, 729, 256, 25, 49, 1, 169, 16, 36, 100, 1156, 16, 441, 16, 121, 4, 16, 1089, 256, 9, 1089, 36, 1, 1, 0, 16, 0, 400, 9, 1089, 49, 25, 169, 484, 6724, 81, 9, 841, 289, 81, 25, 16, 144, 289, 4, 1, 1, 3481, 576, 841, 64, 256, 1, 1, 36, 4, 16, 289, 900, 625, 9, 11881, 121, 4, 2401, 100, 2704, 36, 4, 81, 9, 81, 36, 100, 324, 0, 81, 0, 121, 0]

pred: 9667 [37, 189, 59, 110, 69, 24, 42, 109, 58, 84, 110, 23, 31, 58, 60, 20, 214, 83, 150, 57, 86, 69, 107, 49, 86, 24, 106, 39, 139, 121, 90, 83, 98, 63, 195, 62, 76, 30, 47, 43, 38, 117, 100, 34, 28, 65, 33, 60, 96, 110, 36, 75, 55, 18, 42, 20, 111, 80, 49, 87, 246, 46, 127, 99, 113, 33, 71, 179, 104, 51, 170, 104, 78, 29, 39, 22, 39, 147, 61, 14, 34, 27, 108, 153, 181, 65, 141, 67, 1, 56, 48, 50, 60, 67, 109, 62, 15, 40, 54, 84, 48, 84, 28, 167, 173, 38, 22, 30, 88, 66, 62, 114, 65, 123, 136, 58, 67, 63, 35, 58, 40, 84, 29, 58, 30, 48, 48, 41, 65, 51]
real: 11073 [46, 240, 93, 136, 73, 38, 46, 102, 54, 84, 134, 29, 30, 54, 56, 26, 268, 79, 173, 58, 96, 81, 126, 49, 95, 26, 123, 43, 168, 202, 114, 96, 93, 61, 234, 64, 68, 30, 58, 47, 40, 127, 81, 49, 32, 69, 46, 58, 83, 122, 44, 102, 71, 23, 49, 19, 98, 76, 55, 97, 280, 50, 148, 95, 124, 31, 75, 212, 120, 48, 203, 110, 77, 30, 39, 26, 39, 167, 58, 47, 41, 32, 121, 131, 263, 74, 138, 96, 18, 65, 43, 46, 72, 84, 107, 61, 16, 99, 78, 113, 56, 100, 29, 168, 167, 36, 26, 47, 118, 91, 65, 223, 76, 125, 185, 48, 119, 57, 37, 49, 43, 93, 35, 48, 48, 48, 57, 41, 76, 51]

grid_scale: 0.5
resize_scale: 0.5
confiance: 0.8

random_seed: 1011
data_augmentation: False
samples: 130
