MAE: 14.807692307692308 [10, 56, 8, 9, 28, 1, 12, 6, 53, 13, 4, 1, 5, 5, 6, 44, 4, 4, 5, 11, 12, 3, 4, 9, 7, 4, 3, 29, 108, 37, 1, 8, 6, 4, 22, 6, 6, 21, 10, 7, 2, 6, 16, 16, 11, 22, 1, 2, 13, 8, 11, 4, 22, 3, 0, 2, 3, 2, 17, 90, 63, 9, 11, 13, 20, 6, 6, 13, 3, 8, 15, 109, 9, 15, 22, 21, 4, 14, 22, 5, 18, 9, 8, 2, 1, 6, 0, 0, 1, 0, 7, 1, 2, 9, 7, 2, 20, 15, 2, 20, 6, 25, 23, 1, 1, 9, 4, 3, 11, 120, 3, 4, 26, 15, 2, 17, 1, 13, 10, 126, 21, 10, 7, 3, 76, 7, 3, 3, 11, 3]
MAPE: 16.045849969510382 [8.849557522123893, 27.586206896551722, 10.126582278481013, 12.0, 11.666666666666666, 2.0, 16.43835616438356, 11.11111111111111, 40.458015267175576, 33.33333333333333, 8.695652173913043, 1.2987012987012987, 17.24137931034483, 11.627906976744185, 4.8, 29.72972972972973, 8.695652173913043, 4.166666666666666, 8.928571428571429, 61.111111111111114, 17.647058823529413, 7.6923076923076925, 4.166666666666666, 19.148936170212767, 7.6923076923076925, 7.017543859649122, 13.043478260869565, 17.261904761904763, 50.943396226415096, 18.316831683168317, 3.8461538461538463, 11.267605633802818, 18.75, 5.405405405405405, 15.942028985507244, 7.142857142857142, 5.607476635514018, 12.574850299401197, 38.46153846153847, 18.91891891891892, 3.4482758620689653, 12.5, 8.64864864864865, 12.903225806451612, 22.448979591836736, 40.0, 0.819672131147541, 1.7543859649122806, 13.978494623655912, 9.876543209876543, 11.827956989247312, 8.51063829787234, 16.417910447761194, 2.5, 0.0, 4.3478260869565215, 7.317073170731707, 4.651162790697675, 35.41666666666667, 71.42857142857143, 28.251121076233183, 15.517241379310345, 22.448979591836736, 11.016949152542372, 20.408163265306122, 9.230769230769232, 5.042016806722689, 15.66265060240964, 8.571428571428571, 10.526315789473683, 27.77777777777778, 40.67164179104478, 12.5, 25.862068965517242, 12.716763005780345, 131.25, 9.090909090909092, 14.736842105263156, 13.095238095238097, 7.246376811594203, 28.125, 23.684210526315788, 10.526315789473683, 3.278688524590164, 2.0408163265306123, 20.0, 0.0, 0.0, 1.282051282051282, 0.0, 14.285714285714285, 1.7857142857142856, 3.9215686274509802, 9.278350515463918, 8.333333333333332, 4.25531914893617, 34.48275862068966, 31.25, 3.278688524590164, 14.705882352941178, 16.666666666666664, 24.509803921568626, 13.77245508982036, 3.8461538461538463, 3.4482758620689653, 15.789473684210526, 8.695652173913043, 2.479338842975207, 25.581395348837212, 42.857142857142854, 3.0, 4.938271604938271, 63.41463414634146, 14.705882352941178, 10.526315789473683, 35.41666666666667, 0.8130081300813009, 13.978494623655912, 15.384615384615385, 53.84615384615385, 19.090909090909093, 10.416666666666668, 17.5, 9.67741935483871, 28.89733840304182, 26.923076923076923, 6.25, 2.3622047244094486, 11.578947368421053, 3.9473684210526314]
RMSE: 27.178753013790303 [100, 3136, 64, 81, 784, 1, 144, 36, 2809, 169, 16, 1, 25, 25, 36, 1936, 16, 16, 25, 121, 144, 9, 16, 81, 49, 16, 9, 841, 11664, 1369, 1, 64, 36, 16, 484, 36, 36, 441, 100, 49, 4, 36, 256, 256, 121, 484, 1, 4, 169, 64, 121, 16, 484, 9, 0, 4, 9, 4, 289, 8100, 3969, 81, 121, 169, 400, 36, 36, 169, 9, 64, 225, 11881, 81, 225, 484, 441, 16, 196, 484, 25, 324, 81, 64, 4, 1, 36, 0, 0, 1, 0, 49, 1, 4, 81, 49, 4, 400, 225, 4, 400, 36, 625, 529, 1, 1, 81, 16, 9, 121, 14400, 9, 16, 676, 225, 4, 289, 1, 169, 100, 15876, 441, 100, 49, 9, 5776, 49, 9, 9, 121, 9]

pred: 12822 [123, 259, 87, 84, 268, 51, 85, 60, 184, 52, 50, 78, 34, 38, 131, 192, 42, 100, 61, 7, 80, 36, 100, 56, 98, 61, 26, 197, 320, 239, 25, 79, 38, 78, 160, 90, 113, 188, 36, 44, 56, 54, 201, 140, 60, 77, 123, 116, 106, 89, 104, 51, 156, 123, 32, 48, 44, 45, 65, 216, 286, 49, 60, 131, 118, 59, 125, 96, 32, 84, 69, 377, 81, 73, 195, 37, 48, 109, 190, 64, 82, 47, 84, 63, 50, 24, 30, 30, 77, 99, 56, 57, 53, 106, 91, 49, 78, 63, 63, 156, 42, 127, 190, 27, 28, 66, 50, 124, 54, 400, 103, 85, 67, 87, 21, 65, 124, 80, 75, 360, 131, 106, 47, 34, 339, 33, 51, 124, 106, 79]
real: 11073 [113, 203, 79, 75, 240, 50, 73, 54, 131, 39, 46, 77, 29, 43, 125, 148, 46, 96, 56, 18, 68, 39, 96, 47, 91, 57, 23, 168, 212, 202, 26, 71, 32, 74, 138, 84, 107, 167, 26, 37, 58, 48, 185, 124, 49, 55, 122, 114, 93, 81, 93, 47, 134, 120, 32, 46, 41, 43, 48, 126, 223, 58, 49, 118, 98, 65, 119, 83, 35, 76, 54, 268, 72, 58, 173, 16, 44, 95, 168, 69, 64, 38, 76, 61, 49, 30, 30, 30, 78, 99, 49, 56, 51, 97, 84, 47, 58, 48, 61, 136, 36, 102, 167, 26, 29, 57, 46, 121, 43, 280, 100, 81, 41, 102, 19, 48, 123, 93, 65, 234, 110, 96, 40, 31, 263, 26, 48, 127, 95, 76]

grid_scale: 0.2
resize_scale: 0.5
confiance: 0.6

random_seed: 1011
data_augmentation: False
samples: 130
