MAE: 7.9 [3, 25, 11, 4, 2, 0, 2, 21, 0, 1, 6, 1, 7, 10, 7, 4, 81, 12, 3, 6, 5, 2, 21, 2, 4, 6, 8, 1, 5, 2, 0, 4, 4, 2, 71, 10, 5, 2, 3, 1, 3, 6, 18, 4, 2, 6, 6, 12, 2, 2, 1, 12, 4, 4, 3, 4, 9, 2, 9, 2, 60, 4, 29, 12, 13, 6, 2, 46, 2, 9, 30, 4, 0, 2, 0, 2, 2, 1, 1, 10, 10, 2, 1, 31, 34, 3, 7, 7, 18, 6, 2, 1, 1, 1, 0, 1, 2, 0, 2, 6, 2, 2, 4, 20, 11, 0, 2, 8, 11, 1, 2, 27, 6, 2, 13, 15, 4, 3, 0, 5, 0, 3, 1, 15, 9, 5, 3, 2, 6, 0]
MAPE: 9.194612029908823 [6.521739130434782, 10.416666666666668, 11.827956989247312, 2.941176470588235, 2.73972602739726, 0.0, 4.3478260869565215, 20.588235294117645, 0.0, 1.1904761904761905, 4.477611940298507, 3.4482758620689653, 23.333333333333332, 18.51851851851852, 12.5, 15.384615384615385, 30.223880597014922, 15.18987341772152, 1.7341040462427744, 10.344827586206897, 5.208333333333334, 2.4691358024691357, 16.666666666666664, 4.081632653061225, 4.2105263157894735, 23.076923076923077, 6.504065040650407, 2.3255813953488373, 2.976190476190476, 0.9900990099009901, 0.0, 4.166666666666666, 4.301075268817205, 3.278688524590164, 30.34188034188034, 15.625, 7.352941176470589, 6.666666666666667, 5.172413793103448, 2.127659574468085, 7.5, 4.724409448818897, 22.22222222222222, 8.16326530612245, 6.25, 8.695652173913043, 13.043478260869565, 20.689655172413794, 2.4096385542168677, 1.639344262295082, 2.272727272727273, 11.76470588235294, 5.633802816901409, 17.391304347826086, 6.122448979591836, 21.052631578947366, 9.183673469387756, 2.631578947368421, 16.363636363636363, 2.0618556701030926, 21.428571428571427, 8.0, 19.594594594594593, 12.631578947368421, 10.483870967741936, 19.35483870967742, 2.666666666666667, 21.69811320754717, 1.6666666666666667, 18.75, 14.77832512315271, 3.6363636363636362, 0.0, 6.666666666666667, 0.0, 7.6923076923076925, 5.128205128205128, 0.5988023952095809, 1.7241379310344827, 21.27659574468085, 24.390243902439025, 6.25, 0.8264462809917356, 23.66412213740458, 12.927756653992395, 4.054054054054054, 5.072463768115942, 7.291666666666667, 100.0, 9.230769230769232, 4.651162790697675, 2.1739130434782608, 1.3888888888888888, 1.1904761904761905, 0.0, 1.639344262295082, 12.5, 0.0, 2.564102564102564, 5.3097345132743365, 3.571428571428571, 2.0, 13.793103448275861, 11.904761904761903, 6.58682634730539, 0.0, 7.6923076923076925, 17.02127659574468, 9.322033898305085, 1.098901098901099, 3.076923076923077, 12.10762331838565, 7.894736842105263, 1.6, 7.027027027027027, 31.25, 3.361344537815126, 5.263157894736842, 0.0, 10.204081632653061, 0.0, 3.225806451612903, 2.857142857142857, 31.25, 18.75, 10.416666666666668, 5.263157894736842, 4.878048780487805, 7.894736842105263, 0.0]
RMSE: 14.719688541855456 [9, 625, 121, 16, 4, 0, 4, 441, 0, 1, 36, 1, 49, 100, 49, 16, 6561, 144, 9, 36, 25, 4, 441, 4, 16, 36, 64, 1, 25, 4, 0, 16, 16, 4, 5041, 100, 25, 4, 9, 1, 9, 36, 324, 16, 4, 36, 36, 144, 4, 4, 1, 144, 16, 16, 9, 16, 81, 4, 81, 4, 3600, 16, 841, 144, 169, 36, 4, 2116, 4, 81, 900, 16, 0, 4, 0, 4, 4, 1, 1, 100, 100, 4, 1, 961, 1156, 9, 49, 49, 324, 36, 4, 1, 1, 1, 0, 1, 4, 0, 4, 36, 4, 4, 16, 400, 121, 0, 4, 64, 121, 1, 4, 729, 36, 4, 169, 225, 16, 9, 0, 25, 0, 9, 1, 225, 81, 25, 9, 4, 36, 0]

pred: 11742 [49, 265, 82, 140, 71, 38, 48, 123, 54, 83, 140, 28, 23, 64, 63, 30, 349, 91, 176, 64, 91, 83, 147, 47, 91, 32, 115, 42, 163, 200, 114, 100, 97, 59, 305, 74, 73, 28, 55, 46, 43, 121, 99, 53, 30, 75, 40, 70, 85, 124, 43, 90, 67, 27, 46, 23, 107, 78, 64, 99, 340, 54, 177, 107, 137, 25, 77, 258, 122, 57, 233, 114, 77, 28, 39, 28, 37, 168, 57, 37, 51, 34, 122, 162, 297, 77, 145, 103, 0, 59, 41, 45, 71, 83, 107, 62, 18, 99, 76, 119, 54, 98, 33, 188, 178, 36, 28, 39, 129, 90, 63, 250, 82, 123, 198, 63, 115, 60, 37, 54, 43, 90, 36, 63, 39, 53, 54, 43, 82, 51]
real: 11073 [46, 240, 93, 136, 73, 38, 46, 102, 54, 84, 134, 29, 30, 54, 56, 26, 268, 79, 173, 58, 96, 81, 126, 49, 95, 26, 123, 43, 168, 202, 114, 96, 93, 61, 234, 64, 68, 30, 58, 47, 40, 127, 81, 49, 32, 69, 46, 58, 83, 122, 44, 102, 71, 23, 49, 19, 98, 76, 55, 97, 280, 50, 148, 95, 124, 31, 75, 212, 120, 48, 203, 110, 77, 30, 39, 26, 39, 167, 58, 47, 41, 32, 121, 131, 263, 74, 138, 96, 18, 65, 43, 46, 72, 84, 107, 61, 16, 99, 78, 113, 56, 100, 29, 168, 167, 36, 26, 47, 118, 91, 65, 223, 76, 125, 185, 48, 119, 57, 37, 49, 43, 93, 35, 48, 48, 48, 57, 41, 76, 51]

grid_scale: 0.3
resize_scale: 0.5
confiance: 0.75

random_seed: 1011
data_augmentation: False
samples: 130
