MAE: 10.692307692307692 [3, 26, 21, 1, 5, 1, 1, 17, 13, 16, 1, 1, 4, 12, 12, 2, 25, 26, 4, 10, 20, 0, 0, 3, 21, 1, 3, 1, 11, 44, 2, 0, 27, 10, 8, 9, 20, 2, 2, 0, 1, 13, 30, 8, 1, 5, 6, 11, 29, 13, 3, 4, 6, 4, 1, 4, 27, 18, 5, 5, 6, 0, 1, 17, 10, 9, 1, 3, 11, 16, 8, 13, 9, 1, 3, 0, 7, 6, 9, 26, 0, 4, 8, 43, 48, 4, 29, 14, 17, 7, 11, 11, 7, 10, 19, 5, 0, 40, 9, 9, 1, 5, 2, 16, 24, 7, 1, 7, 6, 12, 6, 85, 1, 19, 17, 20, 32, 23, 0, 18, 1, 4, 1, 20, 8, 6, 2, 9, 1, 6]
MAPE: 13.469856599471724 [6.521739130434782, 10.833333333333334, 22.58064516129032, 0.7352941176470588, 6.8493150684931505, 2.631578947368421, 2.1739130434782608, 16.666666666666664, 24.074074074074073, 19.047619047619047, 0.7462686567164178, 3.4482758620689653, 13.333333333333334, 22.22222222222222, 21.428571428571427, 7.6923076923076925, 9.328358208955224, 32.91139240506329, 2.312138728323699, 17.24137931034483, 20.833333333333336, 0.0, 0.0, 6.122448979591836, 22.105263157894736, 3.8461538461538463, 2.4390243902439024, 2.3255813953488373, 6.547619047619048, 21.782178217821784, 1.7543859649122806, 0.0, 29.03225806451613, 16.39344262295082, 3.418803418803419, 14.0625, 29.411764705882355, 6.666666666666667, 3.4482758620689653, 0.0, 2.5, 10.236220472440944, 37.03703703703704, 16.3265306122449, 3.125, 7.246376811594203, 13.043478260869565, 18.96551724137931, 34.93975903614458, 10.655737704918032, 6.8181818181818175, 3.9215686274509802, 8.450704225352112, 17.391304347826086, 2.0408163265306123, 21.052631578947366, 27.55102040816326, 23.684210526315788, 9.090909090909092, 5.154639175257731, 2.142857142857143, 0.0, 0.6756756756756757, 17.894736842105264, 8.064516129032258, 29.03225806451613, 1.3333333333333335, 1.4150943396226416, 9.166666666666666, 33.33333333333333, 3.9408866995073892, 11.818181818181818, 11.688311688311687, 3.3333333333333335, 7.6923076923076925, 0.0, 17.94871794871795, 3.592814371257485, 15.517241379310345, 55.319148936170215, 0.0, 12.5, 6.6115702479338845, 32.82442748091603, 18.250950570342205, 5.405405405405405, 21.014492753623188, 14.583333333333334, 94.44444444444444, 10.76923076923077, 25.581395348837212, 23.91304347826087, 9.722222222222223, 11.904761904761903, 17.75700934579439, 8.19672131147541, 0.0, 40.4040404040404, 11.538461538461538, 7.964601769911504, 1.7857142857142856, 5.0, 6.896551724137931, 9.523809523809524, 14.37125748502994, 19.444444444444446, 3.8461538461538463, 14.893617021276595, 5.084745762711865, 13.186813186813188, 9.230769230769232, 38.11659192825112, 1.3157894736842104, 15.2, 9.18918918918919, 41.66666666666667, 26.89075630252101, 40.35087719298245, 0.0, 36.734693877551024, 2.3255813953488373, 4.301075268817205, 2.857142857142857, 41.66666666666667, 16.666666666666664, 12.5, 3.508771929824561, 21.951219512195124, 1.3157894736842104, 11.76470588235294]
RMSE: 16.080566388800346 [9, 676, 441, 1, 25, 1, 1, 289, 169, 256, 1, 1, 16, 144, 144, 4, 625, 676, 16, 100, 400, 0, 0, 9, 441, 1, 9, 1, 121, 1936, 4, 0, 729, 100, 64, 81, 400, 4, 4, 0, 1, 169, 900, 64, 1, 25, 36, 121, 841, 169, 9, 16, 36, 16, 1, 16, 729, 324, 25, 25, 36, 0, 1, 289, 100, 81, 1, 9, 121, 256, 64, 169, 81, 1, 9, 0, 49, 36, 81, 676, 0, 16, 64, 1849, 2304, 16, 841, 196, 289, 49, 121, 121, 49, 100, 361, 25, 0, 1600, 81, 81, 1, 25, 4, 256, 576, 49, 1, 49, 36, 144, 36, 7225, 1, 361, 289, 400, 1024, 529, 0, 324, 1, 16, 1, 400, 64, 36, 4, 81, 1, 36]

pred: 11321 [43, 214, 72, 135, 78, 37, 45, 119, 67, 100, 135, 28, 34, 66, 68, 24, 243, 105, 169, 68, 116, 81, 126, 52, 116, 27, 126, 42, 157, 158, 112, 96, 120, 71, 226, 73, 88, 32, 56, 47, 39, 140, 111, 41, 31, 74, 40, 69, 112, 135, 41, 98, 65, 19, 50, 23, 125, 94, 60, 102, 274, 50, 147, 112, 134, 40, 76, 209, 131, 64, 195, 123, 86, 31, 42, 26, 46, 161, 67, 21, 41, 28, 129, 174, 215, 70, 167, 82, 1, 72, 54, 57, 65, 74, 126, 66, 16, 59, 69, 104, 55, 105, 31, 184, 191, 43, 27, 40, 112, 79, 71, 138, 75, 144, 168, 68, 87, 80, 37, 67, 44, 97, 34, 68, 40, 54, 55, 50, 75, 57]
real: 11073 [46, 240, 93, 136, 73, 38, 46, 102, 54, 84, 134, 29, 30, 54, 56, 26, 268, 79, 173, 58, 96, 81, 126, 49, 95, 26, 123, 43, 168, 202, 114, 96, 93, 61, 234, 64, 68, 30, 58, 47, 40, 127, 81, 49, 32, 69, 46, 58, 83, 122, 44, 102, 71, 23, 49, 19, 98, 76, 55, 97, 280, 50, 148, 95, 124, 31, 75, 212, 120, 48, 203, 110, 77, 30, 39, 26, 39, 167, 58, 47, 41, 32, 121, 131, 263, 74, 138, 96, 18, 65, 43, 46, 72, 84, 107, 61, 16, 99, 78, 113, 56, 100, 29, 168, 167, 36, 26, 47, 118, 91, 65, 223, 76, 125, 185, 48, 119, 57, 37, 49, 43, 93, 35, 48, 48, 48, 57, 41, 76, 51]

grid_scale: 0.5
resize_scale: 0.5
confiance: 0.6

random_seed: 1011
data_augmentation: False
samples: 130
