MAE: 10.546153846153846 [5, 22, 5, 27, 0, 17, 0, 34, 15, 21, 29, 4, 1, 15, 7, 3, 22, 23, 5, 16, 17, 12, 23, 3, 18, 2, 11, 2, 13, 2, 15, 4, 14, 6, 38, 8, 8, 2, 3, 1, 9, 0, 27, 4, 0, 1, 5, 5, 15, 6, 1, 4, 3, 4, 7, 3, 26, 7, 9, 10, 43, 4, 12, 27, 9, 1, 20, 44, 9, 16, 21, 32, 10, 3, 10, 4, 8, 15, 14, 9, 4, 1, 8, 4, 3, 1, 26, 8, 17, 2, 3, 1, 2, 4, 29, 5, 1, 17, 4, 7, 11, 11, 6, 35, 44, 7, 11, 0, 7, 3, 11, 22, 7, 5, 6, 6, 4, 14, 3, 20, 4, 14, 1, 6, 1, 4, 10, 6, 7, 8]
MAPE: 13.429861418638406 [10.869565217391305, 9.166666666666666, 5.376344086021505, 19.852941176470587, 0.0, 44.73684210526316, 0.0, 33.33333333333333, 27.77777777777778, 25.0, 21.641791044776117, 13.793103448275861, 3.3333333333333335, 27.77777777777778, 12.5, 11.538461538461538, 8.208955223880597, 29.11392405063291, 2.8901734104046244, 27.586206896551722, 17.708333333333336, 14.814814814814813, 18.253968253968253, 6.122448979591836, 18.947368421052634, 7.6923076923076925, 8.94308943089431, 4.651162790697675, 7.738095238095238, 0.9900990099009901, 13.157894736842104, 4.166666666666666, 15.053763440860216, 9.836065573770492, 16.23931623931624, 12.5, 11.76470588235294, 6.666666666666667, 5.172413793103448, 2.127659574468085, 22.5, 0.0, 33.33333333333333, 8.16326530612245, 0.0, 1.4492753623188406, 10.869565217391305, 8.620689655172415, 18.072289156626507, 4.918032786885246, 2.272727272727273, 3.9215686274509802, 4.225352112676056, 17.391304347826086, 14.285714285714285, 15.789473684210526, 26.53061224489796, 9.210526315789473, 16.363636363636363, 10.309278350515463, 15.357142857142858, 8.0, 8.108108108108109, 28.421052631578945, 7.258064516129033, 3.225806451612903, 26.666666666666668, 20.754716981132077, 7.5, 33.33333333333333, 10.344827586206897, 29.09090909090909, 12.987012987012985, 10.0, 25.64102564102564, 15.384615384615385, 20.51282051282051, 8.982035928143713, 24.137931034482758, 19.148936170212767, 9.75609756097561, 3.125, 6.6115702479338845, 3.0534351145038165, 1.1406844106463878, 1.3513513513513513, 18.84057971014493, 8.333333333333332, 94.44444444444444, 3.076923076923077, 6.976744186046512, 2.1739130434782608, 2.7777777777777777, 4.761904761904762, 27.102803738317753, 8.19672131147541, 6.25, 17.17171717171717, 5.128205128205128, 6.1946902654867255, 19.642857142857142, 11.0, 20.689655172413794, 20.833333333333336, 26.34730538922156, 19.444444444444446, 42.30769230769231, 0.0, 5.932203389830509, 3.296703296703297, 16.923076923076923, 9.865470852017937, 9.210526315789473, 4.0, 3.2432432432432434, 12.5, 3.361344537815126, 24.561403508771928, 8.108108108108109, 40.816326530612244, 9.30232558139535, 15.053763440860216, 2.857142857142857, 12.5, 2.083333333333333, 8.333333333333332, 17.543859649122805, 14.634146341463413, 9.210526315789473, 15.686274509803921]
RMSE: 14.492172953807753 [25, 484, 25, 729, 0, 289, 0, 1156, 225, 441, 841, 16, 1, 225, 49, 9, 484, 529, 25, 256, 289, 144, 529, 9, 324, 4, 121, 4, 169, 4, 225, 16, 196, 36, 1444, 64, 64, 4, 9, 1, 81, 0, 729, 16, 0, 1, 25, 25, 225, 36, 1, 16, 9, 16, 49, 9, 676, 49, 81, 100, 1849, 16, 144, 729, 81, 1, 400, 1936, 81, 256, 441, 1024, 100, 9, 100, 16, 64, 225, 196, 81, 16, 1, 64, 16, 9, 1, 676, 64, 289, 4, 9, 1, 4, 16, 841, 25, 1, 289, 16, 49, 121, 121, 36, 1225, 1936, 49, 121, 0, 49, 9, 121, 484, 49, 25, 36, 36, 16, 196, 9, 400, 16, 196, 1, 36, 1, 16, 100, 36, 49, 64]

pred: 12172 [51, 262, 98, 163, 73, 55, 46, 136, 69, 105, 163, 33, 29, 69, 63, 29, 290, 102, 178, 74, 113, 93, 149, 52, 113, 28, 134, 41, 181, 204, 129, 92, 107, 67, 272, 72, 76, 32, 61, 46, 49, 127, 108, 53, 32, 70, 41, 63, 98, 128, 45, 98, 74, 19, 56, 22, 124, 83, 64, 107, 323, 54, 160, 122, 133, 30, 95, 256, 111, 64, 224, 142, 87, 33, 49, 30, 47, 182, 72, 38, 45, 31, 113, 127, 260, 75, 164, 88, 1, 63, 46, 45, 74, 88, 136, 66, 15, 82, 82, 120, 67, 111, 35, 203, 211, 43, 37, 47, 111, 94, 76, 201, 83, 130, 191, 54, 123, 71, 34, 69, 47, 107, 34, 54, 47, 52, 67, 47, 83, 59]
real: 11073 [46, 240, 93, 136, 73, 38, 46, 102, 54, 84, 134, 29, 30, 54, 56, 26, 268, 79, 173, 58, 96, 81, 126, 49, 95, 26, 123, 43, 168, 202, 114, 96, 93, 61, 234, 64, 68, 30, 58, 47, 40, 127, 81, 49, 32, 69, 46, 58, 83, 122, 44, 102, 71, 23, 49, 19, 98, 76, 55, 97, 280, 50, 148, 95, 124, 31, 75, 212, 120, 48, 203, 110, 77, 30, 39, 26, 39, 167, 58, 47, 41, 32, 121, 131, 263, 74, 138, 96, 18, 65, 43, 46, 72, 84, 107, 61, 16, 99, 78, 113, 56, 100, 29, 168, 167, 36, 26, 47, 118, 91, 65, 223, 76, 125, 185, 48, 119, 57, 37, 49, 43, 93, 35, 48, 48, 48, 57, 41, 76, 51]

grid_scale: 0.4
resize_scale: 0.5
confiance: 0.65

random_seed: 1011
data_augmentation: False
samples: 130
