MAE: 9.523076923076923 [3, 31, 9, 9, 2, 2, 2, 25, 1, 2, 11, 1, 7, 12, 7, 5, 88, 17, 5, 8, 1, 5, 24, 0, 0, 6, 5, 0, 1, 6, 7, 5, 6, 0, 82, 13, 5, 2, 1, 1, 3, 2, 21, 5, 2, 6, 4, 14, 3, 8, 3, 7, 0, 5, 2, 4, 11, 4, 9, 8, 70, 6, 39, 13, 18, 4, 4, 56, 2, 10, 41, 6, 1, 1, 0, 3, 0, 9, 1, 9, 11, 3, 7, 37, 52, 3, 14, 8, 17, 3, 2, 0, 0, 1, 3, 4, 3, 2, 1, 8, 1, 1, 4, 24, 18, 1, 2, 7, 16, 1, 1, 37, 8, 2, 23, 17, 3, 7, 1, 6, 1, 3, 2, 17, 8, 5, 2, 2, 8, 0]
MAPE: 10.419482941316623 [6.521739130434782, 12.916666666666668, 9.67741935483871, 6.61764705882353, 2.73972602739726, 5.263157894736842, 4.3478260869565215, 24.509803921568626, 1.8518518518518516, 2.380952380952381, 8.208955223880597, 3.4482758620689653, 23.333333333333332, 22.22222222222222, 12.5, 19.230769230769234, 32.83582089552239, 21.518987341772153, 2.8901734104046244, 13.793103448275861, 1.0416666666666665, 6.172839506172839, 19.047619047619047, 0.0, 0.0, 23.076923076923077, 4.0650406504065035, 0.0, 0.5952380952380952, 2.9702970297029703, 6.140350877192982, 5.208333333333334, 6.451612903225806, 0.0, 35.04273504273504, 20.3125, 7.352941176470589, 6.666666666666667, 1.7241379310344827, 2.127659574468085, 7.5, 1.574803149606299, 25.925925925925924, 10.204081632653061, 6.25, 8.695652173913043, 8.695652173913043, 24.137931034482758, 3.614457831325301, 6.557377049180328, 6.8181818181818175, 6.862745098039216, 0.0, 21.73913043478261, 4.081632653061225, 21.052631578947366, 11.224489795918368, 5.263157894736842, 16.363636363636363, 8.24742268041237, 25.0, 12.0, 26.351351351351347, 13.684210526315791, 14.516129032258066, 12.903225806451612, 5.333333333333334, 26.41509433962264, 1.6666666666666667, 20.833333333333336, 20.19704433497537, 5.454545454545454, 1.2987012987012987, 3.3333333333333335, 0.0, 11.538461538461538, 0.0, 5.389221556886228, 1.7241379310344827, 19.148936170212767, 26.82926829268293, 9.375, 5.785123966942149, 28.24427480916031, 19.771863117870723, 4.054054054054054, 10.144927536231885, 8.333333333333332, 94.44444444444444, 4.615384615384616, 4.651162790697675, 0.0, 0.0, 1.1904761904761905, 2.803738317757009, 6.557377049180328, 18.75, 2.0202020202020203, 1.282051282051282, 7.079646017699115, 1.7857142857142856, 1.0, 13.793103448275861, 14.285714285714285, 10.778443113772456, 2.7777777777777777, 7.6923076923076925, 14.893617021276595, 13.559322033898304, 1.098901098901099, 1.5384615384615385, 16.591928251121075, 10.526315789473683, 1.6, 12.432432432432433, 35.41666666666667, 2.5210084033613445, 12.280701754385964, 2.7027027027027026, 12.244897959183673, 2.3255813953488373, 3.225806451612903, 5.714285714285714, 35.41666666666667, 16.666666666666664, 10.416666666666668, 3.508771929824561, 4.878048780487805, 10.526315789473683, 0.0]
RMSE: 17.605069200047513 [9, 961, 81, 81, 4, 4, 4, 625, 1, 4, 121, 1, 49, 144, 49, 25, 7744, 289, 25, 64, 1, 25, 576, 0, 0, 36, 25, 0, 1, 36, 49, 25, 36, 0, 6724, 169, 25, 4, 1, 1, 9, 4, 441, 25, 4, 36, 16, 196, 9, 64, 9, 49, 0, 25, 4, 16, 121, 16, 81, 64, 4900, 36, 1521, 169, 324, 16, 16, 3136, 4, 100, 1681, 36, 1, 1, 0, 9, 0, 81, 1, 81, 121, 9, 49, 1369, 2704, 9, 196, 64, 289, 9, 4, 0, 0, 1, 9, 16, 9, 4, 1, 64, 1, 1, 16, 576, 324, 1, 4, 49, 256, 1, 1, 1369, 64, 4, 529, 289, 9, 49, 1, 36, 1, 9, 4, 289, 64, 25, 4, 4, 64, 0]

pred: 12103 [49, 271, 84, 145, 75, 40, 48, 127, 55, 86, 145, 28, 23, 66, 63, 31, 356, 96, 178, 66, 95, 86, 150, 49, 95, 32, 118, 43, 167, 208, 121, 101, 99, 61, 316, 77, 73, 28, 57, 48, 43, 125, 102, 54, 30, 75, 42, 72, 86, 130, 47, 95, 71, 28, 47, 23, 109, 80, 64, 105, 350, 56, 187, 108, 142, 27, 79, 268, 122, 58, 244, 116, 78, 29, 39, 29, 39, 176, 59, 38, 52, 35, 128, 168, 315, 77, 152, 104, 1, 62, 41, 46, 72, 83, 110, 65, 19, 101, 79, 121, 55, 99, 33, 192, 185, 37, 28, 40, 134, 92, 64, 260, 84, 127, 208, 65, 122, 64, 38, 55, 44, 90, 37, 65, 40, 53, 55, 43, 84, 51]
real: 11073 [46, 240, 93, 136, 73, 38, 46, 102, 54, 84, 134, 29, 30, 54, 56, 26, 268, 79, 173, 58, 96, 81, 126, 49, 95, 26, 123, 43, 168, 202, 114, 96, 93, 61, 234, 64, 68, 30, 58, 47, 40, 127, 81, 49, 32, 69, 46, 58, 83, 122, 44, 102, 71, 23, 49, 19, 98, 76, 55, 97, 280, 50, 148, 95, 124, 31, 75, 212, 120, 48, 203, 110, 77, 30, 39, 26, 39, 167, 58, 47, 41, 32, 121, 131, 263, 74, 138, 96, 18, 65, 43, 46, 72, 84, 107, 61, 16, 99, 78, 113, 56, 100, 29, 168, 167, 36, 26, 47, 118, 91, 65, 223, 76, 125, 185, 48, 119, 57, 37, 49, 43, 93, 35, 48, 48, 48, 57, 41, 76, 51]

grid_scale: 0.3
resize_scale: 0.5
confiance: 0.7

random_seed: 1011
data_augmentation: False
samples: 130
