MAE: 8.638461538461538 [1, 4, 27, 2, 2, 3, 0, 12, 0, 1, 4, 7, 13, 7, 2, 3, 61, 1, 6, 4, 5, 2, 66, 3, 6, 3, 11, 8, 5, 3, 7, 2, 7, 8, 65, 7, 2, 6, 7, 4, 0, 12, 6, 0, 0, 16, 9, 7, 3, 8, 1, 21, 1, 0, 4, 0, 6, 5, 8, 1, 76, 5, 14, 4, 4, 2, 6, 64, 10, 8, 33, 11, 2, 3, 5, 5, 8, 4, 13, 3, 12, 1, 11, 28, 42, 3, 7, 4, 13, 20, 3, 4, 5, 2, 3, 3, 11, 6, 7, 0, 2, 11, 4, 0, 9, 3, 2, 3, 7, 3, 3, 31, 3, 4, 8, 11, 8, 1, 1, 5, 4, 3, 8, 11, 4, 3, 3, 1, 3, 4]
MAPE: 10.38864999572809 [2.1739130434782608, 1.6666666666666667, 29.03225806451613, 1.4705882352941175, 2.73972602739726, 7.894736842105263, 0.0, 11.76470588235294, 0.0, 1.1904761904761905, 2.9850746268656714, 24.137931034482758, 43.333333333333336, 12.962962962962962, 3.571428571428571, 11.538461538461538, 22.761194029850746, 1.2658227848101267, 3.4682080924855487, 6.896551724137931, 5.208333333333334, 2.4691358024691357, 52.38095238095239, 6.122448979591836, 6.315789473684211, 11.538461538461538, 8.94308943089431, 18.6046511627907, 2.976190476190476, 1.4851485148514851, 6.140350877192982, 2.083333333333333, 7.526881720430108, 13.114754098360656, 27.77777777777778, 10.9375, 2.941176470588235, 20.0, 12.068965517241379, 8.51063829787234, 0.0, 9.448818897637794, 7.4074074074074066, 0.0, 0.0, 23.18840579710145, 19.565217391304348, 12.068965517241379, 3.614457831325301, 6.557377049180328, 2.272727272727273, 20.588235294117645, 1.4084507042253522, 0.0, 8.16326530612245, 0.0, 6.122448979591836, 6.578947368421052, 14.545454545454545, 1.0309278350515463, 27.142857142857142, 10.0, 9.45945945945946, 4.2105263157894735, 3.225806451612903, 6.451612903225806, 8.0, 30.18867924528302, 8.333333333333332, 16.666666666666664, 16.25615763546798, 10.0, 2.5974025974025974, 10.0, 12.82051282051282, 19.230769230769234, 20.51282051282051, 2.3952095808383236, 22.413793103448278, 6.382978723404255, 29.268292682926827, 3.125, 9.090909090909092, 21.374045801526716, 15.96958174904943, 4.054054054054054, 5.072463768115942, 4.166666666666666, 72.22222222222221, 30.76923076923077, 6.976744186046512, 8.695652173913043, 6.944444444444445, 2.380952380952381, 2.803738317757009, 4.918032786885246, 68.75, 6.0606060606060606, 8.974358974358974, 0.0, 3.571428571428571, 11.0, 13.793103448275861, 0.0, 5.389221556886228, 8.333333333333332, 7.6923076923076925, 6.382978723404255, 5.932203389830509, 3.296703296703297, 4.615384615384616, 13.901345291479823, 3.9473684210526314, 3.2, 4.324324324324325, 22.916666666666664, 6.722689075630252, 1.7543859649122806, 2.7027027027027026, 10.204081632653061, 9.30232558139535, 3.225806451612903, 22.857142857142858, 22.916666666666664, 8.333333333333332, 6.25, 5.263157894736842, 2.4390243902439024, 3.9473684210526314, 7.8431372549019605]
RMSE: 15.894604793402745 [1, 16, 729, 4, 4, 9, 0, 144, 0, 1, 16, 49, 169, 49, 4, 9, 3721, 1, 36, 16, 25, 4, 4356, 9, 36, 9, 121, 64, 25, 9, 49, 4, 49, 64, 4225, 49, 4, 36, 49, 16, 0, 144, 36, 0, 0, 256, 81, 49, 9, 64, 1, 441, 1, 0, 16, 0, 36, 25, 64, 1, 5776, 25, 196, 16, 16, 4, 36, 4096, 100, 64, 1089, 121, 4, 9, 25, 25, 64, 16, 169, 9, 144, 1, 121, 784, 1764, 9, 49, 16, 169, 400, 9, 16, 25, 4, 9, 9, 121, 36, 49, 0, 4, 121, 16, 0, 81, 9, 4, 9, 49, 9, 9, 961, 9, 16, 64, 121, 64, 1, 1, 25, 16, 9, 64, 121, 16, 9, 9, 1, 9, 16]

pred: 11378 [47, 236, 66, 138, 75, 41, 46, 114, 54, 83, 138, 22, 17, 61, 54, 29, 329, 78, 179, 62, 101, 79, 192, 52, 101, 23, 112, 35, 173, 205, 107, 94, 100, 53, 299, 71, 66, 24, 51, 51, 40, 115, 75, 49, 32, 53, 37, 65, 86, 114, 43, 81, 70, 23, 45, 19, 104, 71, 63, 96, 356, 45, 162, 99, 120, 33, 69, 276, 110, 56, 236, 121, 75, 27, 34, 21, 47, 171, 45, 44, 53, 31, 110, 159, 305, 71, 145, 92, 5, 45, 40, 42, 77, 82, 104, 58, 27, 93, 71, 113, 54, 89, 33, 168, 176, 39, 28, 44, 111, 88, 62, 254, 73, 121, 177, 59, 111, 56, 38, 54, 47, 96, 27, 59, 44, 45, 54, 42, 73, 47]
real: 11073 [46, 240, 93, 136, 73, 38, 46, 102, 54, 84, 134, 29, 30, 54, 56, 26, 268, 79, 173, 58, 96, 81, 126, 49, 95, 26, 123, 43, 168, 202, 114, 96, 93, 61, 234, 64, 68, 30, 58, 47, 40, 127, 81, 49, 32, 69, 46, 58, 83, 122, 44, 102, 71, 23, 49, 19, 98, 76, 55, 97, 280, 50, 148, 95, 124, 31, 75, 212, 120, 48, 203, 110, 77, 30, 39, 26, 39, 167, 58, 47, 41, 32, 121, 131, 263, 74, 138, 96, 18, 65, 43, 46, 72, 84, 107, 61, 16, 99, 78, 113, 56, 100, 29, 168, 167, 36, 26, 47, 118, 91, 65, 223, 76, 125, 185, 48, 119, 57, 37, 49, 43, 93, 35, 48, 48, 48, 57, 41, 76, 51]

grid_scale: 0.2
resize_scale: 0.5
confiance: 0.8

random_seed: 1011
data_augmentation: False
samples: 130
