MAE: 10.507692307692308 [5, 32, 25, 4, 3, 2, 2, 14, 10, 13, 2, 2, 2, 12, 10, 2, 32, 20, 7, 8, 12, 1, 7, 2, 13, 1, 0, 1, 13, 49, 9, 4, 22, 7, 14, 6, 13, 2, 3, 0, 1, 9, 29, 8, 2, 4, 6, 8, 25, 7, 4, 9, 10, 4, 0, 4, 23, 13, 3, 3, 7, 1, 6, 16, 4, 9, 1, 10, 5, 12, 17, 6, 7, 1, 2, 0, 5, 10, 8, 27, 2, 4, 5, 40, 56, 7, 20, 17, 17, 6, 10, 10, 8, 13, 15, 2, 0, 44, 11, 14, 1, 1, 1, 13, 18, 6, 1, 7, 13, 15, 5, 88, 4, 13, 25, 17, 37, 21, 0, 15, 0, 2, 4, 17, 8, 4, 2, 8, 4, 3]
MAPE: 12.746517233178183 [10.869565217391305, 13.333333333333334, 26.881720430107524, 2.941176470588235, 4.10958904109589, 5.263157894736842, 4.3478260869565215, 13.725490196078432, 18.51851851851852, 15.476190476190476, 1.4925373134328357, 6.896551724137931, 6.666666666666667, 22.22222222222222, 17.857142857142858, 7.6923076923076925, 11.940298507462686, 25.31645569620253, 4.046242774566474, 13.793103448275861, 12.5, 1.2345679012345678, 5.555555555555555, 4.081632653061225, 13.684210526315791, 3.8461538461538463, 0.0, 2.3255813953488373, 7.738095238095238, 24.257425742574256, 7.894736842105263, 4.166666666666666, 23.655913978494624, 11.475409836065573, 5.982905982905983, 9.375, 19.11764705882353, 6.666666666666667, 5.172413793103448, 0.0, 2.5, 7.086614173228346, 35.80246913580247, 16.3265306122449, 6.25, 5.797101449275362, 13.043478260869565, 13.793103448275861, 30.120481927710845, 5.737704918032787, 9.090909090909092, 8.823529411764707, 14.084507042253522, 17.391304347826086, 0.0, 21.052631578947366, 23.46938775510204, 17.105263157894736, 5.454545454545454, 3.0927835051546393, 2.5, 2.0, 4.054054054054054, 16.842105263157894, 3.225806451612903, 29.03225806451613, 1.3333333333333335, 4.716981132075472, 4.166666666666666, 25.0, 8.374384236453201, 5.454545454545454, 9.090909090909092, 3.3333333333333335, 5.128205128205128, 0.0, 12.82051282051282, 5.9880239520958085, 13.793103448275861, 57.446808510638306, 4.878048780487805, 12.5, 4.132231404958678, 30.53435114503817, 21.292775665399237, 9.45945945945946, 14.492753623188406, 17.708333333333336, 94.44444444444444, 9.230769230769232, 23.25581395348837, 21.73913043478261, 11.11111111111111, 15.476190476190476, 14.018691588785046, 3.278688524590164, 0.0, 44.44444444444444, 14.102564102564102, 12.389380530973451, 1.7857142857142856, 1.0, 3.4482758620689653, 7.738095238095238, 10.778443113772456, 16.666666666666664, 3.8461538461538463, 14.893617021276595, 11.016949152542372, 16.483516483516482, 7.6923076923076925, 39.46188340807175, 5.263157894736842, 10.4, 13.513513513513514, 35.41666666666667, 31.092436974789916, 36.84210526315789, 0.0, 30.612244897959183, 0.0, 2.1505376344086025, 11.428571428571429, 35.41666666666667, 16.666666666666664, 8.333333333333332, 3.508771929824561, 19.51219512195122, 5.263157894736842, 5.88235294117647]
RMSE: 16.12546958171356 [25, 1024, 625, 16, 9, 4, 4, 196, 100, 169, 4, 4, 4, 144, 100, 4, 1024, 400, 49, 64, 144, 1, 49, 4, 169, 1, 0, 1, 169, 2401, 81, 16, 484, 49, 196, 36, 169, 4, 9, 0, 1, 81, 841, 64, 4, 16, 36, 64, 625, 49, 16, 81, 100, 16, 0, 16, 529, 169, 9, 9, 49, 1, 36, 256, 16, 81, 1, 100, 25, 144, 289, 36, 49, 1, 4, 0, 25, 100, 64, 729, 4, 16, 25, 1600, 3136, 49, 400, 289, 289, 36, 100, 100, 64, 169, 225, 4, 0, 1936, 121, 196, 1, 1, 1, 169, 324, 36, 1, 49, 169, 225, 25, 7744, 16, 169, 625, 289, 1369, 441, 0, 225, 0, 4, 16, 289, 64, 16, 4, 64, 16, 9]

pred: 10953 [41, 208, 68, 132, 76, 36, 44, 116, 64, 97, 132, 27, 32, 66, 66, 24, 236, 99, 166, 66, 108, 80, 119, 51, 108, 25, 123, 42, 155, 153, 105, 92, 115, 68, 220, 70, 81, 32, 55, 47, 39, 136, 110, 41, 30, 73, 40, 66, 108, 129, 40, 93, 61, 19, 49, 23, 121, 89, 58, 100, 273, 49, 142, 111, 128, 40, 76, 202, 125, 60, 186, 116, 84, 29, 41, 26, 44, 157, 66, 20, 39, 28, 126, 171, 207, 67, 158, 79, 1, 71, 53, 56, 64, 71, 122, 63, 16, 55, 67, 99, 55, 99, 30, 181, 185, 42, 25, 40, 105, 76, 70, 135, 72, 138, 160, 65, 82, 78, 37, 64, 43, 95, 31, 65, 40, 52, 55, 49, 72, 54]
real: 11073 [46, 240, 93, 136, 73, 38, 46, 102, 54, 84, 134, 29, 30, 54, 56, 26, 268, 79, 173, 58, 96, 81, 126, 49, 95, 26, 123, 43, 168, 202, 114, 96, 93, 61, 234, 64, 68, 30, 58, 47, 40, 127, 81, 49, 32, 69, 46, 58, 83, 122, 44, 102, 71, 23, 49, 19, 98, 76, 55, 97, 280, 50, 148, 95, 124, 31, 75, 212, 120, 48, 203, 110, 77, 30, 39, 26, 39, 167, 58, 47, 41, 32, 121, 131, 263, 74, 138, 96, 18, 65, 43, 46, 72, 84, 107, 61, 16, 99, 78, 113, 56, 100, 29, 168, 167, 36, 26, 47, 118, 91, 65, 223, 76, 125, 185, 48, 119, 57, 37, 49, 43, 93, 35, 48, 48, 48, 57, 41, 76, 51]

grid_scale: 0.5
resize_scale: 0.5
confiance: 0.65

random_seed: 1011
data_augmentation: False
samples: 130
