MAE: 18.384615384615383 [5, 65, 2, 27, 6, 10, 5, 44, 11, 15, 29, 1, 3, 17, 13, 7, 128, 26, 15, 11, 15, 15, 60, 4, 16, 13, 4, 5, 15, 34, 24, 9, 16, 5, 121, 19, 10, 4, 2, 6, 12, 18, 37, 10, 0, 18, 2, 26, 19, 20, 9, 9, 5, 7, 3, 5, 13, 7, 16, 17, 104, 9, 50, 23, 30, 1, 10, 83, 13, 14, 74, 23, 6, 2, 5, 5, 5, 24, 8, 3, 18, 4, 18, 65, 79, 6, 31, 13, 15, 10, 1, 2, 3, 2, 16, 11, 3, 9, 2, 22, 3, 13, 6, 48, 39, 9, 6, 1, 36, 14, 4, 65, 18, 11, 50, 21, 20, 19, 4, 16, 5, 8, 3, 21, 0, 10, 2, 6, 18, 2]
MAPE: 19.355555601862825 [10.869565217391305, 27.083333333333332, 2.1505376344086025, 19.852941176470587, 8.21917808219178, 26.31578947368421, 10.869565217391305, 43.13725490196079, 20.37037037037037, 17.857142857142858, 21.641791044776117, 3.4482758620689653, 10.0, 31.48148148148148, 23.214285714285715, 26.923076923076923, 47.76119402985074, 32.91139240506329, 8.670520231213873, 18.96551724137931, 15.625, 18.51851851851852, 47.61904761904761, 8.16326530612245, 16.842105263157894, 50.0, 3.2520325203252036, 11.627906976744185, 8.928571428571429, 16.831683168316832, 21.052631578947366, 9.375, 17.20430107526882, 8.19672131147541, 51.70940170940172, 29.6875, 14.705882352941178, 13.333333333333334, 3.4482758620689653, 12.76595744680851, 30.0, 14.173228346456693, 45.67901234567901, 20.408163265306122, 0.0, 26.08695652173913, 4.3478260869565215, 44.827586206896555, 22.89156626506024, 16.39344262295082, 20.454545454545457, 8.823529411764707, 7.042253521126761, 30.434782608695656, 6.122448979591836, 26.31578947368421, 13.26530612244898, 9.210526315789473, 29.09090909090909, 17.525773195876287, 37.142857142857146, 18.0, 33.78378378378378, 24.210526315789473, 24.193548387096776, 3.225806451612903, 13.333333333333334, 39.15094339622642, 10.833333333333334, 29.166666666666668, 36.45320197044335, 20.909090909090907, 7.792207792207792, 6.666666666666667, 12.82051282051282, 19.230769230769234, 12.82051282051282, 14.37125748502994, 13.793103448275861, 6.382978723404255, 43.90243902439025, 12.5, 14.87603305785124, 49.61832061068702, 30.038022813688215, 8.108108108108109, 22.463768115942027, 13.541666666666666, 83.33333333333334, 15.384615384615385, 2.3255813953488373, 4.3478260869565215, 4.166666666666666, 2.380952380952381, 14.953271028037381, 18.0327868852459, 18.75, 9.090909090909092, 2.564102564102564, 19.469026548672566, 5.357142857142857, 13.0, 20.689655172413794, 28.57142857142857, 23.353293413173652, 25.0, 23.076923076923077, 2.127659574468085, 30.508474576271187, 15.384615384615385, 6.153846153846154, 29.14798206278027, 23.684210526315788, 8.799999999999999, 27.027027027027028, 43.75, 16.80672268907563, 33.33333333333333, 10.81081081081081, 32.6530612244898, 11.627906976744185, 8.60215053763441, 8.571428571428571, 43.75, 0.0, 20.833333333333336, 3.508771929824561, 14.634146341463413, 23.684210526315788, 3.9215686274509802]
RMSE: 29.193518774918832 [25, 4225, 4, 729, 36, 100, 25, 1936, 121, 225, 841, 1, 9, 289, 169, 49, 16384, 676, 225, 121, 225, 225, 3600, 16, 256, 169, 16, 25, 225, 1156, 576, 81, 256, 25, 14641, 361, 100, 16, 4, 36, 144, 324, 1369, 100, 0, 324, 4, 676, 361, 400, 81, 81, 25, 49, 9, 25, 169, 49, 256, 289, 10816, 81, 2500, 529, 900, 1, 100, 6889, 169, 196, 5476, 529, 36, 4, 25, 25, 25, 576, 64, 9, 324, 16, 324, 4225, 6241, 36, 961, 169, 225, 100, 1, 4, 9, 4, 256, 121, 9, 81, 4, 484, 9, 169, 36, 2304, 1521, 81, 36, 1, 1296, 196, 16, 4225, 324, 121, 2500, 441, 400, 361, 16, 256, 25, 64, 9, 441, 0, 100, 4, 36, 324, 4]

pred: 13419 [51, 305, 95, 163, 79, 48, 51, 146, 65, 99, 163, 30, 27, 71, 69, 33, 396, 105, 188, 69, 111, 96, 186, 53, 111, 39, 127, 48, 183, 236, 138, 105, 109, 66, 355, 83, 78, 34, 60, 53, 52, 145, 118, 59, 32, 87, 48, 84, 102, 142, 53, 111, 76, 30, 52, 24, 111, 83, 71, 114, 384, 59, 198, 118, 154, 30, 85, 295, 133, 62, 277, 133, 83, 32, 44, 31, 44, 191, 66, 44, 59, 36, 139, 196, 342, 80, 169, 109, 3, 75, 44, 48, 75, 86, 123, 72, 19, 108, 80, 135, 59, 113, 35, 216, 206, 45, 32, 48, 154, 105, 69, 288, 94, 136, 235, 69, 139, 76, 41, 65, 48, 101, 38, 69, 48, 58, 59, 47, 94, 53]
real: 11073 [46, 240, 93, 136, 73, 38, 46, 102, 54, 84, 134, 29, 30, 54, 56, 26, 268, 79, 173, 58, 96, 81, 126, 49, 95, 26, 123, 43, 168, 202, 114, 96, 93, 61, 234, 64, 68, 30, 58, 47, 40, 127, 81, 49, 32, 69, 46, 58, 83, 122, 44, 102, 71, 23, 49, 19, 98, 76, 55, 97, 280, 50, 148, 95, 124, 31, 75, 212, 120, 48, 203, 110, 77, 30, 39, 26, 39, 167, 58, 47, 41, 32, 121, 131, 263, 74, 138, 96, 18, 65, 43, 46, 72, 84, 107, 61, 16, 99, 78, 113, 56, 100, 29, 168, 167, 36, 26, 47, 118, 91, 65, 223, 76, 125, 185, 48, 119, 57, 37, 49, 43, 93, 35, 48, 48, 48, 57, 41, 76, 51]

grid_scale: 0.3
resize_scale: 0.5
confiance: 0.5

random_seed: 1011
data_augmentation: False
samples: 130
