MAE: 13.576923076923077 [4, 48, 3, 17, 3, 5, 3, 36, 5, 9, 19, 0, 7, 15, 8, 6, 108, 22, 8, 10, 9, 10, 37, 3, 10, 12, 1, 3, 7, 16, 16, 6, 10, 3, 104, 17, 10, 3, 1, 3, 7, 8, 29, 7, 1, 14, 1, 21, 12, 15, 4, 1, 2, 7, 1, 4, 12, 6, 11, 13, 87, 6, 43, 19, 23, 3, 6, 71, 6, 12, 55, 15, 4, 1, 1, 3, 2, 16, 5, 7, 17, 4, 11, 50, 62, 5, 23, 11, 16, 4, 0, 1, 3, 1, 8, 8, 3, 6, 1, 16, 1, 4, 5, 38, 29, 5, 4, 1, 28, 8, 2, 54, 11, 7, 36, 19, 8, 14, 4, 10, 2, 4, 2, 19, 2, 7, 0, 2, 11, 0]
MAPE: 14.4368920050324 [8.695652173913043, 20.0, 3.225806451612903, 12.5, 4.10958904109589, 13.157894736842104, 6.521739130434782, 35.294117647058826, 9.25925925925926, 10.714285714285714, 14.17910447761194, 0.0, 23.333333333333332, 27.77777777777778, 14.285714285714285, 23.076923076923077, 40.298507462686565, 27.848101265822784, 4.624277456647398, 17.24137931034483, 9.375, 12.345679012345679, 29.365079365079367, 6.122448979591836, 10.526315789473683, 46.15384615384615, 0.8130081300813009, 6.976744186046512, 4.166666666666666, 7.920792079207921, 14.035087719298245, 6.25, 10.75268817204301, 4.918032786885246, 44.44444444444444, 26.5625, 14.705882352941178, 10.0, 1.7241379310344827, 6.382978723404255, 17.5, 6.299212598425196, 35.80246913580247, 14.285714285714285, 3.125, 20.28985507246377, 2.1739130434782608, 36.206896551724135, 14.457831325301203, 12.295081967213115, 9.090909090909092, 0.9803921568627451, 2.8169014084507045, 30.434782608695656, 2.0408163265306123, 21.052631578947366, 12.244897959183673, 7.894736842105263, 20.0, 13.402061855670103, 31.071428571428573, 12.0, 29.054054054054053, 20.0, 18.548387096774192, 9.67741935483871, 8.0, 33.490566037735846, 5.0, 25.0, 27.093596059113302, 13.636363636363635, 5.194805194805195, 3.3333333333333335, 2.564102564102564, 11.538461538461538, 5.128205128205128, 9.580838323353294, 8.620689655172415, 14.893617021276595, 41.46341463414634, 12.5, 9.090909090909092, 38.16793893129771, 23.574144486692013, 6.756756756756757, 16.666666666666664, 11.458333333333332, 88.88888888888889, 6.153846153846154, 0.0, 2.1739130434782608, 4.166666666666666, 1.1904761904761905, 7.476635514018691, 13.114754098360656, 18.75, 6.0606060606060606, 1.282051282051282, 14.15929203539823, 1.7857142857142856, 4.0, 17.24137931034483, 22.61904761904762, 17.365269461077844, 13.88888888888889, 15.384615384615385, 2.127659574468085, 23.728813559322035, 8.791208791208792, 3.076923076923077, 24.2152466367713, 14.473684210526317, 5.6000000000000005, 19.45945945945946, 39.58333333333333, 6.722689075630252, 24.561403508771928, 10.81081081081081, 20.408163265306122, 4.651162790697675, 4.301075268817205, 5.714285714285714, 39.58333333333333, 4.166666666666666, 14.583333333333334, 0.0, 4.878048780487805, 14.473684210526317, 0.0]
RMSE: 23.155494446824562 [16, 2304, 9, 289, 9, 25, 9, 1296, 25, 81, 361, 0, 49, 225, 64, 36, 11664, 484, 64, 100, 81, 100, 1369, 9, 100, 144, 1, 9, 49, 256, 256, 36, 100, 9, 10816, 289, 100, 9, 1, 9, 49, 64, 841, 49, 1, 196, 1, 441, 144, 225, 16, 1, 4, 49, 1, 16, 144, 36, 121, 169, 7569, 36, 1849, 361, 529, 9, 36, 5041, 36, 144, 3025, 225, 16, 1, 1, 9, 4, 256, 25, 49, 289, 16, 121, 2500, 3844, 25, 529, 121, 256, 16, 0, 1, 9, 1, 64, 64, 9, 36, 1, 256, 1, 16, 25, 1444, 841, 25, 16, 1, 784, 64, 4, 2916, 121, 49, 1296, 361, 64, 196, 16, 100, 4, 16, 4, 361, 4, 49, 0, 4, 121, 0]

pred: 12752 [50, 288, 90, 153, 76, 43, 49, 138, 59, 93, 153, 29, 23, 69, 64, 32, 376, 101, 181, 68, 105, 91, 163, 52, 105, 38, 122, 46, 175, 218, 130, 102, 103, 64, 338, 81, 78, 33, 59, 50, 47, 135, 110, 56, 31, 83, 45, 79, 95, 137, 48, 101, 73, 30, 50, 23, 110, 82, 66, 110, 367, 56, 191, 114, 147, 28, 81, 283, 126, 60, 258, 125, 81, 31, 40, 29, 41, 183, 63, 40, 58, 36, 132, 181, 325, 79, 161, 107, 2, 69, 43, 47, 75, 85, 115, 69, 19, 105, 79, 129, 57, 104, 34, 206, 196, 41, 30, 46, 146, 99, 67, 277, 87, 132, 221, 67, 127, 71, 41, 59, 45, 97, 37, 67, 46, 55, 57, 43, 87, 51]
real: 11073 [46, 240, 93, 136, 73, 38, 46, 102, 54, 84, 134, 29, 30, 54, 56, 26, 268, 79, 173, 58, 96, 81, 126, 49, 95, 26, 123, 43, 168, 202, 114, 96, 93, 61, 234, 64, 68, 30, 58, 47, 40, 127, 81, 49, 32, 69, 46, 58, 83, 122, 44, 102, 71, 23, 49, 19, 98, 76, 55, 97, 280, 50, 148, 95, 124, 31, 75, 212, 120, 48, 203, 110, 77, 30, 39, 26, 39, 167, 58, 47, 41, 32, 121, 131, 263, 74, 138, 96, 18, 65, 43, 46, 72, 84, 107, 61, 16, 99, 78, 113, 56, 100, 29, 168, 167, 36, 26, 47, 118, 91, 65, 223, 76, 125, 185, 48, 119, 57, 37, 49, 43, 93, 35, 48, 48, 48, 57, 41, 76, 51]

grid_scale: 0.3
resize_scale: 0.5
confiance: 0.6

random_seed: 1011
data_augmentation: False
samples: 130
