MAE: 9.661538461538461 [1, 5, 26, 5, 5, 5, 0, 20, 2, 0, 7, 7, 10, 7, 2, 3, 73, 2, 14, 8, 7, 2, 73, 5, 8, 3, 3, 8, 12, 12, 5, 1, 10, 3, 86, 9, 3, 4, 5, 5, 2, 7, 2, 0, 3, 13, 7, 11, 6, 7, 0, 20, 0, 0, 2, 1, 11, 3, 10, 1, 91, 2, 19, 8, 3, 3, 4, 76, 4, 12, 41, 14, 1, 2, 5, 4, 9, 15, 11, 2, 17, 1, 8, 37, 53, 1, 12, 1, 12, 13, 1, 3, 6, 1, 0, 2, 12, 5, 6, 4, 1, 7, 4, 7, 9, 4, 3, 1, 2, 1, 1, 42, 5, 2, 2, 13, 4, 0, 4, 7, 7, 5, 6, 13, 2, 0, 2, 1, 5, 3]
MAPE: 10.935299518163342 [2.1739130434782608, 2.083333333333333, 27.956989247311824, 3.6764705882352944, 6.8493150684931505, 13.157894736842104, 0.0, 19.607843137254903, 3.7037037037037033, 0.0, 5.223880597014925, 24.137931034482758, 33.33333333333333, 12.962962962962962, 3.571428571428571, 11.538461538461538, 27.238805970149254, 2.5316455696202533, 8.092485549132949, 13.793103448275861, 7.291666666666667, 2.4691358024691357, 57.936507936507944, 10.204081632653061, 8.421052631578947, 11.538461538461538, 2.4390243902439024, 18.6046511627907, 7.142857142857142, 5.9405940594059405, 4.385964912280701, 1.0416666666666665, 10.75268817204301, 4.918032786885246, 36.75213675213676, 14.0625, 4.411764705882353, 13.333333333333334, 8.620689655172415, 10.638297872340425, 5.0, 5.511811023622047, 2.4691358024691357, 0.0, 9.375, 18.84057971014493, 15.217391304347828, 18.96551724137931, 7.228915662650602, 5.737704918032787, 0.0, 19.607843137254903, 0.0, 0.0, 4.081632653061225, 5.263157894736842, 11.224489795918368, 3.9473684210526314, 18.181818181818183, 1.0309278350515463, 32.5, 4.0, 12.837837837837837, 8.421052631578947, 2.4193548387096775, 9.67741935483871, 5.333333333333334, 35.84905660377358, 3.3333333333333335, 25.0, 20.19704433497537, 12.727272727272727, 1.2987012987012987, 6.666666666666667, 12.82051282051282, 15.384615384615385, 23.076923076923077, 8.982035928143713, 18.96551724137931, 4.25531914893617, 41.46341463414634, 3.125, 6.6115702479338845, 28.24427480916031, 20.15209125475285, 1.3513513513513513, 8.695652173913043, 1.0416666666666665, 66.66666666666666, 20.0, 2.3255813953488373, 6.521739130434782, 8.333333333333332, 1.1904761904761905, 0.0, 3.278688524590164, 75.0, 5.05050505050505, 7.6923076923076925, 3.5398230088495577, 1.7857142857142856, 7.000000000000001, 13.793103448275861, 4.166666666666666, 5.389221556886228, 11.11111111111111, 11.538461538461538, 2.127659574468085, 1.694915254237288, 1.098901098901099, 1.5384615384615385, 18.83408071748879, 6.578947368421052, 1.6, 1.0810810810810811, 27.083333333333332, 3.361344537815126, 0.0, 10.81081081081081, 14.285714285714285, 16.27906976744186, 5.376344086021505, 17.142857142857142, 27.083333333333332, 4.166666666666666, 0.0, 3.508771929824561, 2.4390243902439024, 6.578947368421052, 5.88235294117647]
RMSE: 18.92942357609119 [1, 25, 676, 25, 25, 25, 0, 400, 4, 0, 49, 49, 100, 49, 4, 9, 5329, 4, 196, 64, 49, 4, 5329, 25, 64, 9, 9, 64, 144, 144, 25, 1, 100, 9, 7396, 81, 9, 16, 25, 25, 4, 49, 4, 0, 9, 169, 49, 121, 36, 49, 0, 400, 0, 0, 4, 1, 121, 9, 100, 1, 8281, 4, 361, 64, 9, 9, 16, 5776, 16, 144, 1681, 196, 1, 4, 25, 16, 81, 225, 121, 4, 289, 1, 64, 1369, 2809, 1, 144, 1, 144, 169, 1, 9, 36, 1, 0, 4, 144, 25, 36, 16, 1, 49, 16, 49, 81, 16, 9, 1, 4, 1, 1, 1764, 25, 4, 4, 169, 16, 0, 16, 49, 49, 25, 36, 169, 4, 0, 4, 1, 25, 9]

pred: 11807 [47, 245, 67, 141, 78, 43, 46, 122, 56, 84, 141, 22, 20, 61, 54, 29, 341, 81, 187, 66, 103, 83, 199, 54, 103, 23, 120, 35, 180, 214, 109, 97, 103, 58, 320, 73, 71, 26, 53, 52, 42, 120, 79, 49, 35, 56, 39, 69, 89, 115, 44, 82, 71, 23, 47, 20, 109, 73, 65, 98, 371, 48, 167, 103, 121, 34, 71, 288, 116, 60, 244, 124, 76, 28, 34, 22, 48, 182, 47, 45, 58, 31, 113, 168, 316, 73, 150, 95, 6, 52, 42, 43, 78, 83, 107, 59, 28, 94, 72, 117, 55, 93, 33, 175, 176, 40, 29, 46, 116, 92, 66, 265, 81, 123, 183, 61, 115, 57, 41, 56, 50, 98, 29, 61, 46, 48, 55, 42, 81, 48]
real: 11073 [46, 240, 93, 136, 73, 38, 46, 102, 54, 84, 134, 29, 30, 54, 56, 26, 268, 79, 173, 58, 96, 81, 126, 49, 95, 26, 123, 43, 168, 202, 114, 96, 93, 61, 234, 64, 68, 30, 58, 47, 40, 127, 81, 49, 32, 69, 46, 58, 83, 122, 44, 102, 71, 23, 49, 19, 98, 76, 55, 97, 280, 50, 148, 95, 124, 31, 75, 212, 120, 48, 203, 110, 77, 30, 39, 26, 39, 167, 58, 47, 41, 32, 121, 131, 263, 74, 138, 96, 18, 65, 43, 46, 72, 84, 107, 61, 16, 99, 78, 113, 56, 100, 29, 168, 167, 36, 26, 47, 118, 91, 65, 223, 76, 125, 185, 48, 119, 57, 37, 49, 43, 93, 35, 48, 48, 48, 57, 41, 76, 51]

grid_scale: 0.2
resize_scale: 0.5
confiance: 0.75

random_seed: 1011
data_augmentation: False
samples: 130
