MAE: 12.46923076923077 [10, 28, 10, 30, 3, 19, 2, 39, 15, 23, 32, 4, 1, 17, 9, 3, 27, 30, 11, 20, 23, 12, 28, 4, 24, 2, 12, 2, 15, 7, 17, 4, 20, 9, 46, 9, 8, 2, 3, 0, 10, 3, 33, 7, 0, 4, 2, 6, 16, 9, 3, 1, 4, 3, 9, 3, 28, 9, 12, 13, 51, 4, 18, 30, 14, 1, 23, 51, 4, 17, 31, 35, 11, 3, 10, 5, 9, 18, 17, 6, 10, 0, 3, 4, 5, 2, 30, 4, 17, 1, 3, 3, 3, 6, 33, 5, 1, 15, 8, 7, 12, 13, 7, 41, 51, 7, 14, 2, 0, 7, 11, 17, 11, 9, 11, 9, 10, 16, 3, 20, 4, 17, 0, 9, 1, 4, 11, 9, 11, 11]
MAPE: 15.62903542291748 [21.73913043478261, 11.666666666666666, 10.75268817204301, 22.058823529411764, 4.10958904109589, 50.0, 4.3478260869565215, 38.23529411764706, 27.77777777777778, 27.380952380952383, 23.88059701492537, 13.793103448275861, 3.3333333333333335, 31.48148148148148, 16.071428571428573, 11.538461538461538, 10.074626865671641, 37.9746835443038, 6.358381502890173, 34.48275862068966, 23.958333333333336, 14.814814814814813, 22.22222222222222, 8.16326530612245, 25.263157894736842, 7.6923076923076925, 9.75609756097561, 4.651162790697675, 8.928571428571429, 3.4653465346534658, 14.912280701754385, 4.166666666666666, 21.50537634408602, 14.754098360655737, 19.65811965811966, 14.0625, 11.76470588235294, 6.666666666666667, 5.172413793103448, 0.0, 25.0, 2.3622047244094486, 40.74074074074074, 14.285714285714285, 0.0, 5.797101449275362, 4.3478260869565215, 10.344827586206897, 19.27710843373494, 7.377049180327869, 6.8181818181818175, 0.9803921568627451, 5.633802816901409, 13.043478260869565, 18.367346938775512, 15.789473684210526, 28.57142857142857, 11.842105263157894, 21.818181818181817, 13.402061855670103, 18.21428571428571, 8.0, 12.162162162162163, 31.57894736842105, 11.29032258064516, 3.225806451612903, 30.666666666666664, 24.056603773584907, 3.3333333333333335, 35.41666666666667, 15.270935960591133, 31.818181818181817, 14.285714285714285, 10.0, 25.64102564102564, 19.230769230769234, 23.076923076923077, 10.778443113772456, 29.310344827586203, 12.76595744680851, 24.390243902439025, 0.0, 2.479338842975207, 3.0534351145038165, 1.9011406844106464, 2.7027027027027026, 21.73913043478261, 4.166666666666666, 94.44444444444444, 1.5384615384615385, 6.976744186046512, 6.521739130434782, 4.166666666666666, 7.142857142857142, 30.8411214953271, 8.19672131147541, 6.25, 15.151515151515152, 10.256410256410255, 6.1946902654867255, 21.428571428571427, 13.0, 24.137931034482758, 24.404761904761905, 30.538922155688624, 19.444444444444446, 53.84615384615385, 4.25531914893617, 0.0, 7.6923076923076925, 16.923076923076923, 7.623318385650224, 14.473684210526317, 7.199999999999999, 5.9459459459459465, 18.75, 8.403361344537815, 28.07017543859649, 8.108108108108109, 40.816326530612244, 9.30232558139535, 18.27956989247312, 0.0, 18.75, 2.083333333333333, 8.333333333333332, 19.298245614035086, 21.951219512195124, 14.473684210526317, 21.568627450980394]
RMSE: 16.977133943132948 [100, 784, 100, 900, 9, 361, 4, 1521, 225, 529, 1024, 16, 1, 289, 81, 9, 729, 900, 121, 400, 529, 144, 784, 16, 576, 4, 144, 4, 225, 49, 289, 16, 400, 81, 2116, 81, 64, 4, 9, 0, 100, 9, 1089, 49, 0, 16, 4, 36, 256, 81, 9, 1, 16, 9, 81, 9, 784, 81, 144, 169, 2601, 16, 324, 900, 196, 1, 529, 2601, 16, 289, 961, 1225, 121, 9, 100, 25, 81, 324, 289, 36, 100, 0, 9, 16, 25, 4, 900, 16, 289, 1, 9, 9, 9, 36, 1089, 25, 1, 225, 64, 49, 144, 169, 49, 1681, 2601, 49, 196, 4, 0, 49, 121, 289, 121, 81, 121, 81, 100, 256, 9, 400, 16, 289, 0, 81, 1, 16, 121, 81, 121, 121]

pred: 12526 [56, 268, 103, 166, 76, 57, 48, 141, 69, 107, 166, 33, 29, 71, 65, 29, 295, 109, 184, 78, 119, 93, 154, 53, 119, 28, 135, 41, 183, 209, 131, 92, 113, 70, 280, 73, 76, 32, 61, 47, 50, 130, 114, 56, 32, 73, 44, 64, 99, 131, 47, 101, 75, 20, 58, 22, 126, 85, 67, 110, 331, 54, 166, 125, 138, 30, 98, 263, 116, 65, 234, 145, 88, 33, 49, 31, 48, 185, 75, 41, 51, 32, 118, 135, 268, 76, 168, 92, 1, 66, 46, 49, 75, 90, 140, 66, 15, 84, 86, 120, 68, 113, 36, 209, 218, 43, 40, 49, 118, 98, 76, 206, 87, 134, 196, 57, 129, 73, 34, 69, 47, 110, 35, 57, 49, 52, 68, 50, 87, 62]
real: 11073 [46, 240, 93, 136, 73, 38, 46, 102, 54, 84, 134, 29, 30, 54, 56, 26, 268, 79, 173, 58, 96, 81, 126, 49, 95, 26, 123, 43, 168, 202, 114, 96, 93, 61, 234, 64, 68, 30, 58, 47, 40, 127, 81, 49, 32, 69, 46, 58, 83, 122, 44, 102, 71, 23, 49, 19, 98, 76, 55, 97, 280, 50, 148, 95, 124, 31, 75, 212, 120, 48, 203, 110, 77, 30, 39, 26, 39, 167, 58, 47, 41, 32, 121, 131, 263, 74, 138, 96, 18, 65, 43, 46, 72, 84, 107, 61, 16, 99, 78, 113, 56, 100, 29, 168, 167, 36, 26, 47, 118, 91, 65, 223, 76, 125, 185, 48, 119, 57, 37, 49, 43, 93, 35, 48, 48, 48, 57, 41, 76, 51]

grid_scale: 0.4
resize_scale: 0.5
confiance: 0.6

random_seed: 1011
data_augmentation: False
samples: 130
