MAE: 11.184615384615384 [2, 13, 21, 11, 8, 5, 2, 21, 4, 3, 13, 3, 9, 11, 0, 4, 92, 6, 19, 9, 8, 4, 82, 8, 9, 2, 3, 7, 14, 18, 3, 3, 11, 0, 99, 13, 6, 2, 5, 6, 3, 6, 0, 3, 3, 11, 5, 15, 9, 4, 0, 18, 1, 1, 0, 1, 15, 1, 12, 5, 100, 0, 30, 10, 4, 3, 3, 86, 3, 13, 46, 16, 1, 0, 5, 4, 11, 19, 10, 2, 22, 0, 3, 46, 62, 1, 13, 0, 12, 12, 1, 1, 7, 1, 1, 1, 15, 1, 3, 6, 1, 5, 4, 13, 16, 5, 7, 0, 3, 1, 6, 52, 6, 0, 5, 16, 1, 4, 5, 9, 8, 6, 6, 16, 1, 4, 0, 1, 6, 1]
MAPE: 12.285765296621166 [4.3478260869565215, 5.416666666666667, 22.58064516129032, 8.088235294117647, 10.95890410958904, 13.157894736842104, 4.3478260869565215, 20.588235294117645, 7.4074074074074066, 3.571428571428571, 9.701492537313433, 10.344827586206897, 30.0, 20.37037037037037, 0.0, 15.384615384615385, 34.32835820895522, 7.59493670886076, 10.982658959537572, 15.517241379310345, 8.333333333333332, 4.938271604938271, 65.07936507936508, 16.3265306122449, 9.473684210526317, 7.6923076923076925, 2.4390243902439024, 16.27906976744186, 8.333333333333332, 8.91089108910891, 2.631578947368421, 3.125, 11.827956989247312, 0.0, 42.30769230769231, 20.3125, 8.823529411764707, 6.666666666666667, 8.620689655172415, 12.76595744680851, 7.5, 4.724409448818897, 0.0, 6.122448979591836, 9.375, 15.942028985507244, 10.869565217391305, 25.862068965517242, 10.843373493975903, 3.278688524590164, 0.0, 17.647058823529413, 1.4084507042253522, 4.3478260869565215, 0.0, 5.263157894736842, 15.306122448979592, 1.3157894736842104, 21.818181818181817, 5.154639175257731, 35.714285714285715, 0.0, 20.27027027027027, 10.526315789473683, 3.225806451612903, 9.67741935483871, 4.0, 40.56603773584906, 2.5, 27.083333333333332, 22.660098522167488, 14.545454545454545, 1.2987012987012987, 0.0, 12.82051282051282, 15.384615384615385, 28.205128205128204, 11.377245508982035, 17.24137931034483, 4.25531914893617, 53.65853658536586, 0.0, 2.479338842975207, 35.11450381679389, 23.574144486692013, 1.3513513513513513, 9.420289855072465, 0.0, 66.66666666666666, 18.461538461538463, 2.3255813953488373, 2.1739130434782608, 9.722222222222223, 1.1904761904761905, 0.9345794392523363, 1.639344262295082, 93.75, 1.0101010101010102, 3.8461538461538463, 5.3097345132743365, 1.7857142857142856, 5.0, 13.793103448275861, 7.738095238095238, 9.580838323353294, 13.88888888888889, 26.923076923076923, 0.0, 2.5423728813559325, 1.098901098901099, 9.230769230769232, 23.318385650224215, 7.894736842105263, 0.0, 2.7027027027027026, 33.33333333333333, 0.8403361344537815, 7.017543859649122, 13.513513513513514, 18.367346938775512, 18.6046511627907, 6.451612903225806, 17.142857142857142, 33.33333333333333, 2.083333333333333, 8.333333333333332, 0.0, 2.4390243902439024, 7.894736842105263, 1.9607843137254901]
RMSE: 21.952396049353982 [4, 169, 441, 121, 64, 25, 4, 441, 16, 9, 169, 9, 81, 121, 0, 16, 8464, 36, 361, 81, 64, 16, 6724, 64, 81, 4, 9, 49, 196, 324, 9, 9, 121, 0, 9801, 169, 36, 4, 25, 36, 9, 36, 0, 9, 9, 121, 25, 225, 81, 16, 0, 324, 1, 1, 0, 1, 225, 1, 144, 25, 10000, 0, 900, 100, 16, 9, 9, 7396, 9, 169, 2116, 256, 1, 0, 25, 16, 121, 361, 100, 4, 484, 0, 9, 2116, 3844, 1, 169, 0, 144, 144, 1, 1, 49, 1, 1, 1, 225, 1, 9, 36, 1, 25, 16, 169, 256, 25, 49, 0, 9, 1, 36, 2704, 36, 0, 25, 256, 1, 16, 25, 81, 64, 36, 36, 256, 1, 16, 0, 1, 36, 1]

pred: 12183 [48, 253, 72, 147, 81, 43, 48, 123, 58, 87, 147, 26, 21, 65, 56, 30, 360, 85, 192, 67, 104, 85, 208, 57, 104, 24, 120, 36, 182, 220, 111, 99, 104, 61, 333, 77, 74, 28, 53, 53, 43, 121, 81, 52, 35, 58, 41, 73, 92, 118, 44, 84, 72, 24, 49, 20, 113, 75, 67, 102, 380, 50, 178, 105, 128, 34, 78, 298, 117, 61, 249, 126, 76, 30, 34, 22, 50, 186, 48, 45, 63, 32, 118, 177, 325, 73, 151, 96, 6, 53, 44, 45, 79, 85, 108, 60, 31, 98, 75, 119, 57, 95, 33, 181, 183, 41, 33, 47, 121, 92, 71, 275, 82, 125, 190, 64, 120, 61, 42, 58, 51, 99, 29, 64, 47, 52, 57, 42, 82, 50]
real: 11073 [46, 240, 93, 136, 73, 38, 46, 102, 54, 84, 134, 29, 30, 54, 56, 26, 268, 79, 173, 58, 96, 81, 126, 49, 95, 26, 123, 43, 168, 202, 114, 96, 93, 61, 234, 64, 68, 30, 58, 47, 40, 127, 81, 49, 32, 69, 46, 58, 83, 122, 44, 102, 71, 23, 49, 19, 98, 76, 55, 97, 280, 50, 148, 95, 124, 31, 75, 212, 120, 48, 203, 110, 77, 30, 39, 26, 39, 167, 58, 47, 41, 32, 121, 131, 263, 74, 138, 96, 18, 65, 43, 46, 72, 84, 107, 61, 16, 99, 78, 113, 56, 100, 29, 168, 167, 36, 26, 47, 118, 91, 65, 223, 76, 125, 185, 48, 119, 57, 37, 49, 43, 93, 35, 48, 48, 48, 57, 41, 76, 51]

grid_scale: 0.2
resize_scale: 0.5
confiance: 0.7

random_seed: 1011
data_augmentation: False
samples: 130
