MAE: 12.807692307692308 [3, 22, 14, 13, 10, 6, 2, 23, 6, 4, 15, 1, 7, 13, 1, 6, 101, 7, 21, 15, 9, 6, 86, 9, 10, 1, 0, 5, 21, 28, 1, 3, 13, 0, 114, 14, 7, 0, 4, 7, 3, 3, 3, 6, 4, 7, 5, 17, 12, 1, 1, 17, 4, 2, 1, 2, 17, 1, 18, 6, 110, 0, 40, 12, 12, 3, 5, 96, 1, 13, 51, 21, 0, 0, 4, 3, 12, 21, 9, 1, 22, 0, 2, 51, 69, 1, 18, 3, 11, 10, 1, 0, 9, 4, 4, 0, 18, 1, 3, 7, 2, 1, 4, 18, 18, 5, 9, 3, 6, 5, 7, 54, 7, 6, 14, 16, 4, 6, 6, 11, 11, 8, 4, 16, 2, 5, 1, 2, 7, 1]
MAPE: 13.795436859953323 [6.521739130434782, 9.166666666666666, 15.053763440860216, 9.558823529411764, 13.698630136986301, 15.789473684210526, 4.3478260869565215, 22.54901960784314, 11.11111111111111, 4.761904761904762, 11.194029850746269, 3.4482758620689653, 23.333333333333332, 24.074074074074073, 1.7857142857142856, 23.076923076923077, 37.6865671641791, 8.860759493670885, 12.138728323699421, 25.862068965517242, 9.375, 7.4074074074074066, 68.25396825396825, 18.367346938775512, 10.526315789473683, 3.8461538461538463, 0.0, 11.627906976744185, 12.5, 13.861386138613863, 0.8771929824561403, 3.125, 13.978494623655912, 0.0, 48.717948717948715, 21.875, 10.294117647058822, 0.0, 6.896551724137931, 14.893617021276595, 7.5, 2.3622047244094486, 3.7037037037037033, 12.244897959183673, 12.5, 10.144927536231885, 10.869565217391305, 29.310344827586203, 14.457831325301203, 0.819672131147541, 2.272727272727273, 16.666666666666664, 5.633802816901409, 8.695652173913043, 2.0408163265306123, 10.526315789473683, 17.346938775510203, 1.3157894736842104, 32.72727272727273, 6.185567010309279, 39.285714285714285, 0.0, 27.027027027027028, 12.631578947368421, 9.67741935483871, 9.67741935483871, 6.666666666666667, 45.28301886792453, 0.8333333333333334, 27.083333333333332, 25.12315270935961, 19.090909090909093, 0.0, 0.0, 10.256410256410255, 11.538461538461538, 30.76923076923077, 12.574850299401197, 15.517241379310345, 2.127659574468085, 53.65853658536586, 0.0, 1.6528925619834711, 38.93129770992366, 26.23574144486692, 1.3513513513513513, 13.043478260869565, 3.125, 61.111111111111114, 15.384615384615385, 2.3255813953488373, 0.0, 12.5, 4.761904761904762, 3.7383177570093453, 0.0, 112.5, 1.0101010101010102, 3.8461538461538463, 6.1946902654867255, 3.571428571428571, 1.0, 13.793103448275861, 10.714285714285714, 10.778443113772456, 13.88888888888889, 34.61538461538461, 6.382978723404255, 5.084745762711865, 5.4945054945054945, 10.76923076923077, 24.2152466367713, 9.210526315789473, 4.8, 7.567567567567568, 33.33333333333333, 3.361344537815126, 10.526315789473683, 16.216216216216218, 22.448979591836736, 25.581395348837212, 8.60215053763441, 11.428571428571429, 33.33333333333333, 4.166666666666666, 10.416666666666668, 1.7543859649122806, 4.878048780487805, 9.210526315789473, 1.9607843137254901]
RMSE: 24.510437337214903 [9, 484, 196, 169, 100, 36, 4, 529, 36, 16, 225, 1, 49, 169, 1, 36, 10201, 49, 441, 225, 81, 36, 7396, 81, 100, 1, 0, 25, 441, 784, 1, 9, 169, 0, 12996, 196, 49, 0, 16, 49, 9, 9, 9, 36, 16, 49, 25, 289, 144, 1, 1, 289, 16, 4, 1, 4, 289, 1, 324, 36, 12100, 0, 1600, 144, 144, 9, 25, 9216, 1, 169, 2601, 441, 0, 0, 16, 9, 144, 441, 81, 1, 484, 0, 4, 2601, 4761, 1, 324, 9, 121, 100, 1, 0, 81, 16, 16, 0, 324, 1, 9, 49, 4, 1, 16, 324, 324, 25, 81, 9, 36, 25, 49, 2916, 49, 36, 196, 256, 16, 36, 36, 121, 121, 64, 16, 256, 4, 25, 1, 4, 49, 1]

pred: 12508 [49, 262, 79, 149, 83, 44, 48, 125, 60, 88, 149, 28, 23, 67, 57, 32, 369, 86, 194, 73, 105, 87, 212, 58, 105, 25, 123, 38, 189, 230, 113, 99, 106, 61, 348, 78, 75, 30, 54, 54, 43, 124, 84, 55, 36, 62, 41, 75, 95, 121, 45, 85, 75, 25, 50, 21, 115, 77, 73, 103, 390, 50, 188, 107, 136, 34, 80, 308, 121, 61, 254, 131, 77, 30, 35, 23, 51, 188, 49, 46, 63, 32, 119, 182, 332, 75, 156, 99, 7, 55, 44, 46, 81, 88, 111, 61, 34, 98, 75, 120, 58, 99, 33, 186, 185, 41, 35, 50, 124, 96, 72, 277, 83, 131, 199, 64, 123, 63, 43, 60, 54, 101, 31, 64, 50, 53, 58, 43, 83, 52]
real: 11073 [46, 240, 93, 136, 73, 38, 46, 102, 54, 84, 134, 29, 30, 54, 56, 26, 268, 79, 173, 58, 96, 81, 126, 49, 95, 26, 123, 43, 168, 202, 114, 96, 93, 61, 234, 64, 68, 30, 58, 47, 40, 127, 81, 49, 32, 69, 46, 58, 83, 122, 44, 102, 71, 23, 49, 19, 98, 76, 55, 97, 280, 50, 148, 95, 124, 31, 75, 212, 120, 48, 203, 110, 77, 30, 39, 26, 39, 167, 58, 47, 41, 32, 121, 131, 263, 74, 138, 96, 18, 65, 43, 46, 72, 84, 107, 61, 16, 99, 78, 113, 56, 100, 29, 168, 167, 36, 26, 47, 118, 91, 65, 223, 76, 125, 185, 48, 119, 57, 37, 49, 43, 93, 35, 48, 48, 48, 57, 41, 76, 51]

grid_scale: 0.2
resize_scale: 0.5
confiance: 0.65

random_seed: 1011
data_augmentation: False
samples: 130
