MAE: 11.438461538461539 [2, 22, 15, 3, 7, 3, 1, 22, 17, 18, 5, 1, 4, 14, 15, 2, 18, 29, 2, 14, 24, 3, 5, 5, 25, 1, 10, 2, 10, 37, 6, 4, 32, 11, 2, 11, 21, 3, 1, 0, 1, 15, 34, 8, 1, 5, 4, 13, 30, 15, 3, 3, 3, 3, 3, 4, 30, 21, 5, 6, 1, 3, 1, 22, 12, 9, 2, 5, 15, 18, 1, 17, 12, 1, 4, 2, 8, 4, 11, 24, 0, 3, 13, 44, 43, 3, 33, 12, 17, 8, 13, 13, 6, 5, 23, 7, 1, 35, 8, 7, 0, 11, 4, 22, 29, 8, 4, 7, 3, 4, 7, 81, 1, 24, 12, 22, 27, 27, 0, 22, 1, 7, 0, 22, 8, 11, 1, 12, 1, 9]
MAPE: 14.95441367583842 [4.3478260869565215, 9.166666666666666, 16.129032258064516, 2.2058823529411766, 9.58904109589041, 7.894736842105263, 2.1739130434782608, 21.568627450980394, 31.48148148148148, 21.428571428571427, 3.731343283582089, 3.4482758620689653, 13.333333333333334, 25.925925925925924, 26.785714285714285, 7.6923076923076925, 6.7164179104477615, 36.708860759493675, 1.1560693641618496, 24.137931034482758, 25.0, 3.7037037037037033, 3.968253968253968, 10.204081632653061, 26.31578947368421, 3.8461538461538463, 8.130081300813007, 4.651162790697675, 5.952380952380952, 18.316831683168317, 5.263157894736842, 4.166666666666666, 34.40860215053764, 18.0327868852459, 0.8547008547008548, 17.1875, 30.88235294117647, 10.0, 1.7241379310344827, 0.0, 2.5, 11.811023622047244, 41.9753086419753, 16.3265306122449, 3.125, 7.246376811594203, 8.695652173913043, 22.413793103448278, 36.144578313253014, 12.295081967213115, 6.8181818181818175, 2.941176470588235, 4.225352112676056, 13.043478260869565, 6.122448979591836, 21.052631578947366, 30.612244897959183, 27.631578947368425, 9.090909090909092, 6.185567010309279, 0.35714285714285715, 6.0, 0.6756756756756757, 23.157894736842106, 9.67741935483871, 29.03225806451613, 2.666666666666667, 2.358490566037736, 12.5, 37.5, 0.49261083743842365, 15.454545454545453, 15.584415584415584, 3.3333333333333335, 10.256410256410255, 7.6923076923076925, 20.51282051282051, 2.3952095808383236, 18.96551724137931, 51.06382978723404, 0.0, 9.375, 10.743801652892563, 33.587786259541986, 16.34980988593156, 4.054054054054054, 23.91304347826087, 12.5, 94.44444444444444, 12.307692307692308, 30.23255813953488, 28.26086956521739, 8.333333333333332, 5.952380952380952, 21.49532710280374, 11.475409836065573, 6.25, 35.35353535353536, 10.256410256410255, 6.1946902654867255, 0.0, 11.0, 13.793103448275861, 13.095238095238097, 17.365269461077844, 22.22222222222222, 15.384615384615385, 14.893617021276595, 2.5423728813559325, 4.395604395604396, 10.76923076923077, 36.32286995515695, 1.3157894736842104, 19.2, 6.486486486486487, 45.83333333333333, 22.689075630252102, 47.368421052631575, 0.0, 44.89795918367347, 2.3255813953488373, 7.526881720430108, 0.0, 45.83333333333333, 16.666666666666664, 22.916666666666664, 1.7543859649122806, 29.268292682926827, 1.3157894736842104, 17.647058823529413]
RMSE: 16.47492266819717 [4, 484, 225, 9, 49, 9, 1, 484, 289, 324, 25, 1, 16, 196, 225, 4, 324, 841, 4, 196, 576, 9, 25, 25, 625, 1, 100, 4, 100, 1369, 36, 16, 1024, 121, 4, 121, 441, 9, 1, 0, 1, 225, 1156, 64, 1, 25, 16, 169, 900, 225, 9, 9, 9, 9, 9, 16, 900, 441, 25, 36, 1, 9, 1, 484, 144, 81, 4, 25, 225, 324, 1, 289, 144, 1, 16, 4, 64, 16, 121, 576, 0, 9, 169, 1936, 1849, 9, 1089, 144, 289, 64, 169, 169, 36, 25, 529, 49, 1, 1225, 64, 49, 0, 121, 16, 484, 841, 64, 16, 49, 9, 16, 49, 6561, 1, 576, 144, 484, 729, 729, 0, 484, 1, 49, 0, 484, 64, 121, 1, 144, 1, 81]

pred: 11668 [44, 218, 78, 139, 80, 41, 45, 124, 71, 102, 139, 28, 34, 68, 71, 24, 250, 108, 171, 72, 120, 84, 131, 54, 120, 27, 133, 45, 158, 165, 120, 100, 125, 72, 232, 75, 89, 33, 59, 47, 39, 142, 115, 41, 31, 74, 42, 71, 113, 137, 41, 99, 68, 20, 52, 23, 128, 97, 60, 103, 281, 53, 149, 117, 136, 40, 77, 217, 135, 66, 202, 127, 89, 31, 43, 28, 47, 163, 69, 23, 41, 29, 134, 175, 220, 71, 171, 84, 1, 73, 56, 59, 66, 79, 130, 68, 17, 64, 70, 106, 56, 111, 33, 190, 196, 44, 30, 40, 121, 87, 72, 142, 77, 149, 173, 70, 92, 84, 37, 71, 44, 100, 35, 70, 40, 59, 56, 53, 77, 60]
real: 11073 [46, 240, 93, 136, 73, 38, 46, 102, 54, 84, 134, 29, 30, 54, 56, 26, 268, 79, 173, 58, 96, 81, 126, 49, 95, 26, 123, 43, 168, 202, 114, 96, 93, 61, 234, 64, 68, 30, 58, 47, 40, 127, 81, 49, 32, 69, 46, 58, 83, 122, 44, 102, 71, 23, 49, 19, 98, 76, 55, 97, 280, 50, 148, 95, 124, 31, 75, 212, 120, 48, 203, 110, 77, 30, 39, 26, 39, 167, 58, 47, 41, 32, 121, 131, 263, 74, 138, 96, 18, 65, 43, 46, 72, 84, 107, 61, 16, 99, 78, 113, 56, 100, 29, 168, 167, 36, 26, 47, 118, 91, 65, 223, 76, 125, 185, 48, 119, 57, 37, 49, 43, 93, 35, 48, 48, 48, 57, 41, 76, 51]

grid_scale: 0.5
resize_scale: 0.5
confiance: 0.55

random_seed: 1011
data_augmentation: False
samples: 130
