MAE: 7.323076923076923 [1, 16, 14, 1, 4, 3, 2, 16, 1, 2, 1, 2, 7, 8, 7, 3, 73, 10, 2, 5, 5, 2, 17, 4, 4, 5, 12, 2, 10, 9, 5, 3, 1, 4, 60, 7, 1, 3, 4, 2, 3, 9, 16, 2, 2, 3, 8, 9, 1, 5, 1, 13, 6, 4, 3, 4, 6, 2, 9, 3, 49, 3, 24, 9, 8, 6, 1, 39, 5, 6, 26, 4, 0, 3, 1, 0, 3, 3, 7, 12, 5, 1, 3, 25, 28, 2, 3, 5, 18, 8, 2, 1, 3, 2, 0, 1, 2, 5, 3, 3, 4, 5, 4, 16, 9, 1, 2, 11, 7, 1, 3, 17, 5, 8, 10, 14, 4, 1, 2, 4, 1, 5, 0, 14, 12, 5, 5, 1, 5, 0]
MAPE: 8.953571111444754 [2.1739130434782608, 6.666666666666667, 15.053763440860216, 0.7352941176470588, 5.47945205479452, 7.894736842105263, 4.3478260869565215, 15.686274509803921, 1.8518518518518516, 2.380952380952381, 0.7462686567164178, 6.896551724137931, 23.333333333333332, 14.814814814814813, 12.5, 11.538461538461538, 27.238805970149254, 12.658227848101266, 1.1560693641618496, 8.620689655172415, 5.208333333333334, 2.4691358024691357, 13.492063492063492, 8.16326530612245, 4.2105263157894735, 19.230769230769234, 9.75609756097561, 4.651162790697675, 5.952380952380952, 4.455445544554455, 4.385964912280701, 3.125, 1.0752688172043012, 6.557377049180328, 25.64102564102564, 10.9375, 1.4705882352941175, 10.0, 6.896551724137931, 4.25531914893617, 7.5, 7.086614173228346, 19.753086419753085, 4.081632653061225, 6.25, 4.3478260869565215, 17.391304347826086, 15.517241379310345, 1.2048192771084338, 4.098360655737705, 2.272727272727273, 12.745098039215685, 8.450704225352112, 17.391304347826086, 6.122448979591836, 21.052631578947366, 6.122448979591836, 2.631578947368421, 16.363636363636363, 3.0927835051546393, 17.5, 6.0, 16.216216216216218, 9.473684210526317, 6.451612903225806, 19.35483870967742, 1.3333333333333335, 18.39622641509434, 4.166666666666666, 12.5, 12.807881773399016, 3.6363636363636362, 0.0, 10.0, 2.564102564102564, 0.0, 7.6923076923076925, 1.7964071856287425, 12.068965517241379, 25.53191489361702, 12.195121951219512, 3.125, 2.479338842975207, 19.083969465648856, 10.646387832699618, 2.7027027027027026, 2.1739130434782608, 5.208333333333334, 100.0, 12.307692307692308, 4.651162790697675, 2.1739130434782608, 4.166666666666666, 2.380952380952381, 0.0, 1.639344262295082, 12.5, 5.05050505050505, 3.8461538461538463, 2.6548672566371683, 7.142857142857142, 5.0, 13.793103448275861, 9.523809523809524, 5.389221556886228, 2.7777777777777777, 7.6923076923076925, 23.404255319148938, 5.932203389830509, 1.098901098901099, 4.615384615384616, 7.623318385650224, 6.578947368421052, 6.4, 5.405405405405405, 29.166666666666668, 3.361344537815126, 1.7543859649122806, 5.405405405405405, 8.16326530612245, 2.3255813953488373, 5.376344086021505, 0.0, 29.166666666666668, 25.0, 10.416666666666668, 8.771929824561402, 2.4390243902439024, 6.578947368421052, 0.0]
RMSE: 12.72610883789095 [1, 256, 196, 1, 16, 9, 4, 256, 1, 4, 1, 4, 49, 64, 49, 9, 5329, 100, 4, 25, 25, 4, 289, 16, 16, 25, 144, 4, 100, 81, 25, 9, 1, 16, 3600, 49, 1, 9, 16, 4, 9, 81, 256, 4, 4, 9, 64, 81, 1, 25, 1, 169, 36, 16, 9, 16, 36, 4, 81, 9, 2401, 9, 576, 81, 64, 36, 1, 1521, 25, 36, 676, 16, 0, 9, 1, 0, 9, 9, 49, 144, 25, 1, 9, 625, 784, 4, 9, 25, 324, 64, 4, 1, 9, 4, 0, 1, 4, 25, 9, 9, 16, 25, 16, 256, 81, 1, 4, 121, 49, 1, 9, 289, 25, 64, 100, 196, 16, 1, 4, 16, 1, 25, 0, 196, 144, 25, 25, 1, 25, 0]

pred: 11421 [45, 256, 79, 135, 69, 35, 48, 118, 53, 82, 135, 27, 23, 62, 63, 29, 341, 89, 175, 63, 91, 79, 143, 45, 91, 31, 111, 41, 158, 193, 109, 99, 92, 57, 294, 71, 69, 27, 54, 45, 43, 118, 97, 51, 30, 72, 38, 67, 84, 117, 43, 89, 65, 27, 46, 23, 104, 78, 64, 94, 329, 53, 172, 104, 132, 25, 76, 251, 115, 54, 229, 114, 77, 27, 38, 26, 36, 164, 51, 35, 46, 33, 118, 156, 291, 76, 135, 101, 0, 57, 41, 45, 69, 82, 107, 62, 18, 94, 75, 116, 52, 95, 33, 184, 176, 35, 28, 36, 125, 90, 62, 240, 81, 117, 195, 62, 115, 58, 35, 53, 42, 88, 35, 62, 36, 53, 52, 42, 81, 51]
real: 11073 [46, 240, 93, 136, 73, 38, 46, 102, 54, 84, 134, 29, 30, 54, 56, 26, 268, 79, 173, 58, 96, 81, 126, 49, 95, 26, 123, 43, 168, 202, 114, 96, 93, 61, 234, 64, 68, 30, 58, 47, 40, 127, 81, 49, 32, 69, 46, 58, 83, 122, 44, 102, 71, 23, 49, 19, 98, 76, 55, 97, 280, 50, 148, 95, 124, 31, 75, 212, 120, 48, 203, 110, 77, 30, 39, 26, 39, 167, 58, 47, 41, 32, 121, 131, 263, 74, 138, 96, 18, 65, 43, 46, 72, 84, 107, 61, 16, 99, 78, 113, 56, 100, 29, 168, 167, 36, 26, 47, 118, 91, 65, 223, 76, 125, 185, 48, 119, 57, 37, 49, 43, 93, 35, 48, 48, 48, 57, 41, 76, 51]

grid_scale: 0.3
resize_scale: 0.5
confiance: 0.8

random_seed: 1011
data_augmentation: False
samples: 130
