MAE: 7.184615384615385 [0, 4, 11, 6, 5, 2, 2, 15, 1, 14, 8, 0, 4, 12, 2, 1, 3, 11, 13, 6, 3, 1, 5, 1, 4, 2, 7, 6, 10, 16, 1, 15, 1, 0, 15, 5, 2, 0, 3, 6, 6, 14, 15, 1, 3, 4, 12, 2, 7, 9, 1, 18, 2, 4, 4, 3, 17, 2, 0, 1, 16, 1, 2, 14, 13, 4, 8, 11, 22, 6, 4, 21, 3, 2, 6, 0, 3, 2, 7, 11, 2, 2, 20, 25, 20, 6, 10, 18, 17, 9, 2, 3, 3, 1, 12, 5, 2, 33, 4, 12, 7, 2, 3, 16, 23, 4, 3, 7, 20, 4, 1, 50, 0, 7, 19, 1, 6, 10, 5, 6, 1, 3, 3, 1, 8, 1, 6, 3, 0, 4]
MAPE: 9.134925779513106 [0.0, 1.6666666666666667, 11.827956989247312, 4.411764705882353, 6.8493150684931505, 5.263157894736842, 4.3478260869565215, 14.705882352941178, 1.8518518518518516, 16.666666666666664, 5.970149253731343, 0.0, 13.333333333333334, 22.22222222222222, 3.571428571428571, 3.8461538461538463, 1.1194029850746268, 13.924050632911392, 7.514450867052023, 10.344827586206897, 3.125, 1.2345679012345678, 3.968253968253968, 2.0408163265306123, 4.2105263157894735, 7.6923076923076925, 5.691056910569105, 13.953488372093023, 5.952380952380952, 7.920792079207921, 0.8771929824561403, 15.625, 1.0752688172043012, 0.0, 6.41025641025641, 7.8125, 2.941176470588235, 0.0, 5.172413793103448, 12.76595744680851, 15.0, 11.023622047244094, 18.51851851851852, 2.0408163265306123, 9.375, 5.797101449275362, 26.08695652173913, 3.4482758620689653, 8.433734939759036, 7.377049180327869, 2.272727272727273, 17.647058823529413, 2.8169014084507045, 17.391304347826086, 8.16326530612245, 15.789473684210526, 17.346938775510203, 2.631578947368421, 0.0, 1.0309278350515463, 5.714285714285714, 2.0, 1.3513513513513513, 14.736842105263156, 10.483870967741936, 12.903225806451612, 10.666666666666668, 5.188679245283019, 18.333333333333332, 12.5, 1.9704433497536946, 19.090909090909093, 3.896103896103896, 6.666666666666667, 15.384615384615385, 0.0, 7.6923076923076925, 1.1976047904191618, 12.068965517241379, 23.404255319148938, 4.878048780487805, 6.25, 16.528925619834713, 19.083969465648856, 7.604562737642586, 8.108108108108109, 7.246376811594203, 18.75, 94.44444444444444, 13.846153846153847, 4.651162790697675, 6.521739130434782, 4.166666666666666, 1.1904761904761905, 11.214953271028037, 8.19672131147541, 12.5, 33.33333333333333, 5.128205128205128, 10.619469026548673, 12.5, 2.0, 10.344827586206897, 9.523809523809524, 13.77245508982036, 11.11111111111111, 11.538461538461538, 14.893617021276595, 16.94915254237288, 4.395604395604396, 1.5384615384615385, 22.421524663677133, 0.0, 5.6000000000000005, 10.27027027027027, 2.083333333333333, 5.042016806722689, 17.543859649122805, 13.513513513513514, 12.244897959183673, 2.3255813953488373, 3.225806451612903, 8.571428571428571, 2.083333333333333, 16.666666666666664, 2.083333333333333, 10.526315789473683, 7.317073170731707, 0.0, 7.8431372549019605]
RMSE: 10.368591626045088 [0, 16, 121, 36, 25, 4, 4, 225, 1, 196, 64, 0, 16, 144, 4, 1, 9, 121, 169, 36, 9, 1, 25, 1, 16, 4, 49, 36, 100, 256, 1, 225, 1, 0, 225, 25, 4, 0, 9, 36, 36, 196, 225, 1, 9, 16, 144, 4, 49, 81, 1, 324, 4, 16, 16, 9, 289, 4, 0, 1, 256, 1, 4, 196, 169, 16, 64, 121, 484, 36, 16, 441, 9, 4, 36, 0, 9, 4, 49, 121, 4, 4, 400, 625, 400, 36, 100, 324, 289, 81, 4, 9, 9, 1, 144, 25, 4, 1089, 16, 144, 49, 4, 9, 256, 529, 16, 9, 49, 400, 16, 1, 2500, 0, 49, 361, 1, 36, 100, 25, 36, 1, 9, 9, 1, 64, 1, 36, 9, 0, 16]

pred: 10909 [46, 236, 82, 142, 68, 40, 44, 117, 55, 98, 142, 29, 26, 66, 58, 27, 265, 90, 160, 64, 99, 82, 131, 48, 99, 24, 116, 37, 158, 186, 113, 81, 92, 61, 249, 59, 70, 30, 55, 41, 46, 113, 96, 50, 29, 65, 34, 60, 90, 113, 45, 84, 69, 19, 53, 22, 115, 74, 55, 98, 296, 49, 150, 109, 111, 27, 83, 223, 98, 54, 207, 131, 80, 32, 45, 26, 42, 165, 65, 36, 39, 30, 101, 106, 243, 68, 148, 78, 1, 56, 41, 43, 69, 83, 119, 56, 14, 66, 74, 101, 63, 102, 32, 184, 190, 40, 29, 40, 98, 87, 66, 173, 76, 118, 166, 49, 113, 67, 32, 55, 44, 96, 32, 49, 40, 49, 63, 44, 76, 55]
real: 11073 [46, 240, 93, 136, 73, 38, 46, 102, 54, 84, 134, 29, 30, 54, 56, 26, 268, 79, 173, 58, 96, 81, 126, 49, 95, 26, 123, 43, 168, 202, 114, 96, 93, 61, 234, 64, 68, 30, 58, 47, 40, 127, 81, 49, 32, 69, 46, 58, 83, 122, 44, 102, 71, 23, 49, 19, 98, 76, 55, 97, 280, 50, 148, 95, 124, 31, 75, 212, 120, 48, 203, 110, 77, 30, 39, 26, 39, 167, 58, 47, 41, 32, 121, 131, 263, 74, 138, 96, 18, 65, 43, 46, 72, 84, 107, 61, 16, 99, 78, 113, 56, 100, 29, 168, 167, 36, 26, 47, 118, 91, 65, 223, 76, 125, 185, 48, 119, 57, 37, 49, 43, 93, 35, 48, 48, 48, 57, 41, 76, 51]

grid_scale: 0.4
resize_scale: 0.5
confiance: 0.8

random_seed: 1011
data_augmentation: False
samples: 130
