MAE: 17.123076923076923 [11, 43, 18, 40, 3, 25, 4, 49, 18, 25, 42, 4, 1, 21, 10, 3, 38, 41, 21, 24, 33, 14, 37, 6, 34, 3, 18, 1, 20, 21, 26, 5, 31, 12, 55, 13, 12, 4, 8, 3, 12, 10, 42, 9, 1, 7, 2, 13, 20, 19, 5, 3, 8, 1, 16, 4, 38, 12, 18, 18, 65, 7, 25, 38, 29, 0, 31, 63, 1, 25, 38, 37, 15, 7, 11, 7, 9, 25, 19, 2, 13, 3, 12, 18, 14, 5, 47, 7, 16, 6, 5, 7, 5, 8, 41, 9, 1, 6, 10, 14, 14, 16, 7, 51, 63, 11, 14, 6, 13, 12, 15, 4, 19, 15, 27, 10, 21, 20, 2, 23, 5, 22, 0, 10, 5, 7, 13, 13, 19, 13]
MAPE: 20.84539390592027 [23.91304347826087, 17.916666666666668, 19.35483870967742, 29.411764705882355, 4.10958904109589, 65.78947368421053, 8.695652173913043, 48.03921568627451, 33.33333333333333, 29.761904761904763, 31.343283582089555, 13.793103448275861, 3.3333333333333335, 38.88888888888889, 17.857142857142858, 11.538461538461538, 14.17910447761194, 51.89873417721519, 12.138728323699421, 41.37931034482759, 34.375, 17.28395061728395, 29.365079365079367, 12.244897959183673, 35.78947368421053, 11.538461538461538, 14.634146341463413, 2.3255813953488373, 11.904761904761903, 10.396039603960396, 22.807017543859647, 5.208333333333334, 33.33333333333333, 19.672131147540984, 23.504273504273502, 20.3125, 17.647058823529413, 13.333333333333334, 13.793103448275861, 6.382978723404255, 30.0, 7.874015748031496, 51.85185185185185, 18.367346938775512, 3.125, 10.144927536231885, 4.3478260869565215, 22.413793103448278, 24.096385542168676, 15.573770491803279, 11.363636363636363, 2.941176470588235, 11.267605633802818, 4.3478260869565215, 32.6530612244898, 21.052631578947366, 38.775510204081634, 15.789473684210526, 32.72727272727273, 18.556701030927837, 23.214285714285715, 14.000000000000002, 16.89189189189189, 40.0, 23.387096774193548, 0.0, 41.333333333333336, 29.71698113207547, 0.8333333333333334, 52.083333333333336, 18.7192118226601, 33.63636363636363, 19.480519480519483, 23.333333333333332, 28.205128205128204, 26.923076923076923, 23.076923076923077, 14.97005988023952, 32.758620689655174, 4.25531914893617, 31.70731707317073, 9.375, 9.917355371900827, 13.740458015267176, 5.323193916349809, 6.756756756756757, 34.05797101449276, 7.291666666666667, 88.88888888888889, 9.230769230769232, 11.627906976744185, 15.217391304347828, 6.944444444444445, 9.523809523809524, 38.31775700934579, 14.754098360655737, 6.25, 6.0606060606060606, 12.82051282051282, 12.389380530973451, 25.0, 16.0, 24.137931034482758, 30.357142857142854, 37.72455089820359, 30.555555555555557, 53.84615384615385, 12.76595744680851, 11.016949152542372, 13.186813186813188, 23.076923076923077, 1.7937219730941705, 25.0, 12.0, 14.594594594594595, 20.833333333333336, 17.647058823529413, 35.08771929824561, 5.405405405405405, 46.93877551020408, 11.627906976744185, 23.655913978494624, 0.0, 20.833333333333336, 10.416666666666668, 14.583333333333334, 22.807017543859647, 31.70731707317073, 25.0, 25.49019607843137]
RMSE: 22.42285921519857 [121, 1849, 324, 1600, 9, 625, 16, 2401, 324, 625, 1764, 16, 1, 441, 100, 9, 1444, 1681, 441, 576, 1089, 196, 1369, 36, 1156, 9, 324, 1, 400, 441, 676, 25, 961, 144, 3025, 169, 144, 16, 64, 9, 144, 100, 1764, 81, 1, 49, 4, 169, 400, 361, 25, 9, 64, 1, 256, 16, 1444, 144, 324, 324, 4225, 49, 625, 1444, 841, 0, 961, 3969, 1, 625, 1444, 1369, 225, 49, 121, 49, 81, 625, 361, 4, 169, 9, 144, 324, 196, 25, 2209, 49, 256, 36, 25, 49, 25, 64, 1681, 81, 1, 36, 100, 196, 196, 256, 49, 2601, 3969, 121, 196, 36, 169, 144, 225, 16, 361, 225, 729, 100, 441, 400, 4, 529, 25, 484, 0, 100, 25, 49, 169, 169, 361, 169]

pred: 13235 [57, 283, 111, 176, 76, 63, 50, 151, 72, 109, 176, 33, 31, 75, 66, 29, 306, 120, 194, 82, 129, 95, 163, 55, 129, 29, 141, 42, 188, 223, 140, 101, 124, 73, 289, 77, 80, 34, 66, 50, 52, 137, 123, 58, 33, 76, 48, 71, 103, 141, 49, 105, 79, 22, 65, 23, 136, 88, 73, 115, 345, 57, 173, 133, 153, 31, 106, 275, 119, 73, 241, 147, 92, 37, 50, 33, 48, 192, 77, 49, 54, 35, 133, 149, 277, 79, 185, 103, 2, 71, 48, 53, 77, 92, 148, 70, 15, 93, 88, 127, 70, 116, 36, 219, 230, 47, 40, 53, 131, 103, 80, 219, 95, 140, 212, 58, 140, 77, 35, 72, 48, 115, 35, 58, 53, 55, 70, 54, 95, 64]
real: 11073 [46, 240, 93, 136, 73, 38, 46, 102, 54, 84, 134, 29, 30, 54, 56, 26, 268, 79, 173, 58, 96, 81, 126, 49, 95, 26, 123, 43, 168, 202, 114, 96, 93, 61, 234, 64, 68, 30, 58, 47, 40, 127, 81, 49, 32, 69, 46, 58, 83, 122, 44, 102, 71, 23, 49, 19, 98, 76, 55, 97, 280, 50, 148, 95, 124, 31, 75, 212, 120, 48, 203, 110, 77, 30, 39, 26, 39, 167, 58, 47, 41, 32, 121, 131, 263, 74, 138, 96, 18, 65, 43, 46, 72, 84, 107, 61, 16, 99, 78, 113, 56, 100, 29, 168, 167, 36, 26, 47, 118, 91, 65, 223, 76, 125, 185, 48, 119, 57, 37, 49, 43, 93, 35, 48, 48, 48, 57, 41, 76, 51]

grid_scale: 0.4
resize_scale: 0.5
confiance: 0.5

random_seed: 1011
data_augmentation: False
samples: 130
