MAE: 11.476923076923077 [3, 36, 7, 15, 3, 4, 2, 31, 4, 7, 17, 0, 7, 13, 8, 5, 99, 19, 6, 10, 4, 7, 31, 2, 5, 10, 4, 1, 2, 10, 13, 6, 9, 1, 92, 15, 6, 2, 0, 1, 6, 6, 24, 5, 2, 12, 2, 17, 7, 12, 3, 3, 1, 7, 0, 4, 12, 6, 10, 9, 80, 6, 41, 16, 21, 3, 4, 65, 5, 10, 48, 10, 1, 1, 0, 3, 0, 13, 2, 8, 13, 4, 9, 42, 57, 3, 19, 11, 16, 2, 1, 0, 1, 0, 4, 5, 3, 4, 1, 13, 1, 1, 5, 32, 23, 4, 3, 5, 20, 3, 2, 45, 10, 6, 30, 19, 6, 9, 3, 9, 1, 0, 2, 19, 6, 6, 0, 2, 10, 0]
MAPE: 12.317408098709183 [6.521739130434782, 15.0, 7.526881720430108, 11.029411764705882, 4.10958904109589, 10.526315789473683, 4.3478260869565215, 30.392156862745097, 7.4074074074074066, 8.333333333333332, 12.686567164179104, 0.0, 23.333333333333332, 24.074074074074073, 14.285714285714285, 19.230769230769234, 36.940298507462686, 24.050632911392405, 3.4682080924855487, 17.24137931034483, 4.166666666666666, 8.641975308641975, 24.6031746031746, 4.081632653061225, 5.263157894736842, 38.46153846153847, 3.2520325203252036, 2.3255813953488373, 1.1904761904761905, 4.9504950495049505, 11.403508771929824, 6.25, 9.67741935483871, 1.639344262295082, 39.31623931623932, 23.4375, 8.823529411764707, 6.666666666666667, 0.0, 2.127659574468085, 15.0, 4.724409448818897, 29.629629629629626, 10.204081632653061, 6.25, 17.391304347826086, 4.3478260869565215, 29.310344827586203, 8.433734939759036, 9.836065573770492, 6.8181818181818175, 2.941176470588235, 1.4084507042253522, 30.434782608695656, 0.0, 21.052631578947366, 12.244897959183673, 7.894736842105263, 18.181818181818183, 9.278350515463918, 28.57142857142857, 12.0, 27.7027027027027, 16.842105263157894, 16.93548387096774, 9.67741935483871, 5.333333333333334, 30.660377358490564, 4.166666666666666, 20.833333333333336, 23.645320197044335, 9.090909090909092, 1.2987012987012987, 3.3333333333333335, 0.0, 11.538461538461538, 0.0, 7.784431137724551, 3.4482758620689653, 17.02127659574468, 31.70731707317073, 12.5, 7.43801652892562, 32.06106870229007, 21.673003802281368, 4.054054054054054, 13.768115942028986, 11.458333333333332, 88.88888888888889, 3.076923076923077, 2.3255813953488373, 0.0, 1.3888888888888888, 0.0, 3.7383177570093453, 8.19672131147541, 18.75, 4.040404040404041, 1.282051282051282, 11.504424778761061, 1.7857142857142856, 1.0, 17.24137931034483, 19.047619047619047, 13.77245508982036, 11.11111111111111, 11.538461538461538, 10.638297872340425, 16.94915254237288, 3.296703296703297, 3.076923076923077, 20.179372197309416, 13.157894736842104, 4.8, 16.216216216216218, 39.58333333333333, 5.042016806722689, 15.789473684210526, 8.108108108108109, 18.367346938775512, 2.3255813953488373, 0.0, 5.714285714285714, 39.58333333333333, 12.5, 12.5, 0.0, 4.878048780487805, 13.157894736842104, 0.0]
RMSE: 20.361351020612936 [9, 1296, 49, 225, 9, 16, 4, 961, 16, 49, 289, 0, 49, 169, 64, 25, 9801, 361, 36, 100, 16, 49, 961, 4, 25, 100, 16, 1, 4, 100, 169, 36, 81, 1, 8464, 225, 36, 4, 0, 1, 36, 36, 576, 25, 4, 144, 4, 289, 49, 144, 9, 9, 1, 49, 0, 16, 144, 36, 100, 81, 6400, 36, 1681, 256, 441, 9, 16, 4225, 25, 100, 2304, 100, 1, 1, 0, 9, 0, 169, 4, 64, 169, 16, 81, 1764, 3249, 9, 361, 121, 256, 4, 1, 0, 1, 0, 16, 25, 9, 16, 1, 169, 1, 1, 25, 1024, 529, 16, 9, 25, 400, 9, 4, 2025, 100, 36, 900, 361, 36, 81, 9, 81, 1, 0, 4, 361, 36, 36, 0, 4, 100, 0]

pred: 12435 [49, 276, 86, 151, 76, 42, 48, 133, 58, 91, 151, 29, 23, 67, 64, 31, 367, 98, 179, 68, 100, 88, 157, 51, 100, 36, 119, 44, 170, 212, 127, 102, 102, 62, 326, 79, 74, 32, 58, 48, 46, 133, 105, 54, 30, 81, 44, 75, 90, 134, 47, 99, 72, 30, 49, 23, 110, 82, 65, 106, 360, 56, 189, 111, 145, 28, 79, 277, 125, 58, 251, 120, 78, 29, 39, 29, 39, 180, 60, 39, 54, 36, 130, 173, 320, 77, 157, 107, 2, 67, 42, 46, 73, 84, 111, 66, 19, 103, 79, 126, 57, 101, 34, 200, 190, 40, 29, 42, 138, 94, 67, 268, 86, 131, 215, 67, 125, 66, 40, 58, 44, 93, 37, 67, 42, 54, 57, 43, 86, 51]
real: 11073 [46, 240, 93, 136, 73, 38, 46, 102, 54, 84, 134, 29, 30, 54, 56, 26, 268, 79, 173, 58, 96, 81, 126, 49, 95, 26, 123, 43, 168, 202, 114, 96, 93, 61, 234, 64, 68, 30, 58, 47, 40, 127, 81, 49, 32, 69, 46, 58, 83, 122, 44, 102, 71, 23, 49, 19, 98, 76, 55, 97, 280, 50, 148, 95, 124, 31, 75, 212, 120, 48, 203, 110, 77, 30, 39, 26, 39, 167, 58, 47, 41, 32, 121, 131, 263, 74, 138, 96, 18, 65, 43, 46, 72, 84, 107, 61, 16, 99, 78, 113, 56, 100, 29, 168, 167, 36, 26, 47, 118, 91, 65, 223, 76, 125, 185, 48, 119, 57, 37, 49, 43, 93, 35, 48, 48, 48, 57, 41, 76, 51]

grid_scale: 0.3
resize_scale: 0.5
confiance: 0.65

random_seed: 1011
data_augmentation: False
samples: 130
