MAE: 15.961538461538462 [4, 57, 1, 24, 5, 8, 5, 36, 8, 13, 26, 0, 7, 17, 11, 7, 117, 24, 10, 11, 11, 13, 51, 3, 12, 13, 0, 4, 13, 25, 16, 9, 13, 4, 110, 18, 10, 4, 1, 5, 10, 10, 34, 8, 0, 17, 0, 23, 14, 19, 6, 2, 3, 7, 3, 4, 13, 6, 15, 16, 95, 8, 47, 19, 26, 3, 8, 77, 9, 14, 63, 17, 5, 2, 4, 3, 4, 20, 7, 4, 18, 4, 15, 59, 72, 6, 28, 13, 16, 7, 0, 1, 3, 2, 10, 10, 3, 9, 2, 19, 2, 9, 5, 44, 32, 7, 5, 1, 31, 12, 3, 58, 15, 9, 42, 19, 16, 17, 4, 13, 3, 8, 3, 19, 0, 9, 1, 4, 15, 1]
MAPE: 16.97926675275789 [8.695652173913043, 23.75, 1.0752688172043012, 17.647058823529413, 6.8493150684931505, 21.052631578947366, 10.869565217391305, 35.294117647058826, 14.814814814814813, 15.476190476190476, 19.402985074626866, 0.0, 23.333333333333332, 31.48148148148148, 19.642857142857142, 26.923076923076923, 43.656716417910445, 30.37974683544304, 5.780346820809249, 18.96551724137931, 11.458333333333332, 16.049382716049383, 40.476190476190474, 6.122448979591836, 12.631578947368421, 50.0, 0.0, 9.30232558139535, 7.738095238095238, 12.376237623762377, 14.035087719298245, 9.375, 13.978494623655912, 6.557377049180328, 47.008547008547005, 28.125, 14.705882352941178, 13.333333333333334, 1.7241379310344827, 10.638297872340425, 25.0, 7.874015748031496, 41.9753086419753, 16.3265306122449, 0.0, 24.637681159420293, 0.0, 39.6551724137931, 16.867469879518072, 15.573770491803279, 13.636363636363635, 1.9607843137254901, 4.225352112676056, 30.434782608695656, 6.122448979591836, 21.052631578947366, 13.26530612244898, 7.894736842105263, 27.27272727272727, 16.49484536082474, 33.92857142857143, 16.0, 31.756756756756754, 20.0, 20.967741935483872, 9.67741935483871, 10.666666666666668, 36.32075471698113, 7.5, 29.166666666666668, 31.03448275862069, 15.454545454545453, 6.493506493506493, 6.666666666666667, 10.256410256410255, 11.538461538461538, 10.256410256410255, 11.976047904191617, 12.068965517241379, 8.51063829787234, 43.90243902439025, 12.5, 12.396694214876034, 45.038167938931295, 27.376425855513308, 8.108108108108109, 20.28985507246377, 13.541666666666666, 88.88888888888889, 10.76923076923077, 0.0, 2.1739130434782608, 4.166666666666666, 2.380952380952381, 9.345794392523365, 16.39344262295082, 18.75, 9.090909090909092, 2.564102564102564, 16.8141592920354, 3.571428571428571, 9.0, 17.24137931034483, 26.190476190476193, 19.16167664670659, 19.444444444444446, 19.230769230769234, 2.127659574468085, 26.27118644067797, 13.186813186813188, 4.615384615384616, 26.00896860986547, 19.736842105263158, 7.199999999999999, 22.702702702702705, 39.58333333333333, 13.445378151260504, 29.82456140350877, 10.81081081081081, 26.53061224489796, 6.976744186046512, 8.60215053763441, 8.571428571428571, 39.58333333333333, 0.0, 18.75, 1.7543859649122806, 9.75609756097561, 19.736842105263158, 1.9607843137254901]
RMSE: 26.020849628415583 [16, 3249, 1, 576, 25, 64, 25, 1296, 64, 169, 676, 0, 49, 289, 121, 49, 13689, 576, 100, 121, 121, 169, 2601, 9, 144, 169, 0, 16, 169, 625, 256, 81, 169, 16, 12100, 324, 100, 16, 1, 25, 100, 100, 1156, 64, 0, 289, 0, 529, 196, 361, 36, 4, 9, 49, 9, 16, 169, 36, 225, 256, 9025, 64, 2209, 361, 676, 9, 64, 5929, 81, 196, 3969, 289, 25, 4, 16, 9, 16, 400, 49, 16, 324, 16, 225, 3481, 5184, 36, 784, 169, 256, 49, 0, 1, 9, 4, 100, 100, 9, 81, 4, 361, 4, 81, 25, 1936, 1024, 49, 25, 1, 961, 144, 9, 3364, 225, 81, 1764, 361, 256, 289, 16, 169, 9, 64, 9, 361, 0, 81, 1, 16, 225, 1]

pred: 13088 [50, 297, 94, 160, 78, 46, 51, 138, 62, 97, 160, 29, 23, 71, 67, 33, 385, 103, 183, 69, 107, 94, 177, 52, 107, 39, 123, 47, 181, 227, 130, 105, 106, 65, 344, 82, 78, 34, 59, 52, 50, 137, 115, 57, 32, 86, 46, 81, 97, 141, 50, 104, 74, 30, 52, 23, 111, 82, 70, 113, 375, 58, 195, 114, 150, 28, 83, 289, 129, 62, 266, 127, 82, 32, 43, 29, 43, 187, 65, 43, 59, 36, 136, 190, 335, 80, 166, 109, 2, 72, 43, 47, 75, 86, 117, 71, 19, 108, 80, 132, 58, 109, 34, 212, 199, 43, 31, 48, 149, 103, 68, 281, 91, 134, 227, 67, 135, 74, 41, 62, 46, 101, 38, 67, 48, 57, 58, 45, 91, 52]
real: 11073 [46, 240, 93, 136, 73, 38, 46, 102, 54, 84, 134, 29, 30, 54, 56, 26, 268, 79, 173, 58, 96, 81, 126, 49, 95, 26, 123, 43, 168, 202, 114, 96, 93, 61, 234, 64, 68, 30, 58, 47, 40, 127, 81, 49, 32, 69, 46, 58, 83, 122, 44, 102, 71, 23, 49, 19, 98, 76, 55, 97, 280, 50, 148, 95, 124, 31, 75, 212, 120, 48, 203, 110, 77, 30, 39, 26, 39, 167, 58, 47, 41, 32, 121, 131, 263, 74, 138, 96, 18, 65, 43, 46, 72, 84, 107, 61, 16, 99, 78, 113, 56, 100, 29, 168, 167, 36, 26, 47, 118, 91, 65, 223, 76, 125, 185, 48, 119, 57, 37, 49, 43, 93, 35, 48, 48, 48, 57, 41, 76, 51]

grid_scale: 0.3
resize_scale: 0.5
confiance: 0.55

random_seed: 1011
data_augmentation: False
samples: 130
