MAE: 10.784615384615385 [7, 35, 29, 9, 1, 8, 2, 12, 7, 8, 7, 5, 1, 8, 8, 4, 36, 15, 12, 6, 6, 2, 12, 2, 7, 1, 4, 2, 15, 59, 11, 5, 17, 3, 21, 3, 10, 0, 4, 3, 2, 0, 26, 9, 2, 2, 8, 5, 20, 2, 5, 16, 11, 4, 3, 3, 20, 10, 1, 3, 14, 2, 11, 13, 0, 4, 1, 17, 0, 11, 24, 3, 5, 1, 0, 3, 4, 14, 5, 29, 3, 4, 5, 37, 65, 7, 17, 23, 17, 3, 7, 9, 8, 14, 10, 2, 0, 48, 14, 20, 2, 6, 1, 8, 15, 5, 2, 12, 15, 20, 3, 92, 6, 6, 36, 15, 41, 17, 0, 12, 1, 1, 6, 15, 13, 1, 3, 6, 6, 3]
MAPE: 12.677462081436788 [15.217391304347828, 14.583333333333334, 31.182795698924732, 6.61764705882353, 1.36986301369863, 21.052631578947366, 4.3478260869565215, 11.76470588235294, 12.962962962962962, 9.523809523809524, 5.223880597014925, 17.24137931034483, 3.3333333333333335, 14.814814814814813, 14.285714285714285, 15.384615384615385, 13.432835820895523, 18.9873417721519, 6.9364161849710975, 10.344827586206897, 6.25, 2.4691358024691357, 9.523809523809524, 4.081632653061225, 7.368421052631578, 3.8461538461538463, 3.2520325203252036, 4.651162790697675, 8.928571428571429, 29.207920792079207, 9.649122807017543, 5.208333333333334, 18.27956989247312, 4.918032786885246, 8.974358974358974, 4.6875, 14.705882352941178, 0.0, 6.896551724137931, 6.382978723404255, 5.0, 0.0, 32.098765432098766, 18.367346938775512, 6.25, 2.898550724637681, 17.391304347826086, 8.620689655172415, 24.096385542168676, 1.639344262295082, 11.363636363636363, 15.686274509803921, 15.492957746478872, 17.391304347826086, 6.122448979591836, 15.789473684210526, 20.408163265306122, 13.157894736842104, 1.8181818181818181, 3.0927835051546393, 5.0, 4.0, 7.4324324324324325, 13.684210526315791, 0.0, 12.903225806451612, 1.3333333333333335, 8.018867924528301, 0.0, 22.916666666666664, 11.822660098522167, 2.727272727272727, 6.493506493506493, 3.3333333333333335, 0.0, 11.538461538461538, 10.256410256410255, 8.383233532934131, 8.620689655172415, 61.702127659574465, 7.317073170731707, 12.5, 4.132231404958678, 28.24427480916031, 24.714828897338403, 9.45945945945946, 12.318840579710146, 23.958333333333336, 94.44444444444444, 4.615384615384616, 16.27906976744186, 19.565217391304348, 11.11111111111111, 16.666666666666664, 9.345794392523365, 3.278688524590164, 0.0, 48.484848484848484, 17.94871794871795, 17.699115044247787, 3.571428571428571, 6.0, 3.4482758620689653, 4.761904761904762, 8.982035928143713, 13.88888888888889, 7.6923076923076925, 25.53191489361702, 12.711864406779661, 21.978021978021978, 4.615384615384616, 41.25560538116592, 7.894736842105263, 4.8, 19.45945945945946, 31.25, 34.45378151260504, 29.82456140350877, 0.0, 24.489795918367346, 2.3255813953488373, 1.0752688172043012, 17.142857142857142, 31.25, 27.083333333333332, 2.083333333333333, 5.263157894736842, 14.634146341463413, 7.894736842105263, 5.88235294117647]
RMSE: 17.16032992331217 [49, 1225, 841, 81, 1, 64, 4, 144, 49, 64, 49, 25, 1, 64, 64, 16, 1296, 225, 144, 36, 36, 4, 144, 4, 49, 1, 16, 4, 225, 3481, 121, 25, 289, 9, 441, 9, 100, 0, 16, 9, 4, 0, 676, 81, 4, 4, 64, 25, 400, 4, 25, 256, 121, 16, 9, 9, 400, 100, 1, 9, 196, 4, 121, 169, 0, 16, 1, 289, 0, 121, 576, 9, 25, 1, 0, 9, 16, 196, 25, 841, 9, 16, 25, 1369, 4225, 49, 289, 529, 289, 9, 49, 81, 64, 196, 100, 4, 0, 2304, 196, 400, 4, 36, 1, 64, 225, 25, 4, 144, 225, 400, 9, 8464, 36, 36, 1296, 225, 1681, 289, 0, 144, 1, 1, 36, 225, 169, 1, 9, 36, 36, 9]

pred: 10561 [39, 205, 64, 127, 74, 30, 44, 114, 61, 92, 127, 24, 31, 62, 64, 22, 232, 94, 161, 64, 102, 79, 114, 51, 102, 25, 119, 41, 153, 143, 103, 91, 110, 64, 213, 67, 78, 30, 54, 44, 38, 127, 107, 40, 30, 71, 38, 63, 103, 124, 39, 86, 60, 19, 46, 22, 118, 86, 54, 94, 266, 48, 137, 108, 124, 35, 76, 195, 120, 59, 179, 113, 82, 29, 39, 23, 43, 153, 63, 18, 38, 28, 126, 168, 198, 67, 155, 73, 1, 68, 50, 55, 64, 70, 117, 63, 16, 51, 64, 93, 54, 94, 30, 176, 182, 41, 24, 35, 103, 71, 68, 131, 70, 131, 149, 63, 78, 74, 37, 61, 42, 92, 29, 63, 35, 49, 54, 47, 70, 54]
real: 11073 [46, 240, 93, 136, 73, 38, 46, 102, 54, 84, 134, 29, 30, 54, 56, 26, 268, 79, 173, 58, 96, 81, 126, 49, 95, 26, 123, 43, 168, 202, 114, 96, 93, 61, 234, 64, 68, 30, 58, 47, 40, 127, 81, 49, 32, 69, 46, 58, 83, 122, 44, 102, 71, 23, 49, 19, 98, 76, 55, 97, 280, 50, 148, 95, 124, 31, 75, 212, 120, 48, 203, 110, 77, 30, 39, 26, 39, 167, 58, 47, 41, 32, 121, 131, 263, 74, 138, 96, 18, 65, 43, 46, 72, 84, 107, 61, 16, 99, 78, 113, 56, 100, 29, 168, 167, 36, 26, 47, 118, 91, 65, 223, 76, 125, 185, 48, 119, 57, 37, 49, 43, 93, 35, 48, 48, 48, 57, 41, 76, 51]

grid_scale: 0.5
resize_scale: 0.5
confiance: 0.7

random_seed: 1011
data_augmentation: False
samples: 130
