MAE: 8.707692307692307 [3, 10, 1, 21, 2, 12, 0, 29, 7, 20, 23, 3, 1, 14, 5, 3, 11, 18, 4, 14, 12, 10, 20, 3, 13, 1, 5, 2, 7, 4, 10, 6, 11, 3, 30, 4, 6, 2, 0, 2, 7, 4, 25, 3, 1, 1, 9, 3, 12, 3, 1, 5, 1, 4, 7, 3, 23, 4, 5, 6, 34, 3, 9, 22, 5, 2, 15, 34, 11, 11, 14, 30, 8, 3, 8, 2, 6, 9, 11, 10, 3, 1, 14, 12, 10, 1, 21, 10, 17, 5, 2, 1, 1, 4, 24, 1, 2, 23, 1, 3, 9, 7, 5, 27, 39, 5, 10, 2, 11, 2, 7, 31, 5, 0, 1, 6, 2, 13, 3, 12, 4, 11, 2, 6, 3, 3, 8, 6, 5, 5]
MAPE: 11.29044490507142 [6.521739130434782, 4.166666666666666, 1.0752688172043012, 15.441176470588236, 2.73972602739726, 31.57894736842105, 0.0, 28.431372549019606, 12.962962962962962, 23.809523809523807, 17.16417910447761, 10.344827586206897, 3.3333333333333335, 25.925925925925924, 8.928571428571429, 11.538461538461538, 4.104477611940299, 22.78481012658228, 2.312138728323699, 24.137931034482758, 12.5, 12.345679012345679, 15.873015873015872, 6.122448979591836, 13.684210526315791, 3.8461538461538463, 4.0650406504065035, 4.651162790697675, 4.166666666666666, 1.9801980198019802, 8.771929824561402, 6.25, 11.827956989247312, 4.918032786885246, 12.82051282051282, 6.25, 8.823529411764707, 6.666666666666667, 0.0, 4.25531914893617, 17.5, 3.149606299212598, 30.864197530864196, 6.122448979591836, 3.125, 1.4492753623188406, 19.565217391304348, 5.172413793103448, 14.457831325301203, 2.459016393442623, 2.272727272727273, 4.901960784313726, 1.4084507042253522, 17.391304347826086, 14.285714285714285, 15.789473684210526, 23.46938775510204, 5.263157894736842, 9.090909090909092, 6.185567010309279, 12.142857142857142, 6.0, 6.081081081081082, 23.157894736842106, 4.032258064516129, 6.451612903225806, 20.0, 16.037735849056602, 9.166666666666666, 22.916666666666664, 6.896551724137931, 27.27272727272727, 10.38961038961039, 10.0, 20.51282051282051, 7.6923076923076925, 15.384615384615385, 5.389221556886228, 18.96551724137931, 21.27659574468085, 7.317073170731707, 3.125, 11.570247933884298, 9.16030534351145, 3.802281368821293, 1.3513513513513513, 15.217391304347828, 10.416666666666668, 94.44444444444444, 7.6923076923076925, 4.651162790697675, 2.1739130434782608, 1.3888888888888888, 4.761904761904762, 22.429906542056074, 1.639344262295082, 12.5, 23.232323232323232, 1.282051282051282, 2.6548672566371683, 16.071428571428573, 7.000000000000001, 17.24137931034483, 16.071428571428573, 23.353293413173652, 13.88888888888889, 38.46153846153847, 4.25531914893617, 9.322033898305085, 2.197802197802198, 10.76923076923077, 13.901345291479823, 6.578947368421052, 0.0, 0.5405405405405406, 12.5, 1.680672268907563, 22.807017543859647, 8.108108108108109, 24.489795918367346, 9.30232558139535, 11.827956989247312, 5.714285714285714, 12.5, 6.25, 6.25, 14.035087719298245, 14.634146341463413, 6.578947368421052, 9.803921568627452]
RMSE: 12.094499703457068 [9, 100, 1, 441, 4, 144, 0, 841, 49, 400, 529, 9, 1, 196, 25, 9, 121, 324, 16, 196, 144, 100, 400, 9, 169, 1, 25, 4, 49, 16, 100, 36, 121, 9, 900, 16, 36, 4, 0, 4, 49, 16, 625, 9, 1, 1, 81, 9, 144, 9, 1, 25, 1, 16, 49, 9, 529, 16, 25, 36, 1156, 9, 81, 484, 25, 4, 225, 1156, 121, 121, 196, 900, 64, 9, 64, 4, 36, 81, 121, 100, 9, 1, 196, 144, 100, 1, 441, 100, 289, 25, 4, 1, 1, 16, 576, 1, 4, 529, 1, 9, 81, 49, 25, 729, 1521, 25, 100, 4, 121, 4, 49, 961, 25, 0, 1, 36, 4, 169, 9, 144, 16, 121, 4, 36, 9, 9, 64, 36, 25, 25]

pred: 11771 [49, 250, 94, 157, 71, 50, 46, 131, 61, 104, 157, 32, 29, 68, 61, 29, 279, 97, 169, 72, 108, 91, 146, 52, 108, 27, 128, 41, 175, 198, 124, 90, 104, 64, 264, 68, 74, 32, 58, 45, 47, 123, 106, 52, 31, 70, 37, 61, 95, 125, 45, 97, 72, 19, 56, 22, 121, 80, 60, 103, 314, 53, 157, 117, 129, 29, 90, 246, 109, 59, 217, 140, 85, 33, 47, 28, 45, 176, 69, 37, 44, 31, 107, 119, 253, 75, 159, 86, 1, 60, 45, 45, 73, 88, 131, 62, 14, 76, 79, 116, 65, 107, 34, 195, 206, 41, 36, 45, 107, 93, 72, 192, 81, 125, 184, 54, 117, 70, 34, 61, 47, 104, 33, 54, 45, 51, 65, 47, 81, 56]
real: 11073 [46, 240, 93, 136, 73, 38, 46, 102, 54, 84, 134, 29, 30, 54, 56, 26, 268, 79, 173, 58, 96, 81, 126, 49, 95, 26, 123, 43, 168, 202, 114, 96, 93, 61, 234, 64, 68, 30, 58, 47, 40, 127, 81, 49, 32, 69, 46, 58, 83, 122, 44, 102, 71, 23, 49, 19, 98, 76, 55, 97, 280, 50, 148, 95, 124, 31, 75, 212, 120, 48, 203, 110, 77, 30, 39, 26, 39, 167, 58, 47, 41, 32, 121, 131, 263, 74, 138, 96, 18, 65, 43, 46, 72, 84, 107, 61, 16, 99, 78, 113, 56, 100, 29, 168, 167, 36, 26, 47, 118, 91, 65, 223, 76, 125, 185, 48, 119, 57, 37, 49, 43, 93, 35, 48, 48, 48, 57, 41, 76, 51]

grid_scale: 0.4
resize_scale: 0.5
confiance: 0.7

random_seed: 1011
data_augmentation: False
samples: 130
