MAE: 12.684615384615384 [0, 14, 10, 8, 10, 5, 1, 26, 24, 21, 10, 1, 4, 16, 15, 2, 11, 31, 5, 15, 28, 6, 5, 5, 29, 1, 16, 3, 6, 28, 9, 4, 33, 13, 2, 12, 25, 4, 1, 1, 2, 17, 35, 6, 1, 8, 0, 17, 35, 23, 3, 1, 2, 2, 5, 4, 32, 24, 8, 11, 8, 5, 2, 22, 13, 11, 3, 10, 21, 19, 9, 24, 14, 2, 5, 4, 10, 2, 14, 20, 2, 3, 16, 48, 40, 1, 35, 11, 17, 11, 13, 13, 6, 3, 31, 11, 2, 30, 6, 4, 1, 17, 7, 31, 32, 9, 8, 6, 7, 0, 8, 78, 2, 27, 7, 25, 21, 32, 1, 29, 2, 10, 0, 25, 7, 13, 0, 16, 2, 9]
MAPE: 16.92462040923081 [0.0, 5.833333333333333, 10.75268817204301, 5.88235294117647, 13.698630136986301, 13.157894736842104, 2.1739130434782608, 25.49019607843137, 44.44444444444444, 25.0, 7.462686567164178, 3.4482758620689653, 13.333333333333334, 29.629629629629626, 26.785714285714285, 7.6923076923076925, 4.104477611940299, 39.24050632911392, 2.8901734104046244, 25.862068965517242, 29.166666666666668, 7.4074074074074066, 3.968253968253968, 10.204081632653061, 30.526315789473685, 3.8461538461538463, 13.008130081300814, 6.976744186046512, 3.571428571428571, 13.861386138613863, 7.894736842105263, 4.166666666666666, 35.483870967741936, 21.311475409836063, 0.8547008547008548, 18.75, 36.76470588235294, 13.333333333333334, 1.7241379310344827, 2.127659574468085, 5.0, 13.385826771653544, 43.20987654320987, 12.244897959183673, 3.125, 11.594202898550725, 0.0, 29.310344827586203, 42.168674698795186, 18.852459016393443, 6.8181818181818175, 0.9803921568627451, 2.8169014084507045, 8.695652173913043, 10.204081632653061, 21.052631578947366, 32.6530612244898, 31.57894736842105, 14.545454545454545, 11.34020618556701, 2.857142857142857, 10.0, 1.3513513513513513, 23.157894736842106, 10.483870967741936, 35.483870967741936, 4.0, 4.716981132075472, 17.5, 39.58333333333333, 4.433497536945813, 21.818181818181817, 18.181818181818183, 6.666666666666667, 12.82051282051282, 15.384615384615385, 25.64102564102564, 1.1976047904191618, 24.137931034482758, 42.5531914893617, 4.878048780487805, 9.375, 13.223140495867769, 36.6412213740458, 15.209125475285171, 1.3513513513513513, 25.36231884057971, 11.458333333333332, 94.44444444444444, 16.923076923076923, 30.23255813953488, 28.26086956521739, 8.333333333333332, 3.571428571428571, 28.971962616822427, 18.0327868852459, 12.5, 30.303030303030305, 7.6923076923076925, 3.5398230088495577, 1.7857142857142856, 17.0, 24.137931034482758, 18.452380952380953, 19.16167664670659, 25.0, 30.76923076923077, 12.76595744680851, 5.932203389830509, 0.0, 12.307692307692308, 34.97757847533632, 2.631578947368421, 21.6, 3.783783783783784, 52.083333333333336, 17.647058823529413, 56.14035087719298, 2.7027027027027026, 59.183673469387756, 4.651162790697675, 10.75268817204301, 0.0, 52.083333333333336, 14.583333333333334, 27.083333333333332, 0.0, 39.02439024390244, 2.631578947368421, 17.647058823529413]
RMSE: 17.539625467451167 [0, 196, 100, 64, 100, 25, 1, 676, 576, 441, 100, 1, 16, 256, 225, 4, 121, 961, 25, 225, 784, 36, 25, 25, 841, 1, 256, 9, 36, 784, 81, 16, 1089, 169, 4, 144, 625, 16, 1, 1, 4, 289, 1225, 36, 1, 64, 0, 289, 1225, 529, 9, 1, 4, 4, 25, 16, 1024, 576, 64, 121, 64, 25, 4, 484, 169, 121, 9, 100, 441, 361, 81, 576, 196, 4, 25, 16, 100, 4, 196, 400, 4, 9, 256, 2304, 1600, 1, 1225, 121, 289, 121, 169, 169, 36, 9, 961, 121, 4, 900, 36, 16, 1, 289, 49, 961, 1024, 81, 64, 36, 49, 0, 64, 6084, 4, 729, 49, 625, 441, 1024, 1, 841, 4, 100, 0, 625, 49, 169, 0, 256, 4, 81]

pred: 12022 [46, 226, 83, 144, 83, 43, 45, 128, 78, 105, 144, 28, 34, 70, 71, 24, 257, 110, 178, 73, 124, 87, 131, 54, 124, 27, 139, 46, 162, 174, 123, 100, 126, 74, 236, 76, 93, 34, 59, 48, 42, 144, 116, 43, 31, 77, 46, 75, 118, 145, 41, 101, 69, 21, 54, 23, 130, 100, 63, 108, 288, 55, 150, 117, 137, 42, 78, 222, 141, 67, 212, 134, 91, 32, 44, 30, 49, 165, 72, 27, 43, 29, 137, 179, 223, 73, 173, 85, 1, 76, 56, 59, 66, 81, 138, 72, 18, 69, 72, 109, 57, 117, 36, 199, 199, 45, 34, 41, 125, 91, 73, 145, 78, 152, 178, 73, 98, 89, 38, 78, 45, 103, 35, 73, 41, 61, 57, 57, 78, 60]
real: 11073 [46, 240, 93, 136, 73, 38, 46, 102, 54, 84, 134, 29, 30, 54, 56, 26, 268, 79, 173, 58, 96, 81, 126, 49, 95, 26, 123, 43, 168, 202, 114, 96, 93, 61, 234, 64, 68, 30, 58, 47, 40, 127, 81, 49, 32, 69, 46, 58, 83, 122, 44, 102, 71, 23, 49, 19, 98, 76, 55, 97, 280, 50, 148, 95, 124, 31, 75, 212, 120, 48, 203, 110, 77, 30, 39, 26, 39, 167, 58, 47, 41, 32, 121, 131, 263, 74, 138, 96, 18, 65, 43, 46, 72, 84, 107, 61, 16, 99, 78, 113, 56, 100, 29, 168, 167, 36, 26, 47, 118, 91, 65, 223, 76, 125, 185, 48, 119, 57, 37, 49, 43, 93, 35, 48, 48, 48, 57, 41, 76, 51]

grid_scale: 0.5
resize_scale: 0.5
confiance: 0.5

random_seed: 1011
data_augmentation: False
samples: 130
