MAE: 11.676923076923076 [8, 41, 32, 17, 2, 11, 2, 9, 4, 2, 15, 6, 1, 5, 7, 6, 44, 12, 16, 3, 0, 5, 16, 1, 1, 2, 10, 3, 22, 68, 16, 7, 10, 2, 29, 1, 9, 0, 8, 3, 2, 4, 22, 10, 3, 1, 12, 4, 18, 3, 6, 22, 13, 4, 5, 2, 16, 9, 5, 8, 22, 4, 14, 9, 4, 3, 2, 26, 8, 7, 27, 0, 3, 1, 0, 4, 3, 15, 4, 31, 6, 4, 3, 32, 72, 8, 9, 26, 17, 4, 6, 6, 11, 14, 5, 1, 0, 54, 19, 23, 4, 9, 0, 4, 11, 2, 3, 14, 22, 22, 1, 100, 9, 1, 44, 14, 47, 10, 2, 9, 2, 3, 6, 14, 15, 1, 5, 1, 9, 2]
MAPE: 13.227142289328578 [17.391304347826086, 17.083333333333332, 34.40860215053764, 12.5, 2.73972602739726, 28.947368421052634, 4.3478260869565215, 8.823529411764707, 7.4074074074074066, 2.380952380952381, 11.194029850746269, 20.689655172413794, 3.3333333333333335, 9.25925925925926, 12.5, 23.076923076923077, 16.417910447761194, 15.18987341772152, 9.248554913294797, 5.172413793103448, 0.0, 6.172839506172839, 12.698412698412698, 2.0408163265306123, 1.0526315789473684, 7.6923076923076925, 8.130081300813007, 6.976744186046512, 13.095238095238097, 33.663366336633665, 14.035087719298245, 7.291666666666667, 10.75268817204301, 3.278688524590164, 12.393162393162394, 1.5625, 13.23529411764706, 0.0, 13.793103448275861, 6.382978723404255, 5.0, 3.149606299212598, 27.160493827160494, 20.408163265306122, 9.375, 1.4492753623188406, 26.08695652173913, 6.896551724137931, 21.686746987951807, 2.459016393442623, 13.636363636363635, 21.568627450980394, 18.30985915492958, 17.391304347826086, 10.204081632653061, 10.526315789473683, 16.3265306122449, 11.842105263157894, 9.090909090909092, 8.24742268041237, 7.857142857142857, 8.0, 9.45945945945946, 9.473684210526317, 3.225806451612903, 9.67741935483871, 2.666666666666667, 12.264150943396226, 6.666666666666667, 14.583333333333334, 13.30049261083744, 0.0, 3.896103896103896, 3.3333333333333335, 0.0, 15.384615384615385, 7.6923076923076925, 8.982035928143713, 6.896551724137931, 65.95744680851064, 14.634146341463413, 12.5, 2.479338842975207, 24.427480916030532, 27.376425855513308, 10.81081081081081, 6.521739130434782, 27.083333333333332, 94.44444444444444, 6.153846153846154, 13.953488372093023, 13.043478260869565, 15.277777777777779, 16.666666666666664, 4.672897196261682, 1.639344262295082, 0.0, 54.54545454545454, 24.358974358974358, 20.353982300884958, 7.142857142857142, 9.0, 0.0, 2.380952380952381, 6.58682634730539, 5.555555555555555, 11.538461538461538, 29.78723404255319, 18.64406779661017, 24.175824175824175, 1.5384615384615385, 44.843049327354265, 11.842105263157894, 0.8, 23.783783783783786, 29.166666666666668, 39.49579831932773, 17.543859649122805, 5.405405405405405, 18.367346938775512, 4.651162790697675, 3.225806451612903, 17.142857142857142, 29.166666666666668, 31.25, 2.083333333333333, 8.771929824561402, 2.4390243902439024, 11.842105263157894, 3.9215686274509802]
RMSE: 19.00607190428283 [64, 1681, 1024, 289, 4, 121, 4, 81, 16, 4, 225, 36, 1, 25, 49, 36, 1936, 144, 256, 9, 0, 25, 256, 1, 1, 4, 100, 9, 484, 4624, 256, 49, 100, 4, 841, 1, 81, 0, 64, 9, 4, 16, 484, 100, 9, 1, 144, 16, 324, 9, 36, 484, 169, 16, 25, 4, 256, 81, 25, 64, 484, 16, 196, 81, 16, 9, 4, 676, 64, 49, 729, 0, 9, 1, 0, 16, 9, 225, 16, 961, 36, 16, 9, 1024, 5184, 64, 81, 676, 289, 16, 36, 36, 121, 196, 25, 1, 0, 2916, 361, 529, 16, 81, 0, 16, 121, 4, 9, 196, 484, 484, 1, 10000, 81, 1, 1936, 196, 2209, 100, 4, 81, 4, 9, 36, 196, 225, 1, 25, 1, 81, 4]

pred: 10145 [38, 199, 61, 119, 71, 27, 44, 111, 58, 86, 119, 23, 31, 59, 63, 20, 224, 91, 157, 61, 96, 76, 110, 50, 96, 24, 113, 40, 146, 134, 98, 89, 103, 63, 205, 65, 77, 30, 50, 44, 38, 123, 103, 39, 29, 68, 34, 62, 101, 119, 38, 80, 58, 19, 44, 21, 114, 85, 50, 89, 258, 46, 134, 104, 120, 34, 73, 186, 112, 55, 176, 110, 80, 29, 39, 22, 42, 152, 62, 16, 35, 28, 118, 163, 191, 66, 147, 70, 1, 61, 49, 52, 61, 70, 112, 62, 16, 45, 59, 90, 52, 91, 29, 172, 178, 38, 23, 33, 96, 69, 64, 123, 67, 126, 141, 62, 72, 67, 35, 58, 41, 90, 29, 62, 33, 49, 52, 42, 67, 53]
real: 11073 [46, 240, 93, 136, 73, 38, 46, 102, 54, 84, 134, 29, 30, 54, 56, 26, 268, 79, 173, 58, 96, 81, 126, 49, 95, 26, 123, 43, 168, 202, 114, 96, 93, 61, 234, 64, 68, 30, 58, 47, 40, 127, 81, 49, 32, 69, 46, 58, 83, 122, 44, 102, 71, 23, 49, 19, 98, 76, 55, 97, 280, 50, 148, 95, 124, 31, 75, 212, 120, 48, 203, 110, 77, 30, 39, 26, 39, 167, 58, 47, 41, 32, 121, 131, 263, 74, 138, 96, 18, 65, 43, 46, 72, 84, 107, 61, 16, 99, 78, 113, 56, 100, 29, 168, 167, 36, 26, 47, 118, 91, 65, 223, 76, 125, 185, 48, 119, 57, 37, 49, 43, 93, 35, 48, 48, 48, 57, 41, 76, 51]

grid_scale: 0.5
resize_scale: 0.5
confiance: 0.75

random_seed: 1011
data_augmentation: False
samples: 130
