MAE: 18.953846153846154 [6, 50, 3, 23, 16, 13, 4, 38, 8, 8, 25, 0, 5, 16, 5, 7, 128, 18, 32, 20, 12, 11, 106, 16, 13, 6, 12, 3, 39, 48, 4, 7, 17, 6, 141, 22, 18, 2, 2, 12, 9, 0, 9, 7, 9, 2, 2, 27, 21, 9, 6, 11, 12, 5, 2, 2, 24, 7, 24, 11, 153, 5, 54, 21, 27, 6, 10, 126, 9, 16, 77, 24, 6, 1, 0, 1, 15, 29, 3, 3, 41, 2, 8, 67, 88, 9, 29, 9, 11, 1, 2, 5, 11, 13, 13, 3, 21, 1, 0, 15, 7, 5, 7, 25, 27, 9, 11, 4, 16, 10, 14, 77, 11, 10, 23, 18, 8, 11, 9, 13, 13, 17, 2, 18, 3, 12, 6, 7, 11, 4]
MAPE: 20.427000366942917 [13.043478260869565, 20.833333333333336, 3.225806451612903, 16.911764705882355, 21.91780821917808, 34.21052631578947, 8.695652173913043, 37.254901960784316, 14.814814814814813, 9.523809523809524, 18.65671641791045, 0.0, 16.666666666666664, 29.629629629629626, 8.928571428571429, 26.923076923076923, 47.76119402985074, 22.78481012658228, 18.497109826589593, 34.48275862068966, 12.5, 13.580246913580247, 84.12698412698413, 32.6530612244898, 13.684210526315791, 23.076923076923077, 9.75609756097561, 6.976744186046512, 23.214285714285715, 23.762376237623762, 3.508771929824561, 7.291666666666667, 18.27956989247312, 9.836065573770492, 60.256410256410255, 34.375, 26.47058823529412, 6.666666666666667, 3.4482758620689653, 25.53191489361702, 22.5, 0.0, 11.11111111111111, 14.285714285714285, 28.125, 2.898550724637681, 4.3478260869565215, 46.55172413793103, 25.301204819277107, 7.377049180327869, 13.636363636363635, 10.784313725490197, 16.901408450704224, 21.73913043478261, 4.081632653061225, 10.526315789473683, 24.489795918367346, 9.210526315789473, 43.63636363636363, 11.34020618556701, 54.64285714285714, 10.0, 36.486486486486484, 22.105263157894736, 21.774193548387096, 19.35483870967742, 13.333333333333334, 59.43396226415094, 7.5, 33.33333333333333, 37.93103448275862, 21.818181818181817, 7.792207792207792, 3.3333333333333335, 0.0, 3.8461538461538463, 38.46153846153847, 17.365269461077844, 5.172413793103448, 6.382978723404255, 100.0, 6.25, 6.6115702479338845, 51.14503816793893, 33.460076045627375, 12.162162162162163, 21.014492753623188, 9.375, 61.111111111111114, 1.5384615384615385, 4.651162790697675, 10.869565217391305, 15.277777777777779, 15.476190476190476, 12.149532710280374, 4.918032786885246, 131.25, 1.0101010101010102, 0.0, 13.274336283185843, 12.5, 5.0, 24.137931034482758, 14.880952380952381, 16.16766467065868, 25.0, 42.30769230769231, 8.51063829787234, 13.559322033898304, 10.989010989010989, 21.53846153846154, 34.52914798206278, 14.473684210526317, 8.0, 12.432432432432433, 37.5, 6.722689075630252, 19.298245614035086, 24.324324324324326, 26.53061224489796, 30.23255813953488, 18.27956989247312, 5.714285714285714, 37.5, 6.25, 25.0, 10.526315789473683, 17.073170731707318, 14.473684210526317, 7.8431372549019605]
RMSE: 33.188274110919636 [36, 2500, 9, 529, 256, 169, 16, 1444, 64, 64, 625, 0, 25, 256, 25, 49, 16384, 324, 1024, 400, 144, 121, 11236, 256, 169, 36, 144, 9, 1521, 2304, 16, 49, 289, 36, 19881, 484, 324, 4, 4, 144, 81, 0, 81, 49, 81, 4, 4, 729, 441, 81, 36, 121, 144, 25, 4, 4, 576, 49, 576, 121, 23409, 25, 2916, 441, 729, 36, 100, 15876, 81, 256, 5929, 576, 36, 1, 0, 1, 225, 841, 9, 9, 1681, 4, 64, 4489, 7744, 81, 841, 81, 121, 1, 4, 25, 121, 169, 169, 9, 441, 1, 0, 225, 49, 25, 49, 625, 729, 81, 121, 16, 256, 100, 196, 5929, 121, 100, 529, 324, 64, 121, 81, 169, 169, 289, 4, 324, 9, 144, 36, 49, 121, 16]

pred: 13445 [52, 290, 90, 159, 89, 51, 50, 140, 62, 92, 159, 29, 25, 70, 61, 33, 396, 97, 205, 78, 108, 92, 232, 65, 108, 32, 135, 40, 207, 250, 118, 103, 110, 67, 375, 86, 86, 32, 56, 59, 49, 127, 90, 56, 41, 67, 44, 85, 104, 131, 50, 91, 83, 28, 51, 21, 122, 83, 79, 108, 433, 55, 202, 116, 151, 37, 85, 338, 129, 64, 280, 134, 83, 31, 39, 25, 54, 196, 55, 50, 82, 34, 129, 198, 351, 83, 167, 105, 7, 64, 45, 51, 83, 97, 120, 64, 37, 100, 78, 128, 63, 105, 36, 193, 194, 45, 37, 51, 134, 101, 79, 300, 87, 135, 208, 66, 127, 68, 46, 62, 56, 110, 33, 66, 51, 60, 63, 48, 87, 55]
real: 11073 [46, 240, 93, 136, 73, 38, 46, 102, 54, 84, 134, 29, 30, 54, 56, 26, 268, 79, 173, 58, 96, 81, 126, 49, 95, 26, 123, 43, 168, 202, 114, 96, 93, 61, 234, 64, 68, 30, 58, 47, 40, 127, 81, 49, 32, 69, 46, 58, 83, 122, 44, 102, 71, 23, 49, 19, 98, 76, 55, 97, 280, 50, 148, 95, 124, 31, 75, 212, 120, 48, 203, 110, 77, 30, 39, 26, 39, 167, 58, 47, 41, 32, 121, 131, 263, 74, 138, 96, 18, 65, 43, 46, 72, 84, 107, 61, 16, 99, 78, 113, 56, 100, 29, 168, 167, 36, 26, 47, 118, 91, 65, 223, 76, 125, 185, 48, 119, 57, 37, 49, 43, 93, 35, 48, 48, 48, 57, 41, 76, 51]

grid_scale: 0.2
resize_scale: 0.5
confiance: 0.5

random_seed: 1011
data_augmentation: False
samples: 130
