MAE: 16.923076923076923 [5, 38, 8, 21, 14, 13, 4, 33, 7, 7, 23, 1, 5, 15, 5, 7, 120, 13, 29, 18, 11, 10, 97, 13, 12, 3, 3, 4, 32, 45, 4, 6, 16, 4, 130, 20, 15, 0, 2, 11, 8, 1, 6, 7, 7, 4, 4, 24, 18, 4, 6, 12, 9, 4, 2, 2, 22, 4, 22, 11, 137, 4, 48, 17, 21, 5, 10, 116, 5, 15, 66, 24, 4, 1, 3, 1, 13, 26, 6, 2, 34, 2, 7, 58, 85, 9, 24, 7, 11, 3, 2, 5, 9, 10, 9, 2, 21, 0, 0, 12, 5, 5, 5, 24, 24, 8, 10, 4, 15, 9, 13, 68, 9, 9, 19, 18, 7, 10, 9, 12, 13, 13, 3, 18, 3, 10, 4, 6, 9, 3]
MAPE: 18.39801717997284 [10.869565217391305, 15.833333333333332, 8.60215053763441, 15.441176470588236, 19.17808219178082, 34.21052631578947, 8.695652173913043, 32.35294117647059, 12.962962962962962, 8.333333333333332, 17.16417910447761, 3.4482758620689653, 16.666666666666664, 27.77777777777778, 8.928571428571429, 26.923076923076923, 44.776119402985074, 16.455696202531644, 16.76300578034682, 31.03448275862069, 11.458333333333332, 12.345679012345679, 76.98412698412699, 26.53061224489796, 12.631578947368421, 11.538461538461538, 2.4390243902439024, 9.30232558139535, 19.047619047619047, 22.277227722772277, 3.508771929824561, 6.25, 17.20430107526882, 6.557377049180328, 55.55555555555556, 31.25, 22.058823529411764, 0.0, 3.4482758620689653, 23.404255319148938, 20.0, 0.7874015748031495, 7.4074074074074066, 14.285714285714285, 21.875, 5.797101449275362, 8.695652173913043, 41.37931034482759, 21.686746987951807, 3.278688524590164, 13.636363636363635, 11.76470588235294, 12.676056338028168, 17.391304347826086, 4.081632653061225, 10.526315789473683, 22.448979591836736, 5.263157894736842, 40.0, 11.34020618556701, 48.92857142857142, 8.0, 32.432432432432435, 17.894736842105264, 16.93548387096774, 16.129032258064516, 13.333333333333334, 54.71698113207547, 4.166666666666666, 31.25, 32.51231527093596, 21.818181818181817, 5.194805194805195, 3.3333333333333335, 7.6923076923076925, 3.8461538461538463, 33.33333333333333, 15.568862275449103, 10.344827586206897, 4.25531914893617, 82.92682926829268, 6.25, 5.785123966942149, 44.274809160305345, 32.31939163498099, 12.162162162162163, 17.391304347826086, 7.291666666666667, 61.111111111111114, 4.615384615384616, 4.651162790697675, 10.869565217391305, 12.5, 11.904761904761903, 8.411214953271028, 3.278688524590164, 131.25, 0.0, 0.0, 10.619469026548673, 8.928571428571429, 5.0, 17.24137931034483, 14.285714285714285, 14.37125748502994, 22.22222222222222, 38.46153846153847, 8.51063829787234, 12.711864406779661, 9.89010989010989, 20.0, 30.493273542600896, 11.842105263157894, 7.199999999999999, 10.27027027027027, 37.5, 5.88235294117647, 17.543859649122805, 24.324324324324326, 24.489795918367346, 30.23255813953488, 13.978494623655912, 8.571428571428571, 37.5, 6.25, 20.833333333333336, 7.017543859649122, 14.634146341463413, 11.842105263157894, 5.88235294117647]
RMSE: 30.04150974389116 [25, 1444, 64, 441, 196, 169, 16, 1089, 49, 49, 529, 1, 25, 225, 25, 49, 14400, 169, 841, 324, 121, 100, 9409, 169, 144, 9, 9, 16, 1024, 2025, 16, 36, 256, 16, 16900, 400, 225, 0, 4, 121, 64, 1, 36, 49, 49, 16, 16, 576, 324, 16, 36, 144, 81, 16, 4, 4, 484, 16, 484, 121, 18769, 16, 2304, 289, 441, 25, 100, 13456, 25, 225, 4356, 576, 16, 1, 9, 1, 169, 676, 36, 4, 1156, 4, 49, 3364, 7225, 81, 576, 49, 121, 9, 4, 25, 81, 100, 81, 4, 441, 0, 0, 144, 25, 25, 25, 576, 576, 64, 100, 16, 225, 81, 169, 4624, 81, 81, 361, 324, 49, 100, 81, 144, 169, 169, 9, 324, 9, 100, 16, 36, 81, 9]

pred: 13137 [51, 278, 85, 157, 87, 51, 50, 135, 61, 91, 157, 28, 25, 69, 61, 33, 388, 92, 202, 76, 107, 91, 223, 62, 107, 29, 126, 39, 200, 247, 118, 102, 109, 65, 364, 84, 83, 30, 56, 58, 48, 126, 87, 56, 39, 65, 42, 82, 101, 126, 50, 90, 80, 27, 51, 21, 120, 80, 77, 108, 417, 54, 196, 112, 145, 36, 85, 328, 125, 63, 269, 134, 81, 31, 36, 25, 52, 193, 52, 49, 75, 34, 128, 189, 348, 83, 162, 103, 7, 62, 45, 51, 81, 94, 116, 63, 37, 99, 78, 125, 61, 105, 34, 192, 191, 44, 36, 51, 133, 100, 78, 291, 85, 134, 204, 66, 126, 67, 46, 61, 56, 106, 32, 66, 51, 58, 61, 47, 85, 54]
real: 11073 [46, 240, 93, 136, 73, 38, 46, 102, 54, 84, 134, 29, 30, 54, 56, 26, 268, 79, 173, 58, 96, 81, 126, 49, 95, 26, 123, 43, 168, 202, 114, 96, 93, 61, 234, 64, 68, 30, 58, 47, 40, 127, 81, 49, 32, 69, 46, 58, 83, 122, 44, 102, 71, 23, 49, 19, 98, 76, 55, 97, 280, 50, 148, 95, 124, 31, 75, 212, 120, 48, 203, 110, 77, 30, 39, 26, 39, 167, 58, 47, 41, 32, 121, 131, 263, 74, 138, 96, 18, 65, 43, 46, 72, 84, 107, 61, 16, 99, 78, 113, 56, 100, 29, 168, 167, 36, 26, 47, 118, 91, 65, 223, 76, 125, 185, 48, 119, 57, 37, 49, 43, 93, 35, 48, 48, 48, 57, 41, 76, 51]

grid_scale: 0.2
resize_scale: 0.5
confiance: 0.55

random_seed: 1011
data_augmentation: False
samples: 130
