MAE: 12.1 [23, 47, 3, 0, 23, 3, 10, 7, 30, 12, 10, 4, 5, 0, 3, 32, 4, 30, 1, 4, 10, 1, 23, 4, 13, 4, 37, 11, 5, 0, 26, 4, 21, 6, 7, 11, 18, 2, 24, 18, 1, 1, 3, 4, 38, 18, 5, 65, 18, 4, 21, 72, 1, 6, 7, 14, 11, 2, 1, 1, 8, 15, 36, 4, 5, 26, 18, 17, 22, 2, 22, 25, 26, 15, 14, 24, 30, 6, 4, 2, 12, 1, 4, 1, 7, 6, 9, 16, 0, 5, 4, 1, 0, 3, 6, 3, 13, 2, 1, 38, 1, 0, 1, 4, 19, 7, 12, 7, 43, 32, 45, 3, 9, 4, 2, 0, 13, 8, 2, 14, 0, 47, 2, 9, 29, 3, 5, 0, 1, 9]
MAPE: 14.717224544001109 [19.00826446280992, 50.53763440860215, 5.172413793103448, 0.0, 25.274725274725274, 5.263157894736842, 21.73913043478261, 4.166666666666666, 14.150943396226415, 22.22222222222222, 38.46153846153847, 9.30232558139535, 7.042253521126761, 0.0, 13.043478260869565, 33.33333333333333, 8.0, 35.714285714285715, 3.3333333333333335, 3.361344537815126, 38.46153846153847, 2.7027027027027026, 17.557251908396946, 6.896551724137931, 27.083333333333332, 8.333333333333332, 20.0, 8.870967741935484, 10.204081632653061, 0.0, 21.311475409836063, 11.11111111111111, 18.421052631578945, 6.451612903225806, 8.641975308641975, 11.827956989247312, 38.297872340425535, 2.73972602739726, 20.0, 14.285714285714285, 3.125, 2.631578947368421, 6.521739130434782, 9.75609756097561, 33.6283185840708, 14.399999999999999, 6.578947368421052, 29.14798206278027, 37.5, 6.896551724137931, 42.857142857142854, 61.016949152542374, 0.5780346820809248, 9.230769230769232, 10.294117647058822, 11.023622047244094, 6.547619047619048, 12.5, 1.7543859649122806, 1.2987012987012987, 14.285714285714285, 15.306122448979592, 15.0, 6.25, 26.31578947368421, 24.299065420560748, 18.75, 36.17021276595745, 14.864864864864865, 3.571428571428571, 22.22222222222222, 30.120481927710845, 15.568862275449103, 14.705882352941178, 5.982905982905983, 8.571428571428571, 38.46153846153847, 7.4074074074074066, 4.0, 3.278688524590164, 24.489795918367346, 3.3333333333333335, 9.30232558139535, 0.5988023952095809, 7.216494845360824, 9.230769230769232, 19.565217391304348, 88.88888888888889, 0.0, 3.731343283582089, 7.8431372549019605, 1.0526315789473684, 0.0, 11.538461538461538, 4.878048780487805, 11.538461538461538, 26.53061224489796, 4.651162790697675, 1.7241379310344827, 14.17910447761194, 2.272727272727273, 0.0, 3.4482758620689653, 5.333333333333334, 20.0, 17.94871794871795, 15.789473684210526, 24.137931034482758, 21.182266009852217, 23.18840579710145, 22.277227722772277, 4.3478260869565215, 10.714285714285714, 11.428571428571429, 2.5316455696202533, 0.0, 17.105263157894736, 3.041825095057034, 2.7777777777777777, 29.166666666666668, 0.0, 114.6341463414634, 3.7037037037037033, 12.162162162162163, 28.431372549019606, 9.67741935483871, 3.6764705882352944, 0.0, 1.0416666666666665, 8.181818181818182]
RMSE: 18.116927910743502 [529, 2209, 9, 0, 529, 9, 100, 49, 900, 144, 100, 16, 25, 0, 9, 1024, 16, 900, 1, 16, 100, 1, 529, 16, 169, 16, 1369, 121, 25, 0, 676, 16, 441, 36, 49, 121, 324, 4, 576, 324, 1, 1, 9, 16, 1444, 324, 25, 4225, 324, 16, 441, 5184, 1, 36, 49, 196, 121, 4, 1, 1, 64, 225, 1296, 16, 25, 676, 324, 289, 484, 4, 484, 625, 676, 225, 196, 576, 900, 36, 16, 4, 144, 1, 16, 1, 49, 36, 81, 256, 0, 25, 16, 1, 0, 9, 36, 9, 169, 4, 1, 1444, 1, 0, 1, 16, 361, 49, 144, 49, 1849, 1024, 2025, 9, 81, 16, 4, 0, 169, 64, 4, 196, 0, 2209, 4, 81, 841, 9, 25, 0, 1, 81]

pred: 10568 [98, 46, 61, 47, 68, 54, 36, 161, 242, 66, 16, 47, 66, 32, 26, 64, 46, 114, 29, 115, 16, 36, 154, 54, 61, 52, 148, 135, 54, 55, 96, 40, 93, 99, 74, 82, 29, 75, 96, 108, 33, 37, 43, 45, 75, 107, 81, 158, 30, 54, 70, 46, 172, 59, 75, 113, 157, 14, 58, 78, 48, 113, 204, 60, 24, 133, 78, 30, 126, 54, 77, 108, 193, 117, 220, 256, 48, 87, 104, 63, 37, 29, 39, 168, 104, 59, 37, 2, 39, 129, 55, 96, 46, 29, 117, 29, 36, 41, 59, 230, 45, 61, 28, 71, 114, 32, 88, 36, 246, 170, 157, 66, 75, 31, 77, 30, 89, 255, 70, 62, 48, 88, 56, 65, 73, 28, 131, 40, 97, 119]
real: 11073 [121, 93, 58, 47, 91, 57, 46, 168, 212, 54, 26, 43, 71, 32, 23, 96, 50, 84, 30, 119, 26, 37, 131, 58, 48, 48, 185, 124, 49, 55, 122, 36, 114, 93, 81, 93, 47, 73, 120, 126, 32, 38, 46, 41, 113, 125, 76, 223, 48, 58, 49, 118, 173, 65, 68, 127, 168, 16, 57, 77, 56, 98, 240, 64, 19, 107, 96, 47, 148, 56, 99, 83, 167, 102, 234, 280, 78, 81, 100, 61, 49, 30, 43, 167, 97, 65, 46, 18, 39, 134, 51, 95, 46, 26, 123, 26, 49, 43, 58, 268, 44, 61, 29, 75, 95, 39, 76, 29, 203, 138, 202, 69, 84, 35, 79, 30, 76, 263, 72, 48, 48, 41, 54, 74, 102, 31, 136, 40, 96, 110]

grid_scale: 0.5
resize_scale: 0.5
confiance: 0.65

random_seed: 1011
data_augmentation: True
samples: 130
