MAE: 10.153846153846153 [6, 27, 8, 2, 5, 4, 5, 11, 2, 4, 6, 8, 1, 5, 1, 3, 33, 3, 2, 5, 3, 6, 17, 89, 1, 7, 10, 1, 3, 31, 6, 3, 5, 10, 33, 8, 11, 4, 2, 11, 7, 13, 16, 0, 6, 7, 2, 14, 6, 3, 8, 8, 7, 4, 8, 5, 12, 0, 17, 3, 28, 5, 10, 17, 17, 8, 8, 58, 5, 7, 18, 3, 1, 2, 0, 1, 11, 5, 8, 2, 138, 1, 2, 22, 50, 4, 12, 7, 16, 11, 5, 3, 11, 7, 16, 20, 28, 0, 2, 3, 2, 1, 18, 2, 4, 2, 2, 5, 8, 3, 1, 10, 10, 3, 9, 17, 7, 12, 10, 10, 11, 2, 1, 10, 7, 17, 10, 3, 3, 0]
MAPE: 16.577973451737353 [13.043478260869565, 11.25, 8.60215053763441, 1.4705882352941175, 6.8493150684931505, 10.526315789473683, 10.869565217391305, 10.784313725490197, 3.7037037037037033, 4.761904761904762, 4.477611940298507, 27.586206896551722, 3.3333333333333335, 9.25925925925926, 1.7857142857142856, 11.538461538461538, 12.313432835820896, 3.79746835443038, 1.1560693641618496, 8.620689655172415, 3.125, 7.4074074074074066, 13.492063492063492, 181.6326530612245, 1.0526315789473684, 26.923076923076923, 8.130081300813007, 2.3255813953488373, 1.7857142857142856, 15.346534653465346, 5.263157894736842, 3.125, 5.376344086021505, 16.39344262295082, 14.102564102564102, 12.5, 16.176470588235293, 13.333333333333334, 3.4482758620689653, 23.404255319148938, 17.5, 10.236220472440944, 19.753086419753085, 0.0, 18.75, 10.144927536231885, 4.3478260869565215, 24.137931034482758, 7.228915662650602, 2.459016393442623, 18.181818181818183, 7.8431372549019605, 9.859154929577464, 17.391304347826086, 16.3265306122449, 26.31578947368421, 12.244897959183673, 0.0, 30.909090909090907, 3.0927835051546393, 10.0, 10.0, 6.756756756756757, 17.894736842105264, 13.709677419354838, 25.806451612903224, 10.666666666666668, 27.358490566037734, 4.166666666666666, 14.583333333333334, 8.866995073891626, 2.727272727272727, 1.2987012987012987, 6.666666666666667, 0.0, 3.8461538461538463, 28.205128205128204, 2.9940119760479043, 13.793103448275861, 4.25531914893617, 336.5853658536585, 3.125, 1.6528925619834711, 16.793893129770993, 19.011406844106464, 5.405405405405405, 8.695652173913043, 7.291666666666667, 88.88888888888889, 16.923076923076923, 11.627906976744185, 6.521739130434782, 15.277777777777779, 8.333333333333332, 14.953271028037381, 32.78688524590164, 175.0, 0.0, 2.564102564102564, 2.6548672566371683, 3.571428571428571, 1.0, 62.06896551724138, 1.1904761904761905, 2.3952095808383236, 5.555555555555555, 7.6923076923076925, 10.638297872340425, 6.779661016949152, 3.296703296703297, 1.5384615384615385, 4.484304932735426, 13.157894736842104, 2.4, 4.864864864864865, 35.41666666666667, 5.88235294117647, 21.052631578947366, 27.027027027027028, 20.408163265306122, 25.581395348837212, 2.1505376344086025, 2.857142857142857, 20.833333333333336, 14.583333333333334, 35.41666666666667, 17.543859649122805, 7.317073170731707, 3.9473684210526314, 0.0]
RMSE: 18.97042232204974 [36, 729, 64, 4, 25, 16, 25, 121, 4, 16, 36, 64, 1, 25, 1, 9, 1089, 9, 4, 25, 9, 36, 289, 7921, 1, 49, 100, 1, 9, 961, 36, 9, 25, 100, 1089, 64, 121, 16, 4, 121, 49, 169, 256, 0, 36, 49, 4, 196, 36, 9, 64, 64, 49, 16, 64, 25, 144, 0, 289, 9, 784, 25, 100, 289, 289, 64, 64, 3364, 25, 49, 324, 9, 1, 4, 0, 1, 121, 25, 64, 4, 19044, 1, 4, 484, 2500, 16, 144, 49, 256, 121, 25, 9, 121, 49, 256, 400, 784, 0, 4, 9, 4, 1, 324, 4, 16, 4, 4, 25, 64, 9, 1, 100, 100, 9, 81, 289, 49, 144, 100, 100, 121, 4, 1, 100, 49, 289, 100, 9, 9, 0]

pred: 11987 [52, 267, 85, 138, 78, 42, 51, 113, 52, 88, 140, 37, 31, 59, 57, 29, 301, 82, 175, 63, 93, 87, 143, 138, 94, 33, 113, 44, 171, 171, 108, 93, 88, 71, 267, 72, 79, 34, 56, 58, 47, 114, 97, 49, 38, 76, 48, 72, 89, 119, 52, 94, 78, 27, 57, 24, 110, 76, 72, 100, 308, 55, 138, 112, 141, 39, 83, 270, 115, 55, 221, 113, 78, 32, 39, 27, 50, 172, 66, 45, 179, 33, 119, 153, 313, 70, 150, 89, 2, 76, 38, 49, 83, 91, 123, 81, 44, 99, 80, 116, 54, 101, 47, 170, 171, 38, 24, 42, 110, 94, 66, 213, 86, 122, 176, 65, 126, 69, 47, 59, 54, 95, 34, 58, 41, 65, 47, 44, 79, 51]
real: 11073 [46, 240, 93, 136, 73, 38, 46, 102, 54, 84, 134, 29, 30, 54, 56, 26, 268, 79, 173, 58, 96, 81, 126, 49, 95, 26, 123, 43, 168, 202, 114, 96, 93, 61, 234, 64, 68, 30, 58, 47, 40, 127, 81, 49, 32, 69, 46, 58, 83, 122, 44, 102, 71, 23, 49, 19, 98, 76, 55, 97, 280, 50, 148, 95, 124, 31, 75, 212, 120, 48, 203, 110, 77, 30, 39, 26, 39, 167, 58, 47, 41, 32, 121, 131, 263, 74, 138, 96, 18, 65, 43, 46, 72, 84, 107, 61, 16, 99, 78, 113, 56, 100, 29, 168, 167, 36, 26, 47, 118, 91, 65, 223, 76, 125, 185, 48, 119, 57, 37, 49, 43, 93, 35, 48, 48, 48, 57, 41, 76, 51]

grid_scale: 0.3
resize_scale: 0.5
confiance: 0.55

random_seed: 1011
data_augmentation: True
samples: 130
