MAE: 15.038461538461538 [8, 43, 6, 9, 15, 9, 9, 21, 6, 5, 24, 5, 4, 19, 4, 5, 45, 5, 7, 15, 5, 11, 42, 113, 1, 11, 2, 5, 20, 9, 0, 0, 7, 21, 44, 18, 25, 8, 0, 13, 13, 3, 31, 6, 11, 9, 8, 10, 13, 2, 11, 2, 5, 1, 6, 6, 11, 5, 26, 2, 60, 10, 17, 15, 22, 2, 25, 98, 0, 9, 76, 8, 4, 4, 1, 2, 12, 18, 4, 4, 161, 5, 6, 65, 55, 0, 24, 1, 14, 22, 4, 6, 7, 8, 15, 20, 42, 5, 8, 7, 1, 3, 28, 16, 19, 11, 5, 5, 8, 3, 5, 25, 13, 5, 14, 8, 5, 19, 11, 7, 15, 2, 1, 17, 2, 20, 0, 5, 7, 9]
MAPE: 22.99432967239908 [17.391304347826086, 17.916666666666668, 6.451612903225806, 6.61764705882353, 20.54794520547945, 23.684210526315788, 19.565217391304348, 20.588235294117645, 11.11111111111111, 5.952380952380952, 17.91044776119403, 17.24137931034483, 13.333333333333334, 35.18518518518518, 7.142857142857142, 19.230769230769234, 16.791044776119403, 6.329113924050633, 4.046242774566474, 25.862068965517242, 5.208333333333334, 13.580246913580247, 33.33333333333333, 230.6122448979592, 1.0526315789473684, 42.30769230769231, 1.6260162601626018, 11.627906976744185, 11.904761904761903, 4.455445544554455, 0.0, 0.0, 7.526881720430108, 34.42622950819672, 18.803418803418804, 28.125, 36.76470588235294, 26.666666666666668, 0.0, 27.659574468085108, 32.5, 2.3622047244094486, 38.2716049382716, 12.244897959183673, 34.375, 13.043478260869565, 17.391304347826086, 17.24137931034483, 15.66265060240964, 1.639344262295082, 25.0, 1.9607843137254901, 7.042253521126761, 4.3478260869565215, 12.244897959183673, 31.57894736842105, 11.224489795918368, 6.578947368421052, 47.27272727272727, 2.0618556701030926, 21.428571428571427, 20.0, 11.486486486486488, 15.789473684210526, 17.741935483870968, 6.451612903225806, 33.33333333333333, 46.22641509433962, 0.0, 18.75, 37.4384236453202, 7.2727272727272725, 5.194805194805195, 13.333333333333334, 2.564102564102564, 7.6923076923076925, 30.76923076923077, 10.778443113772456, 6.896551724137931, 8.51063829787234, 392.6829268292683, 15.625, 4.958677685950414, 49.61832061068702, 20.912547528517113, 0.0, 17.391304347826086, 1.0416666666666665, 77.77777777777779, 33.84615384615385, 9.30232558139535, 13.043478260869565, 9.722222222222223, 9.523809523809524, 14.018691588785046, 32.78688524590164, 262.5, 5.05050505050505, 10.256410256410255, 6.1946902654867255, 1.7857142857142856, 3.0, 96.55172413793103, 9.523809523809524, 11.377245508982035, 30.555555555555557, 19.230769230769234, 10.638297872340425, 6.779661016949152, 3.296703296703297, 7.6923076923076925, 11.210762331838566, 17.105263157894736, 4.0, 7.567567567567568, 16.666666666666664, 4.201680672268908, 33.33333333333333, 29.72972972972973, 14.285714285714285, 34.883720930232556, 2.1505376344086025, 2.857142857142857, 35.41666666666667, 4.166666666666666, 41.66666666666667, 0.0, 12.195121951219512, 9.210526315789473, 17.647058823529413]
RMSE: 26.44399015626453 [64, 1849, 36, 81, 225, 81, 81, 441, 36, 25, 576, 25, 16, 361, 16, 25, 2025, 25, 49, 225, 25, 121, 1764, 12769, 1, 121, 4, 25, 400, 81, 0, 0, 49, 441, 1936, 324, 625, 64, 0, 169, 169, 9, 961, 36, 121, 81, 64, 100, 169, 4, 121, 4, 25, 1, 36, 36, 121, 25, 676, 4, 3600, 100, 289, 225, 484, 4, 625, 9604, 0, 81, 5776, 64, 16, 16, 1, 4, 144, 324, 16, 16, 25921, 25, 36, 4225, 3025, 0, 576, 1, 196, 484, 16, 36, 49, 64, 225, 400, 1764, 25, 64, 49, 1, 9, 784, 256, 361, 121, 25, 25, 64, 9, 25, 625, 169, 25, 196, 64, 25, 361, 121, 49, 225, 4, 1, 289, 4, 400, 0, 25, 49, 81]

pred: 12940 [54, 283, 99, 145, 88, 47, 55, 123, 60, 89, 158, 34, 34, 73, 60, 31, 313, 84, 180, 73, 101, 92, 168, 162, 96, 37, 125, 48, 188, 211, 114, 96, 100, 82, 278, 82, 93, 38, 58, 60, 53, 124, 112, 55, 43, 78, 54, 68, 96, 124, 55, 100, 76, 24, 55, 25, 109, 81, 81, 99, 340, 60, 165, 110, 146, 33, 100, 310, 120, 57, 279, 118, 81, 34, 40, 28, 51, 185, 62, 51, 202, 37, 115, 196, 318, 74, 162, 95, 4, 87, 39, 52, 79, 92, 122, 81, 58, 104, 86, 120, 57, 103, 57, 184, 186, 47, 31, 42, 110, 94, 70, 248, 89, 130, 199, 56, 124, 76, 48, 56, 58, 95, 34, 65, 50, 68, 57, 46, 83, 60]
real: 11073 [46, 240, 93, 136, 73, 38, 46, 102, 54, 84, 134, 29, 30, 54, 56, 26, 268, 79, 173, 58, 96, 81, 126, 49, 95, 26, 123, 43, 168, 202, 114, 96, 93, 61, 234, 64, 68, 30, 58, 47, 40, 127, 81, 49, 32, 69, 46, 58, 83, 122, 44, 102, 71, 23, 49, 19, 98, 76, 55, 97, 280, 50, 148, 95, 124, 31, 75, 212, 120, 48, 203, 110, 77, 30, 39, 26, 39, 167, 58, 47, 41, 32, 121, 131, 263, 74, 138, 96, 18, 65, 43, 46, 72, 84, 107, 61, 16, 99, 78, 113, 56, 100, 29, 168, 167, 36, 26, 47, 118, 91, 65, 223, 76, 125, 185, 48, 119, 57, 37, 49, 43, 93, 35, 48, 48, 48, 57, 41, 76, 51]

grid_scale: 0.3
resize_scale: 0.5
confiance: 0.4

random_seed: 1011
data_augmentation: True
samples: 130
