MAE: 16.369230769230768 [5, 11, 38, 16, 11, 4, 8, 52, 5, 65, 16, 0, 3, 19, 4, 5, 23, 2, 42, 21, 29, 12, 16, 30, 14, 3, 5, 2, 23, 2, 2, 4, 27, 6, 16, 1, 4, 3, 12, 3, 9, 9, 9, 3, 5, 6, 7, 17, 50, 9, 2, 15, 5, 1, 5, 2, 33, 20, 20, 5, 17, 6, 31, 34, 24, 2, 18, 58, 2, 4, 62, 38, 20, 2, 1, 7, 11, 68, 6, 15, 46, 4, 16, 92, 58, 9, 77, 20, 17, 2, 4, 3, 5, 18, 64, 3, 1, 29, 16, 13, 2, 19, 17, 41, 56, 4, 2, 26, 55, 7, 12, 18, 3, 21, 6, 23, 8, 5, 5, 12, 6, 5, 2, 18, 16, 5, 0, 9, 3, 3]
MAPE: 19.658860875497158 [10.869565217391305, 4.583333333333333, 40.86021505376344, 11.76470588235294, 15.068493150684931, 10.526315789473683, 17.391304347826086, 50.98039215686274, 9.25925925925926, 77.38095238095238, 11.940298507462686, 0.0, 10.0, 35.18518518518518, 7.142857142857142, 19.230769230769234, 8.582089552238806, 2.5316455696202533, 24.277456647398843, 36.206896551724135, 30.208333333333332, 14.814814814814813, 12.698412698412698, 61.224489795918366, 14.736842105263156, 11.538461538461538, 4.0650406504065035, 4.651162790697675, 13.690476190476192, 0.9900990099009901, 1.7543859649122806, 4.166666666666666, 29.03225806451613, 9.836065573770492, 6.837606837606838, 1.5625, 5.88235294117647, 10.0, 20.689655172413794, 6.382978723404255, 22.5, 7.086614173228346, 11.11111111111111, 6.122448979591836, 15.625, 8.695652173913043, 15.217391304347828, 29.310344827586203, 60.24096385542169, 7.377049180327869, 4.545454545454546, 14.705882352941178, 7.042253521126761, 4.3478260869565215, 10.204081632653061, 10.526315789473683, 33.6734693877551, 26.31578947368421, 36.36363636363637, 5.154639175257731, 6.071428571428571, 12.0, 20.945945945945947, 35.78947368421053, 19.35483870967742, 6.451612903225806, 24.0, 27.358490566037734, 1.6666666666666667, 8.333333333333332, 30.541871921182267, 34.54545454545455, 25.97402597402597, 6.666666666666667, 2.564102564102564, 26.923076923076923, 28.205128205128204, 40.7185628742515, 10.344827586206897, 31.914893617021278, 112.19512195121952, 12.5, 13.223140495867769, 70.22900763358778, 22.0532319391635, 12.162162162162163, 55.79710144927537, 20.833333333333336, 94.44444444444444, 3.076923076923077, 9.30232558139535, 6.521739130434782, 6.944444444444445, 21.428571428571427, 59.813084112149525, 4.918032786885246, 6.25, 29.292929292929294, 20.51282051282051, 11.504424778761061, 3.571428571428571, 19.0, 58.620689655172406, 24.404761904761905, 33.532934131736525, 11.11111111111111, 7.6923076923076925, 55.319148936170215, 46.61016949152542, 7.6923076923076925, 18.461538461538463, 8.071748878923767, 3.9473684210526314, 16.8, 3.2432432432432434, 47.91666666666667, 6.722689075630252, 8.771929824561402, 13.513513513513514, 24.489795918367346, 13.953488372093023, 5.376344086021505, 5.714285714285714, 37.5, 33.33333333333333, 10.416666666666668, 0.0, 21.951219512195124, 3.9473684210526314, 5.88235294117647]
RMSE: 24.472590633353313 [25, 121, 1444, 256, 121, 16, 64, 2704, 25, 4225, 256, 0, 9, 361, 16, 25, 529, 4, 1764, 441, 841, 144, 256, 900, 196, 9, 25, 4, 529, 4, 4, 16, 729, 36, 256, 1, 16, 9, 144, 9, 81, 81, 81, 9, 25, 36, 49, 289, 2500, 81, 4, 225, 25, 1, 25, 4, 1089, 400, 400, 25, 289, 36, 961, 1156, 576, 4, 324, 3364, 4, 16, 3844, 1444, 400, 4, 1, 49, 121, 4624, 36, 225, 2116, 16, 256, 8464, 3364, 81, 5929, 400, 289, 4, 16, 9, 25, 324, 4096, 9, 1, 841, 256, 169, 4, 361, 289, 1681, 3136, 16, 4, 676, 3025, 49, 144, 324, 9, 441, 36, 529, 64, 25, 25, 144, 36, 25, 4, 324, 256, 25, 0, 81, 9, 9]

pred: 12403 [41, 251, 55, 152, 84, 34, 54, 154, 59, 149, 150, 29, 27, 73, 60, 31, 291, 81, 215, 79, 125, 93, 142, 79, 109, 29, 118, 41, 191, 204, 116, 92, 120, 67, 250, 63, 72, 33, 46, 50, 49, 118, 90, 52, 37, 75, 39, 75, 133, 131, 46, 87, 76, 22, 44, 21, 131, 96, 75, 102, 297, 44, 179, 129, 148, 29, 93, 270, 118, 52, 265, 148, 97, 32, 38, 19, 50, 235, 64, 32, 87, 36, 105, 223, 321, 65, 215, 76, 1, 67, 47, 49, 77, 102, 171, 64, 17, 70, 62, 100, 54, 119, 46, 209, 223, 40, 24, 21, 63, 84, 77, 205, 73, 146, 179, 71, 127, 62, 42, 61, 49, 98, 37, 66, 32, 53, 57, 50, 79, 54]
real: 11073 [46, 240, 93, 136, 73, 38, 46, 102, 54, 84, 134, 29, 30, 54, 56, 26, 268, 79, 173, 58, 96, 81, 126, 49, 95, 26, 123, 43, 168, 202, 114, 96, 93, 61, 234, 64, 68, 30, 58, 47, 40, 127, 81, 49, 32, 69, 46, 58, 83, 122, 44, 102, 71, 23, 49, 19, 98, 76, 55, 97, 280, 50, 148, 95, 124, 31, 75, 212, 120, 48, 203, 110, 77, 30, 39, 26, 39, 167, 58, 47, 41, 32, 121, 131, 263, 74, 138, 96, 18, 65, 43, 46, 72, 84, 107, 61, 16, 99, 78, 113, 56, 100, 29, 168, 167, 36, 26, 47, 118, 91, 65, 223, 76, 125, 185, 48, 119, 57, 37, 49, 43, 93, 35, 48, 48, 48, 57, 41, 76, 51]

grid_scale: 0.5
resize_scale: 0.5
confiance: 0.5

random_seed: 1011
data_augmentation: True
samples: 130
