MAE: 23.369230769230768 [9, 49, 12, 23, 27, 14, 8, 29, 7, 28, 32, 8, 6, 18, 18, 12, 73, 0, 14, 13, 9, 21, 61, 262, 6, 16, 1, 3, 18, 1, 1, 2, 14, 24, 91, 18, 33, 6, 14, 39, 24, 1, 32, 11, 8, 2, 2, 45, 25, 5, 7, 13, 24, 11, 4, 11, 26, 2, 38, 8, 91, 5, 16, 21, 103, 12, 67, 107, 3, 17, 29, 14, 2, 8, 2, 3, 45, 26, 1, 3, 285, 10, 4, 64, 64, 8, 34, 4, 9, 3, 5, 17, 11, 18, 16, 43, 29, 32, 19, 16, 2, 6, 69, 21, 21, 15, 4, 1, 14, 4, 6, 37, 15, 7, 5, 18, 16, 15, 13, 16, 30, 5, 5, 12, 0, 32, 4, 10, 23, 7]
MAPE: 36.47510058893758 [19.565217391304348, 20.416666666666668, 12.903225806451612, 16.911764705882355, 36.986301369863014, 36.84210526315789, 17.391304347826086, 28.431372549019606, 12.962962962962962, 33.33333333333333, 23.88059701492537, 27.586206896551722, 20.0, 33.33333333333333, 32.142857142857146, 46.15384615384615, 27.238805970149254, 0.0, 8.092485549132949, 22.413793103448278, 9.375, 25.925925925925924, 48.41269841269841, 534.6938775510205, 6.315789473684211, 61.53846153846154, 0.8130081300813009, 6.976744186046512, 10.714285714285714, 0.49504950495049505, 0.8771929824561403, 2.083333333333333, 15.053763440860216, 39.34426229508197, 38.88888888888889, 28.125, 48.529411764705884, 20.0, 24.137931034482758, 82.97872340425532, 60.0, 0.7874015748031495, 39.50617283950617, 22.448979591836736, 25.0, 2.898550724637681, 4.3478260869565215, 77.58620689655173, 30.120481927710845, 4.098360655737705, 15.909090909090908, 12.745098039215685, 33.80281690140845, 47.82608695652174, 8.16326530612245, 57.89473684210527, 26.53061224489796, 2.631578947368421, 69.0909090909091, 8.24742268041237, 32.5, 10.0, 10.81081081081081, 22.105263157894736, 83.06451612903226, 38.70967741935484, 89.33333333333333, 50.47169811320755, 2.5, 35.41666666666667, 14.285714285714285, 12.727272727272727, 2.5974025974025974, 26.666666666666668, 5.128205128205128, 11.538461538461538, 115.38461538461537, 15.568862275449103, 1.7241379310344827, 6.382978723404255, 695.1219512195122, 31.25, 3.3057851239669422, 48.854961832061065, 24.334600760456272, 10.81081081081081, 24.637681159420293, 4.166666666666666, 50.0, 4.615384615384616, 11.627906976744185, 36.95652173913043, 15.277777777777779, 21.428571428571427, 14.953271028037381, 70.49180327868852, 181.25, 32.323232323232325, 24.358974358974358, 14.15929203539823, 3.571428571428571, 6.0, 237.93103448275863, 12.5, 12.574850299401197, 41.66666666666667, 15.384615384615385, 2.127659574468085, 11.864406779661017, 4.395604395604396, 9.230769230769232, 16.591928251121075, 19.736842105263158, 5.6000000000000005, 2.7027027027027026, 37.5, 13.445378151260504, 26.31578947368421, 35.13513513513514, 32.6530612244898, 69.76744186046511, 5.376344086021505, 14.285714285714285, 25.0, 0.0, 66.66666666666666, 7.017543859649122, 24.390243902439025, 30.263157894736842, 13.725490196078432]
RMSE: 44.27049720837708 [81, 2401, 144, 529, 729, 196, 64, 841, 49, 784, 1024, 64, 36, 324, 324, 144, 5329, 0, 196, 169, 81, 441, 3721, 68644, 36, 256, 1, 9, 324, 1, 1, 4, 196, 576, 8281, 324, 1089, 36, 196, 1521, 576, 1, 1024, 121, 64, 4, 4, 2025, 625, 25, 49, 169, 576, 121, 16, 121, 676, 4, 1444, 64, 8281, 25, 256, 441, 10609, 144, 4489, 11449, 9, 289, 841, 196, 4, 64, 4, 9, 2025, 676, 1, 9, 81225, 100, 16, 4096, 4096, 64, 1156, 16, 81, 9, 25, 289, 121, 324, 256, 1849, 841, 1024, 361, 256, 4, 36, 4761, 441, 441, 225, 16, 1, 196, 16, 36, 1369, 225, 49, 25, 324, 256, 225, 169, 256, 900, 25, 25, 144, 0, 1024, 16, 100, 529, 49]

pred: 13973 [55, 289, 81, 159, 100, 52, 54, 131, 61, 112, 166, 37, 24, 72, 74, 38, 341, 79, 187, 71, 105, 102, 187, 311, 101, 42, 122, 46, 186, 203, 113, 94, 107, 85, 325, 82, 101, 36, 72, 86, 64, 126, 113, 60, 40, 71, 44, 103, 108, 127, 51, 89, 95, 34, 53, 30, 124, 78, 93, 105, 371, 55, 164, 116, 227, 43, 142, 319, 117, 65, 232, 124, 79, 38, 41, 29, 84, 193, 59, 50, 326, 42, 125, 195, 327, 82, 172, 100, 9, 62, 48, 63, 83, 102, 123, 104, 45, 131, 97, 129, 54, 106, 98, 189, 188, 51, 30, 48, 104, 95, 71, 260, 91, 132, 190, 66, 135, 72, 50, 65, 73, 98, 40, 60, 48, 80, 61, 51, 99, 58]
real: 11073 [46, 240, 93, 136, 73, 38, 46, 102, 54, 84, 134, 29, 30, 54, 56, 26, 268, 79, 173, 58, 96, 81, 126, 49, 95, 26, 123, 43, 168, 202, 114, 96, 93, 61, 234, 64, 68, 30, 58, 47, 40, 127, 81, 49, 32, 69, 46, 58, 83, 122, 44, 102, 71, 23, 49, 19, 98, 76, 55, 97, 280, 50, 148, 95, 124, 31, 75, 212, 120, 48, 203, 110, 77, 30, 39, 26, 39, 167, 58, 47, 41, 32, 121, 131, 263, 74, 138, 96, 18, 65, 43, 46, 72, 84, 107, 61, 16, 99, 78, 113, 56, 100, 29, 168, 167, 36, 26, 47, 118, 91, 65, 223, 76, 125, 185, 48, 119, 57, 37, 49, 43, 93, 35, 48, 48, 48, 57, 41, 76, 51]

grid_scale: 0.2
resize_scale: 0.5
confiance: 0.45

random_seed: 1011
data_augmentation: True
samples: 130
