MAE: 32.65384615384615 [10, 59, 21, 79, 17, 1, 3, 77, 26, 98, 42, 3, 1, 49, 12, 5, 63, 23, 92, 47, 31, 27, 114, 50, 75, 6, 54, 6, 88, 19, 65, 4, 26, 14, 56, 10, 20, 2, 2, 2, 14, 42, 37, 13, 4, 2, 2, 17, 107, 23, 8, 17, 11, 1, 2, 3, 81, 69, 34, 24, 65, 2, 57, 60, 54, 0, 23, 112, 20, 63, 130, 65, 43, 2, 4, 3, 30, 60, 6, 12, 98, 0, 48, 79, 66, 20, 152, 1, 17, 2, 5, 3, 23, 30, 130, 5, 6, 10, 15, 11, 21, 59, 19, 85, 113, 25, 2, 25, 34, 2, 6, 29, 19, 28, 36, 25, 60, 14, 2, 38, 13, 35, 1, 34, 2, 2, 8, 27, 18, 21]
MAPE: 36.901407000836215 [21.73913043478261, 24.583333333333332, 22.58064516129032, 58.08823529411765, 23.28767123287671, 2.631578947368421, 6.521739130434782, 75.49019607843137, 48.148148148148145, 116.66666666666667, 31.343283582089555, 10.344827586206897, 3.3333333333333335, 90.74074074074075, 21.428571428571427, 19.230769230769234, 23.507462686567166, 29.11392405063291, 53.179190751445084, 81.03448275862068, 32.29166666666667, 33.33333333333333, 90.47619047619048, 102.04081632653062, 78.94736842105263, 23.076923076923077, 43.90243902439025, 13.953488372093023, 52.38095238095239, 9.405940594059405, 57.01754385964912, 4.166666666666666, 27.956989247311824, 22.950819672131146, 23.931623931623932, 15.625, 29.411764705882355, 6.666666666666667, 3.4482758620689653, 4.25531914893617, 35.0, 33.07086614173229, 45.67901234567901, 26.53061224489796, 12.5, 2.898550724637681, 4.3478260869565215, 29.310344827586203, 128.91566265060243, 18.852459016393443, 18.181818181818183, 16.666666666666664, 15.492957746478872, 4.3478260869565215, 4.081632653061225, 15.789473684210526, 82.6530612244898, 90.78947368421053, 61.81818181818181, 24.742268041237114, 23.214285714285715, 4.0, 38.513513513513516, 63.1578947368421, 43.54838709677419, 0.0, 30.666666666666664, 52.83018867924528, 16.666666666666664, 131.25, 64.03940886699507, 59.09090909090909, 55.84415584415584, 6.666666666666667, 10.256410256410255, 11.538461538461538, 76.92307692307693, 35.92814371257485, 10.344827586206897, 25.53191489361702, 239.02439024390242, 0.0, 39.66942148760331, 60.30534351145038, 25.09505703422053, 27.027027027027028, 110.14492753623189, 1.0416666666666665, 94.44444444444444, 3.076923076923077, 11.627906976744185, 6.521739130434782, 31.944444444444443, 35.714285714285715, 121.49532710280373, 8.19672131147541, 37.5, 10.1010101010101, 19.230769230769234, 9.734513274336283, 37.5, 59.0, 65.51724137931035, 50.595238095238095, 67.66467065868264, 69.44444444444444, 7.6923076923076925, 53.191489361702125, 28.8135593220339, 2.197802197802198, 9.230769230769232, 13.004484304932735, 25.0, 22.400000000000002, 19.45945945945946, 52.083333333333336, 50.42016806722689, 24.561403508771928, 5.405405405405405, 77.55102040816327, 30.23255813953488, 37.634408602150536, 2.857142857142857, 70.83333333333334, 4.166666666666666, 4.166666666666666, 14.035087719298245, 65.85365853658537, 23.684210526315788, 41.17647058823529]
RMSE: 46.62196577052165 [100, 3481, 441, 6241, 289, 1, 9, 5929, 676, 9604, 1764, 9, 1, 2401, 144, 25, 3969, 529, 8464, 2209, 961, 729, 12996, 2500, 5625, 36, 2916, 36, 7744, 361, 4225, 16, 676, 196, 3136, 100, 400, 4, 4, 4, 196, 1764, 1369, 169, 16, 4, 4, 289, 11449, 529, 64, 289, 121, 1, 4, 9, 6561, 4761, 1156, 576, 4225, 4, 3249, 3600, 2916, 0, 529, 12544, 400, 3969, 16900, 4225, 1849, 4, 16, 9, 900, 3600, 36, 144, 9604, 0, 2304, 6241, 4356, 400, 23104, 1, 289, 4, 25, 9, 529, 900, 16900, 25, 36, 100, 225, 121, 441, 3481, 361, 7225, 12769, 625, 4, 625, 1156, 4, 36, 841, 361, 784, 1296, 625, 3600, 196, 4, 1444, 169, 1225, 1, 1156, 4, 4, 64, 729, 324, 441]

pred: 15046 [56, 299, 72, 215, 90, 37, 49, 179, 80, 182, 176, 26, 29, 103, 68, 31, 331, 102, 265, 105, 127, 108, 240, 99, 170, 32, 177, 49, 256, 221, 179, 100, 119, 75, 290, 74, 88, 32, 56, 45, 54, 169, 118, 62, 28, 71, 44, 75, 190, 145, 52, 119, 82, 24, 47, 22, 179, 145, 89, 121, 345, 48, 205, 155, 178, 31, 98, 324, 140, 111, 333, 175, 120, 32, 43, 23, 69, 227, 64, 35, 139, 32, 169, 210, 329, 94, 290, 95, 1, 67, 48, 49, 95, 114, 237, 66, 22, 109, 93, 124, 77, 159, 48, 253, 280, 61, 24, 22, 84, 93, 71, 252, 95, 153, 221, 73, 179, 71, 39, 87, 56, 128, 36, 82, 46, 50, 65, 68, 94, 72]
real: 11073 [46, 240, 93, 136, 73, 38, 46, 102, 54, 84, 134, 29, 30, 54, 56, 26, 268, 79, 173, 58, 96, 81, 126, 49, 95, 26, 123, 43, 168, 202, 114, 96, 93, 61, 234, 64, 68, 30, 58, 47, 40, 127, 81, 49, 32, 69, 46, 58, 83, 122, 44, 102, 71, 23, 49, 19, 98, 76, 55, 97, 280, 50, 148, 95, 124, 31, 75, 212, 120, 48, 203, 110, 77, 30, 39, 26, 39, 167, 58, 47, 41, 32, 121, 131, 263, 74, 138, 96, 18, 65, 43, 46, 72, 84, 107, 61, 16, 99, 78, 113, 56, 100, 29, 168, 167, 36, 26, 47, 118, 91, 65, 223, 76, 125, 185, 48, 119, 57, 37, 49, 43, 93, 35, 48, 48, 48, 57, 41, 76, 51]

grid_scale: 0.5
resize_scale: 0.5
confiance: 0.3

random_seed: 1011
data_augmentation: True
samples: 130
