MAE: 14.9 [7, 2, 22, 18, 7, 2, 4, 49, 3, 14, 23, 2, 0, 16, 4, 4, 93, 13, 38, 22, 17, 12, 95, 50, 5, 1, 7, 1, 19, 11, 3, 2, 21, 9, 48, 3, 12, 5, 1, 1, 7, 9, 14, 0, 0, 2, 2, 9, 16, 3, 4, 6, 6, 3, 1, 5, 10, 11, 12, 17, 81, 3, 7, 15, 16, 2, 9, 85, 4, 5, 63, 0, 4, 3, 3, 1, 6, 33, 5, 1, 107, 4, 7, 85, 71, 5, 51, 1, 18, 10, 1, 2, 7, 15, 22, 3, 4, 15, 0, 10, 1, 13, 16, 34, 22, 7, 3, 5, 22, 7, 5, 39, 5, 15, 38, 7, 9, 9, 6, 6, 13, 3, 1, 17, 7, 17, 3, 9, 2, 9]
MAPE: 17.338991681409173 [15.217391304347828, 0.8333333333333334, 23.655913978494624, 13.23529411764706, 9.58904109589041, 5.263157894736842, 8.695652173913043, 48.03921568627451, 5.555555555555555, 16.666666666666664, 17.16417910447761, 6.896551724137931, 0.0, 29.629629629629626, 7.142857142857142, 15.384615384615385, 34.701492537313435, 16.455696202531644, 21.965317919075144, 37.93103448275862, 17.708333333333336, 14.814814814814813, 75.39682539682539, 102.04081632653062, 5.263157894736842, 3.8461538461538463, 5.691056910569105, 2.3255813953488373, 11.30952380952381, 5.445544554455446, 2.631578947368421, 2.083333333333333, 22.58064516129032, 14.754098360655737, 20.51282051282051, 4.6875, 17.647058823529413, 16.666666666666664, 1.7241379310344827, 2.127659574468085, 17.5, 7.086614173228346, 17.28395061728395, 0.0, 0.0, 2.898550724637681, 4.3478260869565215, 15.517241379310345, 19.27710843373494, 2.459016393442623, 9.090909090909092, 5.88235294117647, 8.450704225352112, 13.043478260869565, 2.0408163265306123, 26.31578947368421, 10.204081632653061, 14.473684210526317, 21.818181818181817, 17.525773195876287, 28.92857142857143, 6.0, 4.72972972972973, 15.789473684210526, 12.903225806451612, 6.451612903225806, 12.0, 40.09433962264151, 3.3333333333333335, 10.416666666666668, 31.03448275862069, 0.0, 5.194805194805195, 10.0, 7.6923076923076925, 3.8461538461538463, 15.384615384615385, 19.760479041916167, 8.620689655172415, 2.127659574468085, 260.9756097560976, 12.5, 5.785123966942149, 64.8854961832061, 26.996197718631176, 6.756756756756757, 36.95652173913043, 1.0416666666666665, 100.0, 15.384615384615385, 2.3255813953488373, 4.3478260869565215, 9.722222222222223, 17.857142857142858, 20.5607476635514, 4.918032786885246, 25.0, 15.151515151515152, 0.0, 8.849557522123893, 1.7857142857142856, 13.0, 55.172413793103445, 20.238095238095237, 13.17365269461078, 19.444444444444446, 11.538461538461538, 10.638297872340425, 18.64406779661017, 7.6923076923076925, 7.6923076923076925, 17.48878923766816, 6.578947368421052, 12.0, 20.54054054054054, 14.583333333333334, 7.563025210084033, 15.789473684210526, 16.216216216216218, 12.244897959183673, 30.23255813953488, 3.225806451612903, 2.857142857142857, 35.41666666666667, 14.583333333333334, 35.41666666666667, 5.263157894736842, 21.951219512195124, 2.631578947368421, 17.647058823529413]
RMSE: 25.844356622496317 [49, 4, 484, 324, 49, 4, 16, 2401, 9, 196, 529, 4, 0, 256, 16, 16, 8649, 169, 1444, 484, 289, 144, 9025, 2500, 25, 1, 49, 1, 361, 121, 9, 4, 441, 81, 2304, 9, 144, 25, 1, 1, 49, 81, 196, 0, 0, 4, 4, 81, 256, 9, 16, 36, 36, 9, 1, 25, 100, 121, 144, 289, 6561, 9, 49, 225, 256, 4, 81, 7225, 16, 25, 3969, 0, 16, 9, 9, 1, 36, 1089, 25, 1, 11449, 16, 49, 7225, 5041, 25, 2601, 1, 324, 100, 1, 4, 49, 225, 484, 9, 16, 225, 0, 100, 1, 169, 256, 1156, 484, 49, 9, 25, 484, 49, 25, 1521, 25, 225, 1444, 49, 81, 81, 36, 36, 169, 9, 1, 289, 49, 289, 9, 81, 4, 81]

pred: 12748 [53, 238, 71, 154, 80, 36, 50, 151, 57, 98, 157, 31, 30, 70, 60, 30, 361, 92, 211, 80, 113, 93, 221, 99, 100, 27, 116, 44, 187, 213, 117, 94, 114, 70, 282, 67, 80, 35, 59, 46, 47, 118, 95, 49, 32, 71, 44, 67, 99, 125, 48, 96, 77, 26, 48, 24, 108, 87, 67, 114, 361, 53, 155, 110, 140, 29, 84, 297, 124, 53, 266, 110, 81, 33, 42, 25, 45, 200, 63, 46, 148, 36, 114, 216, 334, 79, 189, 97, 0, 75, 44, 48, 79, 99, 129, 64, 20, 114, 78, 123, 55, 113, 45, 202, 189, 43, 23, 42, 96, 84, 70, 262, 81, 140, 223, 55, 128, 66, 43, 55, 56, 96, 34, 65, 41, 65, 60, 50, 74, 60]
real: 11073 [46, 240, 93, 136, 73, 38, 46, 102, 54, 84, 134, 29, 30, 54, 56, 26, 268, 79, 173, 58, 96, 81, 126, 49, 95, 26, 123, 43, 168, 202, 114, 96, 93, 61, 234, 64, 68, 30, 58, 47, 40, 127, 81, 49, 32, 69, 46, 58, 83, 122, 44, 102, 71, 23, 49, 19, 98, 76, 55, 97, 280, 50, 148, 95, 124, 31, 75, 212, 120, 48, 203, 110, 77, 30, 39, 26, 39, 167, 58, 47, 41, 32, 121, 131, 263, 74, 138, 96, 18, 65, 43, 46, 72, 84, 107, 61, 16, 99, 78, 113, 56, 100, 29, 168, 167, 36, 26, 47, 118, 91, 65, 223, 76, 125, 185, 48, 119, 57, 37, 49, 43, 93, 35, 48, 48, 48, 57, 41, 76, 51]

grid_scale: 0.4
resize_scale: 0.5
confiance: 0.4

random_seed: 1011
data_augmentation: True
samples: 130
