MAE: 8.492307692307692 [0, 15, 25, 1, 1, 0, 6, 22, 0, 3, 5, 1, 0, 4, 1, 1, 46, 2, 17, 3, 9, 7, 20, 37, 4, 1, 20, 4, 1, 44, 13, 7, 1, 8, 17, 3, 6, 0, 1, 0, 4, 24, 16, 1, 2, 3, 1, 5, 4, 14, 4, 16, 3, 2, 5, 4, 6, 3, 5, 10, 19, 3, 5, 15, 5, 1, 3, 5, 24, 8, 17, 7, 7, 0, 2, 1, 7, 8, 4, 15, 56, 0, 16, 20, 9, 13, 6, 18, 18, 2, 4, 2, 3, 0, 12, 6, 5, 13, 10, 14, 7, 5, 12, 9, 7, 0, 11, 16, 22, 4, 5, 5, 0, 23, 18, 8, 10, 8, 3, 2, 6, 17, 1, 4, 10, 3, 4, 2, 3, 8]
MAPE: 11.480174552688322 [0.0, 6.25, 26.881720430107524, 0.7352941176470588, 1.36986301369863, 0.0, 13.043478260869565, 21.568627450980394, 0.0, 3.571428571428571, 3.731343283582089, 3.4482758620689653, 0.0, 7.4074074074074066, 1.7857142857142856, 3.8461538461538463, 17.16417910447761, 2.5316455696202533, 9.826589595375722, 5.172413793103448, 9.375, 8.641975308641975, 15.873015873015872, 75.51020408163265, 4.2105263157894735, 3.8461538461538463, 16.260162601626014, 9.30232558139535, 0.5952380952380952, 21.782178217821784, 11.403508771929824, 7.291666666666667, 1.0752688172043012, 13.114754098360656, 7.264957264957266, 4.6875, 8.823529411764707, 0.0, 1.7241379310344827, 0.0, 10.0, 18.89763779527559, 19.753086419753085, 2.0408163265306123, 6.25, 4.3478260869565215, 2.1739130434782608, 8.620689655172415, 4.819277108433735, 11.475409836065573, 9.090909090909092, 15.686274509803921, 4.225352112676056, 8.695652173913043, 10.204081632653061, 21.052631578947366, 6.122448979591836, 3.9473684210526314, 9.090909090909092, 10.309278350515463, 6.785714285714286, 6.0, 3.3783783783783785, 15.789473684210526, 4.032258064516129, 3.225806451612903, 4.0, 2.358490566037736, 20.0, 16.666666666666664, 8.374384236453201, 6.363636363636363, 9.090909090909092, 0.0, 5.128205128205128, 3.8461538461538463, 17.94871794871795, 4.790419161676647, 6.896551724137931, 31.914893617021278, 136.58536585365854, 0.0, 13.223140495867769, 15.267175572519085, 3.4220532319391634, 17.56756756756757, 4.3478260869565215, 18.75, 100.0, 3.076923076923077, 9.30232558139535, 4.3478260869565215, 4.166666666666666, 0.0, 11.214953271028037, 9.836065573770492, 31.25, 13.131313131313133, 12.82051282051282, 12.389380530973451, 12.5, 5.0, 41.37931034482759, 5.357142857142857, 4.191616766467066, 0.0, 42.30769230769231, 34.04255319148936, 18.64406779661017, 4.395604395604396, 7.6923076923076925, 2.242152466367713, 0.0, 18.4, 9.72972972972973, 16.666666666666664, 8.403361344537815, 14.035087719298245, 8.108108108108109, 4.081632653061225, 13.953488372093023, 18.27956989247312, 2.857142857142857, 8.333333333333332, 20.833333333333336, 6.25, 7.017543859649122, 4.878048780487805, 3.9473684210526314, 15.686274509803921]
RMSE: 12.629026395265301 [0, 225, 625, 1, 1, 0, 36, 484, 0, 9, 25, 1, 0, 16, 1, 1, 2116, 4, 289, 9, 81, 49, 400, 1369, 16, 1, 400, 16, 1, 1936, 169, 49, 1, 64, 289, 9, 36, 0, 1, 0, 16, 576, 256, 1, 4, 9, 1, 25, 16, 196, 16, 256, 9, 4, 25, 16, 36, 9, 25, 100, 361, 9, 25, 225, 25, 1, 9, 25, 576, 64, 289, 49, 49, 0, 4, 1, 49, 64, 16, 225, 3136, 0, 256, 400, 81, 169, 36, 324, 324, 4, 16, 4, 9, 0, 144, 36, 25, 169, 100, 196, 49, 25, 144, 81, 49, 0, 121, 256, 484, 16, 25, 25, 0, 529, 324, 64, 100, 64, 9, 4, 36, 289, 1, 16, 100, 9, 16, 4, 9, 64]

pred: 11039 [46, 225, 68, 137, 72, 38, 52, 124, 54, 87, 129, 30, 30, 58, 55, 27, 314, 77, 156, 55, 87, 88, 146, 86, 99, 25, 103, 39, 169, 158, 101, 89, 92, 69, 251, 67, 74, 30, 57, 47, 44, 103, 97, 50, 34, 72, 45, 63, 87, 108, 48, 86, 68, 21, 54, 23, 104, 79, 60, 87, 299, 53, 143, 110, 129, 30, 78, 217, 96, 56, 220, 117, 70, 30, 41, 27, 46, 175, 62, 32, 97, 32, 105, 151, 272, 61, 144, 78, 0, 67, 39, 48, 69, 84, 119, 67, 21, 86, 68, 99, 49, 95, 41, 159, 174, 36, 15, 31, 96, 87, 60, 228, 76, 102, 167, 56, 109, 65, 34, 51, 49, 76, 36, 52, 38, 51, 53, 39, 73, 59]
real: 11073 [46, 240, 93, 136, 73, 38, 46, 102, 54, 84, 134, 29, 30, 54, 56, 26, 268, 79, 173, 58, 96, 81, 126, 49, 95, 26, 123, 43, 168, 202, 114, 96, 93, 61, 234, 64, 68, 30, 58, 47, 40, 127, 81, 49, 32, 69, 46, 58, 83, 122, 44, 102, 71, 23, 49, 19, 98, 76, 55, 97, 280, 50, 148, 95, 124, 31, 75, 212, 120, 48, 203, 110, 77, 30, 39, 26, 39, 167, 58, 47, 41, 32, 121, 131, 263, 74, 138, 96, 18, 65, 43, 46, 72, 84, 107, 61, 16, 99, 78, 113, 56, 100, 29, 168, 167, 36, 26, 47, 118, 91, 65, 223, 76, 125, 185, 48, 119, 57, 37, 49, 43, 93, 35, 48, 48, 48, 57, 41, 76, 51]

grid_scale: 0.4
resize_scale: 0.5
confiance: 0.6

random_seed: 1011
data_augmentation: True
samples: 130
