MAE: 11.807692307692308 [8, 27, 6, 7, 10, 13, 7, 19, 5, 12, 5, 1, 1, 6, 6, 5, 65, 1, 11, 5, 5, 5, 20, 102, 2, 3, 4, 1, 17, 11, 9, 3, 3, 12, 46, 11, 11, 6, 4, 13, 15, 7, 32, 6, 9, 0, 5, 13, 8, 2, 8, 1, 5, 0, 7, 4, 8, 6, 29, 0, 40, 19, 10, 11, 6, 2, 25, 89, 0, 6, 42, 5, 1, 3, 8, 0, 11, 11, 5, 3, 128, 4, 6, 44, 43, 1, 20, 2, 17, 5, 0, 4, 6, 7, 8, 12, 15, 8, 1, 1, 0, 1, 26, 2, 15, 7, 2, 3, 21, 4, 6, 24, 11, 2, 6, 17, 0, 10, 13, 8, 9, 4, 2, 10, 1, 16, 1, 2, 6, 4]
MAPE: 17.612722243980667 [17.391304347826086, 11.25, 6.451612903225806, 5.147058823529411, 13.698630136986301, 34.21052631578947, 15.217391304347828, 18.627450980392158, 9.25925925925926, 14.285714285714285, 3.731343283582089, 3.4482758620689653, 3.3333333333333335, 11.11111111111111, 10.714285714285714, 19.230769230769234, 24.253731343283583, 1.2658227848101267, 6.358381502890173, 8.620689655172415, 5.208333333333334, 6.172839506172839, 15.873015873015872, 208.16326530612247, 2.1052631578947367, 11.538461538461538, 3.2520325203252036, 2.3255813953488373, 10.119047619047619, 5.445544554455446, 7.894736842105263, 3.125, 3.225806451612903, 19.672131147540984, 19.65811965811966, 17.1875, 16.176470588235293, 20.0, 6.896551724137931, 27.659574468085108, 37.5, 5.511811023622047, 39.50617283950617, 12.244897959183673, 28.125, 0.0, 10.869565217391305, 22.413793103448278, 9.63855421686747, 1.639344262295082, 18.181818181818183, 0.9803921568627451, 7.042253521126761, 0.0, 14.285714285714285, 21.052631578947366, 8.16326530612245, 7.894736842105263, 52.72727272727272, 0.0, 14.285714285714285, 38.0, 6.756756756756757, 11.578947368421053, 4.838709677419355, 6.451612903225806, 33.33333333333333, 41.9811320754717, 0.0, 12.5, 20.689655172413794, 4.545454545454546, 1.2987012987012987, 10.0, 20.51282051282051, 0.0, 28.205128205128204, 6.58682634730539, 8.620689655172415, 6.382978723404255, 312.1951219512195, 12.5, 4.958677685950414, 33.587786259541986, 16.34980988593156, 1.3513513513513513, 14.492753623188406, 2.083333333333333, 94.44444444444444, 7.6923076923076925, 0.0, 8.695652173913043, 8.333333333333332, 8.333333333333332, 7.476635514018691, 19.672131147540984, 93.75, 8.080808080808081, 1.282051282051282, 0.8849557522123894, 0.0, 1.0, 89.65517241379311, 1.1904761904761905, 8.982035928143713, 19.444444444444446, 7.6923076923076925, 6.382978723404255, 17.796610169491526, 4.395604395604396, 9.230769230769232, 10.762331838565023, 14.473684210526317, 1.6, 3.2432432432432434, 35.41666666666667, 0.0, 17.543859649122805, 35.13513513513514, 16.3265306122449, 20.930232558139537, 4.301075268817205, 5.714285714285714, 20.833333333333336, 2.083333333333333, 33.33333333333333, 1.7543859649122806, 4.878048780487805, 7.894736842105263, 7.8431372549019605]
RMSE: 21.6491250489394 [64, 729, 36, 49, 100, 169, 49, 361, 25, 144, 25, 1, 1, 36, 36, 25, 4225, 1, 121, 25, 25, 25, 400, 10404, 4, 9, 16, 1, 289, 121, 81, 9, 9, 144, 2116, 121, 121, 36, 16, 169, 225, 49, 1024, 36, 81, 0, 25, 169, 64, 4, 64, 1, 25, 0, 49, 16, 64, 36, 841, 0, 1600, 361, 100, 121, 36, 4, 625, 7921, 0, 36, 1764, 25, 1, 9, 64, 0, 121, 121, 25, 9, 16384, 16, 36, 1936, 1849, 1, 400, 4, 289, 25, 0, 16, 36, 49, 64, 144, 225, 64, 1, 1, 0, 1, 676, 4, 225, 49, 4, 9, 441, 16, 36, 576, 121, 4, 36, 289, 0, 100, 169, 64, 81, 16, 4, 100, 1, 256, 1, 4, 36, 16]

pred: 12344 [54, 267, 87, 143, 83, 51, 53, 121, 59, 96, 139, 30, 31, 60, 62, 31, 333, 78, 184, 63, 91, 86, 146, 151, 93, 29, 119, 42, 185, 191, 105, 93, 90, 73, 280, 75, 79, 36, 62, 60, 55, 120, 113, 55, 41, 69, 51, 71, 91, 124, 52, 101, 76, 23, 56, 23, 106, 82, 84, 97, 320, 69, 158, 106, 130, 33, 100, 301, 120, 54, 245, 115, 76, 33, 47, 26, 50, 178, 63, 44, 169, 36, 115, 175, 306, 73, 158, 94, 1, 70, 43, 50, 78, 91, 115, 73, 31, 91, 79, 112, 56, 101, 55, 166, 182, 43, 28, 44, 97, 95, 71, 247, 87, 123, 179, 65, 119, 67, 50, 57, 52, 89, 37, 58, 47, 64, 56, 43, 82, 55]
real: 11073 [46, 240, 93, 136, 73, 38, 46, 102, 54, 84, 134, 29, 30, 54, 56, 26, 268, 79, 173, 58, 96, 81, 126, 49, 95, 26, 123, 43, 168, 202, 114, 96, 93, 61, 234, 64, 68, 30, 58, 47, 40, 127, 81, 49, 32, 69, 46, 58, 83, 122, 44, 102, 71, 23, 49, 19, 98, 76, 55, 97, 280, 50, 148, 95, 124, 31, 75, 212, 120, 48, 203, 110, 77, 30, 39, 26, 39, 167, 58, 47, 41, 32, 121, 131, 263, 74, 138, 96, 18, 65, 43, 46, 72, 84, 107, 61, 16, 99, 78, 113, 56, 100, 29, 168, 167, 36, 26, 47, 118, 91, 65, 223, 76, 125, 185, 48, 119, 57, 37, 49, 43, 93, 35, 48, 48, 48, 57, 41, 76, 51]

grid_scale: 0.3
resize_scale: 0.5
confiance: 0.5

random_seed: 1011
data_augmentation: True
samples: 130
