MAE: 26.107692307692307 [10, 59, 20, 24, 28, 32, 8, 27, 3, 21, 25, 8, 7, 21, 12, 7, 92, 12, 14, 32, 9, 21, 58, 277, 7, 16, 7, 5, 19, 0, 0, 4, 7, 23, 110, 27, 29, 10, 8, 37, 27, 1, 34, 11, 14, 9, 6, 49, 25, 9, 20, 11, 33, 18, 2, 7, 21, 6, 38, 17, 97, 9, 14, 18, 99, 7, 60, 107, 4, 10, 48, 20, 5, 11, 17, 1, 27, 22, 11, 7, 325, 9, 3, 76, 70, 8, 41, 14, 6, 4, 6, 28, 13, 25, 19, 53, 78, 11, 20, 6, 11, 14, 65, 26, 24, 12, 8, 4, 17, 10, 6, 37, 17, 10, 10, 18, 12, 18, 11, 19, 25, 7, 1, 17, 0, 34, 9, 13, 22, 14]
MAPE: 42.195502010935215 [21.73913043478261, 24.583333333333332, 21.50537634408602, 17.647058823529413, 38.35616438356164, 84.21052631578947, 17.391304347826086, 26.47058823529412, 5.555555555555555, 25.0, 18.65671641791045, 27.586206896551722, 23.333333333333332, 38.88888888888889, 21.428571428571427, 26.923076923076923, 34.32835820895522, 15.18987341772152, 8.092485549132949, 55.172413793103445, 9.375, 25.925925925925924, 46.03174603174603, 565.3061224489795, 7.368421052631578, 61.53846153846154, 5.691056910569105, 11.627906976744185, 11.30952380952381, 0.0, 0.0, 4.166666666666666, 7.526881720430108, 37.704918032786885, 47.008547008547005, 42.1875, 42.64705882352941, 33.33333333333333, 13.793103448275861, 78.72340425531915, 67.5, 0.7874015748031495, 41.9753086419753, 22.448979591836736, 43.75, 13.043478260869565, 13.043478260869565, 84.48275862068965, 30.120481927710845, 7.377049180327869, 45.45454545454545, 10.784313725490197, 46.478873239436616, 78.26086956521739, 4.081632653061225, 36.84210526315789, 21.428571428571427, 7.894736842105263, 69.0909090909091, 17.525773195876287, 34.64285714285714, 18.0, 9.45945945945946, 18.947368421052634, 79.83870967741935, 22.58064516129032, 80.0, 50.47169811320755, 3.3333333333333335, 20.833333333333336, 23.645320197044335, 18.181818181818183, 6.493506493506493, 36.666666666666664, 43.58974358974359, 3.8461538461538463, 69.23076923076923, 13.17365269461078, 18.96551724137931, 14.893617021276595, 792.6829268292682, 28.125, 2.479338842975207, 58.01526717557252, 26.61596958174905, 10.81081081081081, 29.71014492753623, 14.583333333333334, 33.33333333333333, 6.153846153846154, 13.953488372093023, 60.86956521739131, 18.055555555555554, 29.761904761904763, 17.75700934579439, 86.88524590163934, 487.5, 11.11111111111111, 25.64102564102564, 5.3097345132743365, 19.642857142857142, 14.000000000000002, 224.13793103448273, 15.476190476190476, 14.37125748502994, 33.33333333333333, 30.76923076923077, 8.51063829787234, 14.40677966101695, 10.989010989010989, 9.230769230769232, 16.591928251121075, 22.36842105263158, 8.0, 5.405405405405405, 37.5, 10.084033613445378, 31.57894736842105, 29.72972972972973, 38.775510204081634, 58.139534883720934, 7.526881720430108, 2.857142857142857, 35.41666666666667, 0.0, 70.83333333333334, 15.789473684210526, 31.70731707317073, 28.947368421052634, 27.450980392156865]
RMSE: 48.64043901623738 [100, 3481, 400, 576, 784, 1024, 64, 729, 9, 441, 625, 64, 49, 441, 144, 49, 8464, 144, 196, 1024, 81, 441, 3364, 76729, 49, 256, 49, 25, 361, 0, 0, 16, 49, 529, 12100, 729, 841, 100, 64, 1369, 729, 1, 1156, 121, 196, 81, 36, 2401, 625, 81, 400, 121, 1089, 324, 4, 49, 441, 36, 1444, 289, 9409, 81, 196, 324, 9801, 49, 3600, 11449, 16, 100, 2304, 400, 25, 121, 289, 1, 729, 484, 121, 49, 105625, 81, 9, 5776, 4900, 64, 1681, 196, 36, 16, 36, 784, 169, 625, 361, 2809, 6084, 121, 400, 36, 121, 196, 4225, 676, 576, 144, 64, 16, 289, 100, 36, 1369, 289, 100, 100, 324, 144, 324, 121, 361, 625, 49, 1, 289, 0, 1156, 81, 169, 484, 196]

pred: 14345 [56, 299, 73, 160, 101, 70, 54, 129, 57, 105, 159, 37, 23, 75, 68, 33, 360, 91, 187, 90, 105, 102, 184, 326, 102, 42, 130, 48, 187, 202, 114, 100, 100, 84, 344, 91, 97, 40, 66, 84, 67, 128, 115, 60, 46, 78, 52, 107, 108, 131, 64, 91, 104, 41, 51, 26, 119, 82, 93, 114, 377, 59, 162, 113, 223, 38, 135, 319, 124, 58, 251, 130, 82, 41, 56, 27, 66, 189, 69, 54, 366, 41, 124, 207, 333, 82, 179, 110, 12, 69, 49, 74, 85, 109, 126, 114, 94, 110, 98, 119, 67, 114, 94, 194, 191, 48, 34, 51, 101, 101, 71, 260, 93, 135, 195, 66, 131, 75, 48, 68, 68, 100, 36, 65, 48, 82, 66, 54, 98, 65]
real: 11073 [46, 240, 93, 136, 73, 38, 46, 102, 54, 84, 134, 29, 30, 54, 56, 26, 268, 79, 173, 58, 96, 81, 126, 49, 95, 26, 123, 43, 168, 202, 114, 96, 93, 61, 234, 64, 68, 30, 58, 47, 40, 127, 81, 49, 32, 69, 46, 58, 83, 122, 44, 102, 71, 23, 49, 19, 98, 76, 55, 97, 280, 50, 148, 95, 124, 31, 75, 212, 120, 48, 203, 110, 77, 30, 39, 26, 39, 167, 58, 47, 41, 32, 121, 131, 263, 74, 138, 96, 18, 65, 43, 46, 72, 84, 107, 61, 16, 99, 78, 113, 56, 100, 29, 168, 167, 36, 26, 47, 118, 91, 65, 223, 76, 125, 185, 48, 119, 57, 37, 49, 43, 93, 35, 48, 48, 48, 57, 41, 76, 51]

grid_scale: 0.2
resize_scale: 0.5
confiance: 0.4

random_seed: 1011
data_augmentation: True
samples: 130
