MAE: 8.169230769230769 [4, 16, 32, 6, 0, 4, 2, 5, 5, 1, 13, 0, 3, 2, 2, 3, 7, 18, 9, 2, 8, 2, 1, 53, 13, 0, 14, 3, 14, 38, 16, 14, 2, 0, 9, 2, 7, 1, 6, 6, 0, 23, 19, 4, 8, 2, 10, 3, 1, 14, 4, 16, 7, 1, 10, 3, 3, 1, 4, 9, 19, 3, 10, 4, 9, 0, 3, 6, 17, 6, 9, 11, 0, 1, 0, 6, 2, 24, 4, 8, 58, 2, 18, 4, 8, 6, 7, 11, 17, 15, 2, 4, 4, 0, 0, 5, 4, 7, 11, 20, 8, 11, 10, 8, 8, 0, 3, 7, 27, 7, 9, 15, 4, 10, 17, 2, 11, 14, 0, 0, 6, 13, 3, 9, 10, 5, 5, 1, 5, 4]
MAPE: 11.49055854339236 [8.695652173913043, 6.666666666666667, 34.40860215053764, 4.411764705882353, 0.0, 10.526315789473683, 4.3478260869565215, 4.901960784313726, 9.25925925925926, 1.1904761904761905, 9.701492537313433, 0.0, 10.0, 3.7037037037037033, 3.571428571428571, 11.538461538461538, 2.6119402985074625, 22.78481012658228, 5.202312138728324, 3.4482758620689653, 8.333333333333332, 2.4691358024691357, 0.7936507936507936, 108.16326530612245, 13.684210526315791, 0.0, 11.38211382113821, 6.976744186046512, 8.333333333333332, 18.81188118811881, 14.035087719298245, 14.583333333333334, 2.1505376344086025, 0.0, 3.8461538461538463, 3.125, 10.294117647058822, 3.3333333333333335, 10.344827586206897, 12.76595744680851, 0.0, 18.11023622047244, 23.456790123456788, 8.16326530612245, 25.0, 2.898550724637681, 21.73913043478261, 5.172413793103448, 1.2048192771084338, 11.475409836065573, 9.090909090909092, 15.686274509803921, 9.859154929577464, 4.3478260869565215, 20.408163265306122, 15.789473684210526, 3.061224489795918, 1.3157894736842104, 7.2727272727272725, 9.278350515463918, 6.785714285714286, 6.0, 6.756756756756757, 4.2105263157894735, 7.258064516129033, 0.0, 4.0, 2.8301886792452833, 14.166666666666666, 12.5, 4.433497536945813, 10.0, 0.0, 3.3333333333333335, 0.0, 23.076923076923077, 5.128205128205128, 14.37125748502994, 6.896551724137931, 17.02127659574468, 141.46341463414635, 6.25, 14.87603305785124, 3.0534351145038165, 3.041825095057034, 8.108108108108109, 5.072463768115942, 11.458333333333332, 94.44444444444444, 23.076923076923077, 4.651162790697675, 8.695652173913043, 5.555555555555555, 0.0, 0.0, 8.19672131147541, 25.0, 7.07070707070707, 14.102564102564102, 17.699115044247787, 14.285714285714285, 11.0, 34.48275862068966, 4.761904761904762, 4.790419161676647, 0.0, 11.538461538461538, 14.893617021276595, 22.88135593220339, 7.6923076923076925, 13.846153846153847, 6.726457399103139, 5.263157894736842, 8.0, 9.18918918918919, 4.166666666666666, 9.243697478991598, 24.561403508771928, 0.0, 0.0, 13.953488372093023, 13.978494623655912, 8.571428571428571, 18.75, 20.833333333333336, 10.416666666666668, 8.771929824561402, 2.4390243902439024, 6.578947368421052, 7.8431372549019605]
RMSE: 12.144007702440042 [16, 256, 1024, 36, 0, 16, 4, 25, 25, 1, 169, 0, 9, 4, 4, 9, 49, 324, 81, 4, 64, 4, 1, 2809, 169, 0, 196, 9, 196, 1444, 256, 196, 4, 0, 81, 4, 49, 1, 36, 36, 0, 529, 361, 16, 64, 4, 100, 9, 1, 196, 16, 256, 49, 1, 100, 9, 9, 1, 16, 81, 361, 9, 100, 16, 81, 0, 9, 36, 289, 36, 81, 121, 0, 1, 0, 36, 4, 576, 16, 64, 3364, 4, 324, 16, 64, 36, 49, 121, 289, 225, 4, 16, 16, 0, 0, 25, 16, 49, 121, 400, 64, 121, 100, 64, 64, 0, 9, 49, 729, 49, 81, 225, 16, 100, 289, 4, 121, 196, 0, 0, 36, 169, 9, 81, 100, 25, 25, 1, 25, 16]

pred: 10575 [42, 224, 61, 130, 73, 34, 48, 107, 49, 85, 121, 29, 27, 56, 54, 29, 261, 61, 164, 60, 88, 79, 127, 102, 82, 26, 109, 40, 154, 164, 98, 82, 91, 61, 243, 62, 75, 29, 52, 53, 40, 104, 100, 45, 24, 67, 36, 61, 82, 108, 40, 86, 64, 24, 39, 22, 95, 77, 59, 88, 299, 53, 138, 99, 115, 31, 72, 218, 103, 54, 194, 99, 77, 29, 39, 20, 41, 143, 62, 39, 99, 30, 103, 135, 255, 68, 131, 85, 1, 50, 41, 50, 68, 84, 107, 66, 20, 92, 67, 93, 48, 89, 39, 160, 159, 36, 23, 40, 91, 84, 56, 208, 72, 115, 168, 50, 108, 71, 37, 49, 49, 80, 32, 57, 38, 43, 52, 40, 71, 47]
real: 11073 [46, 240, 93, 136, 73, 38, 46, 102, 54, 84, 134, 29, 30, 54, 56, 26, 268, 79, 173, 58, 96, 81, 126, 49, 95, 26, 123, 43, 168, 202, 114, 96, 93, 61, 234, 64, 68, 30, 58, 47, 40, 127, 81, 49, 32, 69, 46, 58, 83, 122, 44, 102, 71, 23, 49, 19, 98, 76, 55, 97, 280, 50, 148, 95, 124, 31, 75, 212, 120, 48, 203, 110, 77, 30, 39, 26, 39, 167, 58, 47, 41, 32, 121, 131, 263, 74, 138, 96, 18, 65, 43, 46, 72, 84, 107, 61, 16, 99, 78, 113, 56, 100, 29, 168, 167, 36, 26, 47, 118, 91, 65, 223, 76, 125, 185, 48, 119, 57, 37, 49, 43, 93, 35, 48, 48, 48, 57, 41, 76, 51]

grid_scale: 0.3
resize_scale: 0.5
confiance: 0.8

random_seed: 1011
data_augmentation: True
samples: 130
