MAE: 13.815384615384616 [7, 40, 43, 19, 9, 9, 4, 4, 9, 0, 16, 1, 6, 0, 9, 0, 44, 24, 31, 7, 16, 14, 21, 6, 16, 5, 31, 8, 19, 55, 24, 13, 9, 3, 35, 8, 5, 4, 8, 3, 3, 39, 3, 12, 1, 1, 13, 4, 5, 39, 2, 26, 8, 4, 10, 4, 7, 4, 2, 14, 34, 8, 22, 1, 23, 11, 6, 10, 32, 3, 31, 15, 7, 3, 0, 8, 0, 21, 2, 11, 43, 5, 34, 20, 43, 19, 6, 28, 18, 11, 7, 1, 7, 14, 5, 1, 0, 28, 14, 27, 9, 15, 4, 30, 14, 3, 4, 23, 61, 21, 10, 57, 4, 28, 25, 4, 26, 2, 3, 1, 4, 24, 7, 0, 10, 5, 12, 12, 10, 3]
MAPE: 16.145574213104638 [15.217391304347828, 16.666666666666664, 46.236559139784944, 13.970588235294118, 12.32876712328767, 23.684210526315788, 8.695652173913043, 3.9215686274509802, 16.666666666666664, 0.0, 11.940298507462686, 3.4482758620689653, 20.0, 0.0, 16.071428571428573, 0.0, 16.417910447761194, 30.37974683544304, 17.91907514450867, 12.068965517241379, 16.666666666666664, 17.28395061728395, 16.666666666666664, 12.244897959183673, 16.842105263157894, 19.230769230769234, 25.203252032520325, 18.6046511627907, 11.30952380952381, 27.22772277227723, 21.052631578947366, 13.541666666666666, 9.67741935483871, 4.918032786885246, 14.957264957264957, 12.5, 7.352941176470589, 13.333333333333334, 13.793103448275861, 6.382978723404255, 7.5, 30.708661417322837, 3.7037037037037033, 24.489795918367346, 3.125, 1.4492753623188406, 28.26086956521739, 6.896551724137931, 6.024096385542169, 31.967213114754102, 4.545454545454546, 25.49019607843137, 11.267605633802818, 17.391304347826086, 20.408163265306122, 21.052631578947366, 7.142857142857142, 5.263157894736842, 3.6363636363636362, 14.432989690721648, 12.142857142857142, 16.0, 14.864864864864865, 1.0526315789473684, 18.548387096774192, 35.483870967741936, 8.0, 4.716981132075472, 26.666666666666668, 6.25, 15.270935960591133, 13.636363636363635, 9.090909090909092, 10.0, 0.0, 30.76923076923077, 0.0, 12.574850299401197, 3.4482758620689653, 23.404255319148938, 104.8780487804878, 15.625, 28.09917355371901, 15.267175572519085, 16.34980988593156, 25.675675675675674, 4.3478260869565215, 29.166666666666668, 100.0, 16.923076923076923, 16.27906976744186, 2.1739130434782608, 9.722222222222223, 16.666666666666664, 4.672897196261682, 1.639344262295082, 0.0, 28.28282828282828, 17.94871794871795, 23.893805309734514, 16.071428571428573, 15.0, 13.793103448275861, 17.857142857142858, 8.383233532934131, 8.333333333333332, 15.384615384615385, 48.93617021276596, 51.69491525423729, 23.076923076923077, 15.384615384615385, 25.56053811659193, 5.263157894736842, 22.400000000000002, 13.513513513513514, 8.333333333333332, 21.84873949579832, 3.508771929824561, 8.108108108108109, 2.0408163265306123, 9.30232558139535, 25.806451612903224, 20.0, 0.0, 20.833333333333336, 10.416666666666668, 21.052631578947366, 29.268292682926827, 13.157894736842104, 5.88235294117647]
RMSE: 19.126300860735842 [49, 1600, 1849, 361, 81, 81, 16, 16, 81, 0, 256, 1, 36, 0, 81, 0, 1936, 576, 961, 49, 256, 196, 441, 36, 256, 25, 961, 64, 361, 3025, 576, 169, 81, 9, 1225, 64, 25, 16, 64, 9, 9, 1521, 9, 144, 1, 1, 169, 16, 25, 1521, 4, 676, 64, 16, 100, 16, 49, 16, 4, 196, 1156, 64, 484, 1, 529, 121, 36, 100, 1024, 9, 961, 225, 49, 9, 0, 64, 0, 441, 4, 121, 1849, 25, 1156, 400, 1849, 361, 36, 784, 324, 121, 49, 1, 49, 196, 25, 1, 0, 784, 196, 729, 81, 225, 16, 900, 196, 9, 16, 529, 3721, 441, 100, 3249, 16, 784, 625, 16, 676, 4, 9, 1, 16, 576, 49, 0, 100, 25, 144, 144, 100, 9]

pred: 9457 [39, 200, 50, 117, 64, 29, 42, 98, 45, 84, 118, 28, 24, 54, 47, 26, 224, 55, 142, 51, 80, 67, 105, 55, 79, 21, 92, 35, 149, 147, 90, 83, 84, 58, 199, 56, 73, 26, 50, 44, 37, 88, 84, 37, 33, 68, 33, 62, 78, 83, 42, 76, 63, 19, 39, 15, 91, 72, 53, 83, 246, 42, 126, 94, 101, 20, 69, 202, 88, 51, 172, 95, 70, 27, 39, 18, 39, 146, 56, 36, 84, 27, 87, 111, 220, 55, 132, 68, 0, 54, 36, 47, 65, 70, 102, 62, 16, 71, 64, 86, 47, 85, 33, 138, 153, 33, 22, 24, 57, 70, 55, 166, 72, 97, 160, 52, 93, 59, 40, 50, 47, 69, 28, 48, 38, 53, 45, 29, 66, 48]
real: 11073 [46, 240, 93, 136, 73, 38, 46, 102, 54, 84, 134, 29, 30, 54, 56, 26, 268, 79, 173, 58, 96, 81, 126, 49, 95, 26, 123, 43, 168, 202, 114, 96, 93, 61, 234, 64, 68, 30, 58, 47, 40, 127, 81, 49, 32, 69, 46, 58, 83, 122, 44, 102, 71, 23, 49, 19, 98, 76, 55, 97, 280, 50, 148, 95, 124, 31, 75, 212, 120, 48, 203, 110, 77, 30, 39, 26, 39, 167, 58, 47, 41, 32, 121, 131, 263, 74, 138, 96, 18, 65, 43, 46, 72, 84, 107, 61, 16, 99, 78, 113, 56, 100, 29, 168, 167, 36, 26, 47, 118, 91, 65, 223, 76, 125, 185, 48, 119, 57, 37, 49, 43, 93, 35, 48, 48, 48, 57, 41, 76, 51]

grid_scale: 0.4
resize_scale: 0.5
confiance: 0.8

random_seed: 1011
data_augmentation: True
samples: 130
