MAE: 19.476923076923075 [14, 67, 60, 31, 4, 11, 5, 7, 2, 1, 26, 6, 2, 3, 11, 1, 63, 22, 26, 6, 12, 10, 37, 13, 18, 0, 42, 8, 29, 74, 39, 45, 22, 4, 60, 13, 4, 2, 14, 5, 7, 39, 2, 12, 2, 8, 18, 5, 5, 42, 12, 37, 14, 5, 9, 2, 9, 2, 6, 12, 74, 7, 28, 3, 23, 5, 6, 40, 53, 8, 37, 13, 5, 3, 0, 16, 1, 20, 3, 32, 4, 5, 46, 17, 77, 13, 14, 44, 17, 17, 6, 2, 5, 15, 1, 1, 1, 57, 35, 59, 11, 17, 4, 28, 10, 3, 17, 29, 84, 34, 9, 95, 20, 37, 80, 1, 26, 4, 2, 0, 4, 38, 9, 2, 38, 7, 9, 10, 18, 6]
MAPE: 21.245790992374868 [30.434782608695656, 27.916666666666668, 64.51612903225806, 22.794117647058822, 5.47945205479452, 28.947368421052634, 10.869565217391305, 6.862745098039216, 3.7037037037037033, 1.1904761904761905, 19.402985074626866, 20.689655172413794, 6.666666666666667, 5.555555555555555, 19.642857142857142, 3.8461538461538463, 23.507462686567166, 27.848101265822784, 15.028901734104046, 10.344827586206897, 12.5, 12.345679012345679, 29.365079365079367, 26.53061224489796, 18.947368421052634, 0.0, 34.146341463414636, 18.6046511627907, 17.261904761904763, 36.633663366336634, 34.21052631578947, 46.875, 23.655913978494624, 6.557377049180328, 25.64102564102564, 20.3125, 5.88235294117647, 6.666666666666667, 24.137931034482758, 10.638297872340425, 17.5, 30.708661417322837, 2.4691358024691357, 24.489795918367346, 6.25, 11.594202898550725, 39.130434782608695, 8.620689655172415, 6.024096385542169, 34.42622950819672, 27.27272727272727, 36.27450980392157, 19.718309859154928, 21.73913043478261, 18.367346938775512, 10.526315789473683, 9.183673469387756, 2.631578947368421, 10.909090909090908, 12.371134020618557, 26.42857142857143, 14.000000000000002, 18.91891891891892, 3.1578947368421053, 18.548387096774192, 16.129032258064516, 8.0, 18.867924528301888, 44.166666666666664, 16.666666666666664, 18.226600985221676, 11.818181818181818, 6.493506493506493, 10.0, 0.0, 61.53846153846154, 2.564102564102564, 11.976047904191617, 5.172413793103448, 68.08510638297872, 9.75609756097561, 15.625, 38.01652892561984, 12.977099236641221, 29.277566539923956, 17.56756756756757, 10.144927536231885, 45.83333333333333, 94.44444444444444, 26.153846153846157, 13.953488372093023, 4.3478260869565215, 6.944444444444445, 17.857142857142858, 0.9345794392523363, 1.639344262295082, 6.25, 57.57575757575758, 44.871794871794876, 52.21238938053098, 19.642857142857142, 17.0, 13.793103448275861, 16.666666666666664, 5.9880239520958085, 8.333333333333332, 65.38461538461539, 61.702127659574465, 71.1864406779661, 37.362637362637365, 13.846153846153847, 42.600896860986545, 26.31578947368421, 29.599999999999998, 43.24324324324324, 2.083333333333333, 21.84873949579832, 7.017543859649122, 5.405405405405405, 0.0, 9.30232558139535, 40.86021505376344, 25.71428571428571, 4.166666666666666, 79.16666666666666, 14.583333333333334, 15.789473684210526, 24.390243902439025, 23.684210526315788, 11.76470588235294]
RMSE: 28.574598725226085 [196, 4489, 3600, 961, 16, 121, 25, 49, 4, 1, 676, 36, 4, 9, 121, 1, 3969, 484, 676, 36, 144, 100, 1369, 169, 324, 0, 1764, 64, 841, 5476, 1521, 2025, 484, 16, 3600, 169, 16, 4, 196, 25, 49, 1521, 4, 144, 4, 64, 324, 25, 25, 1764, 144, 1369, 196, 25, 81, 4, 81, 4, 36, 144, 5476, 49, 784, 9, 529, 25, 36, 1600, 2809, 64, 1369, 169, 25, 9, 0, 256, 1, 400, 9, 1024, 16, 25, 2116, 289, 5929, 169, 196, 1936, 289, 289, 36, 4, 25, 225, 1, 1, 1, 3249, 1225, 3481, 121, 289, 16, 784, 100, 9, 289, 841, 7056, 1156, 81, 9025, 400, 1369, 6400, 1, 676, 16, 4, 0, 16, 1444, 81, 4, 1444, 49, 81, 100, 324, 36]

pred: 8653 [32, 173, 33, 105, 69, 27, 41, 95, 52, 85, 108, 23, 28, 57, 45, 25, 205, 57, 147, 52, 84, 71, 89, 62, 77, 26, 81, 35, 139, 128, 75, 51, 71, 57, 174, 51, 72, 28, 44, 42, 47, 88, 79, 37, 30, 61, 28, 63, 88, 80, 32, 65, 57, 18, 40, 17, 89, 74, 49, 85, 206, 43, 120, 92, 101, 26, 69, 172, 67, 40, 166, 97, 72, 27, 39, 10, 38, 147, 55, 15, 45, 27, 75, 114, 186, 61, 124, 52, 1, 48, 37, 44, 67, 69, 106, 60, 17, 42, 43, 54, 45, 83, 33, 140, 157, 33, 9, 18, 34, 57, 56, 128, 56, 88, 105, 49, 93, 53, 39, 49, 47, 55, 26, 50, 10, 41, 48, 31, 58, 45]
real: 11073 [46, 240, 93, 136, 73, 38, 46, 102, 54, 84, 134, 29, 30, 54, 56, 26, 268, 79, 173, 58, 96, 81, 126, 49, 95, 26, 123, 43, 168, 202, 114, 96, 93, 61, 234, 64, 68, 30, 58, 47, 40, 127, 81, 49, 32, 69, 46, 58, 83, 122, 44, 102, 71, 23, 49, 19, 98, 76, 55, 97, 280, 50, 148, 95, 124, 31, 75, 212, 120, 48, 203, 110, 77, 30, 39, 26, 39, 167, 58, 47, 41, 32, 121, 131, 263, 74, 138, 96, 18, 65, 43, 46, 72, 84, 107, 61, 16, 99, 78, 113, 56, 100, 29, 168, 167, 36, 26, 47, 118, 91, 65, 223, 76, 125, 185, 48, 119, 57, 37, 49, 43, 93, 35, 48, 48, 48, 57, 41, 76, 51]

grid_scale: 0.5
resize_scale: 0.5
confiance: 0.8

random_seed: 1011
data_augmentation: True
samples: 130
