MAE: 32.55384615384615 [12, 106, 1, 34, 34, 25, 14, 36, 11, 28, 36, 7, 7, 39, 25, 15, 116, 25, 21, 16, 11, 25, 75, 301, 18, 36, 12, 4, 23, 9, 2, 5, 10, 36, 133, 23, 31, 12, 11, 52, 39, 0, 45, 13, 22, 19, 13, 56, 24, 19, 19, 6, 31, 15, 9, 6, 23, 9, 35, 23, 113, 37, 26, 38, 118, 11, 81, 160, 10, 30, 66, 43, 12, 9, 18, 6, 53, 20, 9, 3, 329, 21, 12, 69, 57, 30, 28, 16, 12, 7, 7, 22, 27, 26, 21, 45, 68, 32, 15, 25, 8, 22, 94, 24, 37, 12, 4, 6, 13, 3, 11, 54, 30, 17, 7, 24, 33, 25, 12, 18, 37, 6, 5, 23, 6, 51, 3, 16, 15, 21]
MAPE: 51.137448304262776 [26.08695652173913, 44.166666666666664, 1.0752688172043012, 25.0, 46.57534246575342, 65.78947368421053, 30.434782608695656, 35.294117647058826, 20.37037037037037, 33.33333333333333, 26.865671641791046, 24.137931034482758, 23.333333333333332, 72.22222222222221, 44.642857142857146, 57.692307692307686, 43.28358208955223, 31.645569620253166, 12.138728323699421, 27.586206896551722, 11.458333333333332, 30.864197530864196, 59.523809523809526, 614.2857142857143, 18.947368421052634, 138.46153846153845, 9.75609756097561, 9.30232558139535, 13.690476190476192, 4.455445544554455, 1.7543859649122806, 5.208333333333334, 10.75268817204301, 59.01639344262295, 56.837606837606835, 35.9375, 45.588235294117645, 40.0, 18.96551724137931, 110.63829787234043, 97.5, 0.0, 55.55555555555556, 26.53061224489796, 68.75, 27.536231884057973, 28.26086956521739, 96.55172413793103, 28.915662650602407, 15.573770491803279, 43.18181818181818, 5.88235294117647, 43.66197183098591, 65.21739130434783, 18.367346938775512, 31.57894736842105, 23.46938775510204, 11.842105263157894, 63.63636363636363, 23.711340206185564, 40.35714285714286, 74.0, 17.56756756756757, 40.0, 95.16129032258065, 35.483870967741936, 108.0, 75.47169811320755, 8.333333333333332, 62.5, 32.51231527093596, 39.09090909090909, 15.584415584415584, 30.0, 46.15384615384615, 23.076923076923077, 135.8974358974359, 11.976047904191617, 15.517241379310345, 6.382978723404255, 802.4390243902438, 65.625, 9.917355371900827, 52.67175572519084, 21.673003802281368, 40.54054054054054, 20.28985507246377, 16.666666666666664, 66.66666666666666, 10.76923076923077, 16.27906976744186, 47.82608695652174, 37.5, 30.952380952380953, 19.626168224299064, 73.77049180327869, 425.0, 32.323232323232325, 19.230769230769234, 22.123893805309734, 14.285714285714285, 22.0, 324.13793103448273, 14.285714285714285, 22.15568862275449, 33.33333333333333, 15.384615384615385, 12.76595744680851, 11.016949152542372, 3.296703296703297, 16.923076923076923, 24.2152466367713, 39.473684210526315, 13.600000000000001, 3.783783783783784, 50.0, 27.73109243697479, 43.859649122807014, 32.432432432432435, 36.734693877551024, 86.04651162790698, 6.451612903225806, 14.285714285714285, 47.91666666666667, 12.5, 106.25, 5.263157894736842, 39.02439024390244, 19.736842105263158, 41.17647058823529]
RMSE: 55.38300211325604 [144, 11236, 1, 1156, 1156, 625, 196, 1296, 121, 784, 1296, 49, 49, 1521, 625, 225, 13456, 625, 441, 256, 121, 625, 5625, 90601, 324, 1296, 144, 16, 529, 81, 4, 25, 100, 1296, 17689, 529, 961, 144, 121, 2704, 1521, 0, 2025, 169, 484, 361, 169, 3136, 576, 361, 361, 36, 961, 225, 81, 36, 529, 81, 1225, 529, 12769, 1369, 676, 1444, 13924, 121, 6561, 25600, 100, 900, 4356, 1849, 144, 81, 324, 36, 2809, 400, 81, 9, 108241, 441, 144, 4761, 3249, 900, 784, 256, 144, 49, 49, 484, 729, 676, 441, 2025, 4624, 1024, 225, 625, 64, 484, 8836, 576, 1369, 144, 16, 36, 169, 9, 121, 2916, 900, 289, 49, 576, 1089, 625, 144, 324, 1369, 36, 25, 529, 36, 2601, 9, 256, 225, 441]

pred: 15239 [58, 346, 92, 170, 107, 63, 60, 138, 65, 112, 170, 36, 23, 93, 81, 41, 384, 104, 194, 74, 107, 106, 201, 350, 113, 62, 135, 47, 191, 211, 116, 101, 103, 97, 367, 87, 99, 42, 69, 99, 79, 127, 126, 62, 54, 88, 59, 114, 107, 141, 63, 108, 102, 38, 58, 25, 121, 85, 90, 120, 393, 87, 174, 133, 242, 42, 156, 372, 130, 78, 269, 153, 89, 39, 57, 32, 92, 187, 67, 50, 370, 53, 133, 200, 320, 104, 166, 112, 6, 72, 50, 68, 99, 110, 128, 106, 84, 131, 93, 138, 64, 122, 123, 192, 204, 48, 30, 53, 105, 94, 76, 277, 106, 142, 192, 72, 152, 82, 49, 67, 80, 99, 40, 71, 54, 99, 60, 57, 91, 72]
real: 11073 [46, 240, 93, 136, 73, 38, 46, 102, 54, 84, 134, 29, 30, 54, 56, 26, 268, 79, 173, 58, 96, 81, 126, 49, 95, 26, 123, 43, 168, 202, 114, 96, 93, 61, 234, 64, 68, 30, 58, 47, 40, 127, 81, 49, 32, 69, 46, 58, 83, 122, 44, 102, 71, 23, 49, 19, 98, 76, 55, 97, 280, 50, 148, 95, 124, 31, 75, 212, 120, 48, 203, 110, 77, 30, 39, 26, 39, 167, 58, 47, 41, 32, 121, 131, 263, 74, 138, 96, 18, 65, 43, 46, 72, 84, 107, 61, 16, 99, 78, 113, 56, 100, 29, 168, 167, 36, 26, 47, 118, 91, 65, 223, 76, 125, 185, 48, 119, 57, 37, 49, 43, 93, 35, 48, 48, 48, 57, 41, 76, 51]

grid_scale: 0.2
resize_scale: 0.5
confiance: 0.3

random_seed: 1011
data_augmentation: True
samples: 130
