MAE: 18.546153846153846 [5, 49, 8, 18, 18, 12, 8, 34, 11, 18, 20, 3, 4, 14, 8, 5, 114, 15, 41, 11, 14, 3, 63, 122, 7, 6, 5, 2, 15, 8, 11, 6, 13, 20, 67, 17, 25, 9, 6, 15, 14, 6, 34, 6, 8, 9, 9, 14, 9, 15, 7, 5, 8, 12, 11, 3, 11, 9, 26, 10, 60, 17, 25, 23, 16, 2, 27, 120, 4, 21, 51, 31, 11, 9, 6, 1, 20, 12, 2, 1, 171, 9, 4, 68, 85, 11, 46, 5, 15, 3, 1, 10, 6, 1, 17, 15, 41, 0, 5, 11, 2, 1, 32, 24, 21, 9, 6, 2, 12, 2, 0, 19, 9, 10, 31, 15, 26, 19, 9, 16, 15, 6, 1, 12, 2, 17, 3, 7, 16, 8]
MAPE: 26.32409120052456 [10.869565217391305, 20.416666666666668, 8.60215053763441, 13.23529411764706, 24.65753424657534, 31.57894736842105, 17.391304347826086, 33.33333333333333, 20.37037037037037, 21.428571428571427, 14.925373134328357, 10.344827586206897, 13.333333333333334, 25.925925925925924, 14.285714285714285, 19.230769230769234, 42.53731343283582, 18.9873417721519, 23.699421965317917, 18.96551724137931, 14.583333333333334, 3.7037037037037033, 50.0, 248.9795918367347, 7.368421052631578, 23.076923076923077, 4.0650406504065035, 4.651162790697675, 8.928571428571429, 3.9603960396039604, 9.649122807017543, 6.25, 13.978494623655912, 32.78688524590164, 28.63247863247863, 26.5625, 36.76470588235294, 30.0, 10.344827586206897, 31.914893617021278, 35.0, 4.724409448818897, 41.9753086419753, 12.244897959183673, 25.0, 13.043478260869565, 19.565217391304348, 24.137931034482758, 10.843373493975903, 12.295081967213115, 15.909090909090908, 4.901960784313726, 11.267605633802818, 52.17391304347826, 22.448979591836736, 15.789473684210526, 11.224489795918368, 11.842105263157894, 47.27272727272727, 10.309278350515463, 21.428571428571427, 34.0, 16.89189189189189, 24.210526315789473, 12.903225806451612, 6.451612903225806, 36.0, 56.60377358490566, 3.3333333333333335, 43.75, 25.12315270935961, 28.18181818181818, 14.285714285714285, 30.0, 15.384615384615385, 3.8461538461538463, 51.28205128205128, 7.18562874251497, 3.4482758620689653, 2.127659574468085, 417.0731707317073, 28.125, 3.3057851239669422, 51.908396946564885, 32.31939163498099, 14.864864864864865, 33.33333333333333, 5.208333333333334, 83.33333333333334, 4.615384615384616, 2.3255813953488373, 21.73913043478261, 8.333333333333332, 1.1904761904761905, 15.887850467289718, 24.59016393442623, 256.25, 0.0, 6.41025641025641, 9.734513274336283, 3.571428571428571, 1.0, 110.34482758620689, 14.285714285714285, 12.574850299401197, 25.0, 23.076923076923077, 4.25531914893617, 10.16949152542373, 2.197802197802198, 0.0, 8.520179372197308, 11.842105263157894, 8.0, 16.756756756756758, 31.25, 21.84873949579832, 33.33333333333333, 24.324324324324326, 32.6530612244898, 34.883720930232556, 6.451612903225806, 2.857142857142857, 25.0, 4.166666666666666, 35.41666666666667, 5.263157894736842, 17.073170731707318, 21.052631578947366, 15.686274509803921]
RMSE: 31.384587104059655 [25, 2401, 64, 324, 324, 144, 64, 1156, 121, 324, 400, 9, 16, 196, 64, 25, 12996, 225, 1681, 121, 196, 9, 3969, 14884, 49, 36, 25, 4, 225, 64, 121, 36, 169, 400, 4489, 289, 625, 81, 36, 225, 196, 36, 1156, 36, 64, 81, 81, 196, 81, 225, 49, 25, 64, 144, 121, 9, 121, 81, 676, 100, 3600, 289, 625, 529, 256, 4, 729, 14400, 16, 441, 2601, 961, 121, 81, 36, 1, 400, 144, 4, 1, 29241, 81, 16, 4624, 7225, 121, 2116, 25, 225, 9, 1, 100, 36, 1, 289, 225, 1681, 0, 25, 121, 4, 1, 1024, 576, 441, 81, 36, 4, 144, 4, 0, 361, 81, 100, 961, 225, 676, 361, 81, 256, 225, 36, 1, 144, 4, 289, 9, 49, 256, 64]

pred: 13334 [51, 289, 85, 154, 91, 50, 54, 136, 65, 102, 154, 32, 34, 68, 64, 31, 382, 94, 214, 69, 110, 84, 189, 171, 102, 32, 128, 45, 183, 194, 103, 90, 106, 81, 301, 81, 93, 39, 64, 62, 54, 121, 115, 55, 40, 78, 55, 72, 92, 137, 51, 107, 79, 35, 60, 22, 109, 85, 81, 107, 340, 67, 173, 118, 140, 33, 102, 332, 124, 69, 254, 141, 88, 39, 45, 25, 59, 179, 60, 48, 212, 41, 125, 199, 348, 85, 184, 101, 3, 68, 44, 56, 78, 85, 124, 76, 57, 99, 83, 124, 58, 99, 61, 192, 188, 45, 32, 45, 106, 93, 65, 242, 85, 135, 216, 63, 145, 76, 46, 65, 58, 99, 36, 60, 46, 65, 54, 48, 92, 59]
real: 11073 [46, 240, 93, 136, 73, 38, 46, 102, 54, 84, 134, 29, 30, 54, 56, 26, 268, 79, 173, 58, 96, 81, 126, 49, 95, 26, 123, 43, 168, 202, 114, 96, 93, 61, 234, 64, 68, 30, 58, 47, 40, 127, 81, 49, 32, 69, 46, 58, 83, 122, 44, 102, 71, 23, 49, 19, 98, 76, 55, 97, 280, 50, 148, 95, 124, 31, 75, 212, 120, 48, 203, 110, 77, 30, 39, 26, 39, 167, 58, 47, 41, 32, 121, 131, 263, 74, 138, 96, 18, 65, 43, 46, 72, 84, 107, 61, 16, 99, 78, 113, 56, 100, 29, 168, 167, 36, 26, 47, 118, 91, 65, 223, 76, 125, 185, 48, 119, 57, 37, 49, 43, 93, 35, 48, 48, 48, 57, 41, 76, 51]

grid_scale: 0.3
resize_scale: 0.5
confiance: 0.35

random_seed: 1011
data_augmentation: True
samples: 130
