MAE: 14.3 [6, 16, 40, 16, 4, 9, 4, 32, 2, 40, 3, 2, 2, 16, 1, 6, 12, 3, 25, 17, 17, 3, 3, 28, 24, 1, 21, 2, 39, 13, 18, 11, 6, 8, 63, 2, 12, 2, 7, 0, 9, 20, 11, 2, 0, 8, 6, 16, 51, 13, 5, 15, 3, 1, 3, 3, 34, 20, 26, 29, 17, 1, 5, 31, 16, 1, 1, 62, 11, 5, 60, 15, 14, 1, 2, 7, 6, 19, 0, 9, 43, 0, 19, 49, 21, 6, 71, 17, 16, 11, 0, 3, 7, 3, 36, 1, 3, 33, 21, 28, 3, 23, 11, 51, 32, 2, 4, 24, 70, 17, 7, 20, 8, 2, 10, 11, 10, 5, 1, 15, 6, 8, 0, 14, 13, 2, 1, 2, 4, 1]
MAPE: 16.933068196971565 [13.043478260869565, 6.666666666666667, 43.01075268817204, 11.76470588235294, 5.47945205479452, 23.684210526315788, 8.695652173913043, 31.372549019607842, 3.7037037037037033, 47.61904761904761, 2.2388059701492535, 6.896551724137931, 6.666666666666667, 29.629629629629626, 1.7857142857142856, 23.076923076923077, 4.477611940298507, 3.79746835443038, 14.450867052023122, 29.310344827586203, 17.708333333333336, 3.7037037037037033, 2.380952380952381, 57.14285714285714, 25.263157894736842, 3.8461538461538463, 17.073170731707318, 4.651162790697675, 23.214285714285715, 6.435643564356436, 15.789473684210526, 11.458333333333332, 6.451612903225806, 13.114754098360656, 26.923076923076923, 3.125, 17.647058823529413, 6.666666666666667, 12.068965517241379, 0.0, 22.5, 15.748031496062993, 13.580246913580247, 4.081632653061225, 0.0, 11.594202898550725, 13.043478260869565, 27.586206896551722, 61.44578313253012, 10.655737704918032, 11.363636363636363, 14.705882352941178, 4.225352112676056, 4.3478260869565215, 6.122448979591836, 15.789473684210526, 34.69387755102041, 26.31578947368421, 47.27272727272727, 29.896907216494846, 6.071428571428571, 2.0, 3.3783783783783785, 32.631578947368425, 12.903225806451612, 3.225806451612903, 1.3333333333333335, 29.245283018867923, 9.166666666666666, 10.416666666666668, 29.55665024630542, 13.636363636363635, 18.181818181818183, 3.3333333333333335, 5.128205128205128, 26.923076923076923, 15.384615384615385, 11.377245508982035, 0.0, 19.148936170212767, 104.8780487804878, 0.0, 15.702479338842975, 37.404580152671755, 7.984790874524715, 8.108108108108109, 51.449275362318836, 17.708333333333336, 88.88888888888889, 16.923076923076923, 0.0, 6.521739130434782, 9.722222222222223, 3.571428571428571, 33.64485981308411, 1.639344262295082, 18.75, 33.33333333333333, 26.923076923076923, 24.778761061946902, 5.357142857142857, 23.0, 37.93103448275862, 30.357142857142854, 19.16167664670659, 5.555555555555555, 15.384615384615385, 51.06382978723404, 59.32203389830508, 18.681318681318682, 10.76923076923077, 8.968609865470851, 10.526315789473683, 1.6, 5.405405405405405, 22.916666666666664, 8.403361344537815, 8.771929824561402, 2.7027027027027026, 30.612244897959183, 13.953488372093023, 8.60215053763441, 0.0, 29.166666666666668, 27.083333333333332, 4.166666666666666, 1.7543859649122806, 4.878048780487805, 5.263157894736842, 1.9607843137254901]
RMSE: 21.136006463633787 [36, 256, 1600, 256, 16, 81, 16, 1024, 4, 1600, 9, 4, 4, 256, 1, 36, 144, 9, 625, 289, 289, 9, 9, 784, 576, 1, 441, 4, 1521, 169, 324, 121, 36, 64, 3969, 4, 144, 4, 49, 0, 81, 400, 121, 4, 0, 64, 36, 256, 2601, 169, 25, 225, 9, 1, 9, 9, 1156, 400, 676, 841, 289, 1, 25, 961, 256, 1, 1, 3844, 121, 25, 3600, 225, 196, 1, 4, 49, 36, 361, 0, 81, 1849, 0, 361, 2401, 441, 36, 5041, 289, 256, 121, 0, 9, 49, 9, 1296, 1, 9, 1089, 441, 784, 9, 529, 121, 2601, 1024, 4, 16, 576, 4900, 289, 49, 400, 64, 4, 100, 121, 100, 25, 1, 225, 36, 64, 0, 196, 169, 4, 1, 4, 16, 1]

pred: 11750 [40, 256, 53, 152, 77, 29, 50, 134, 56, 124, 137, 27, 28, 70, 55, 32, 280, 76, 198, 75, 113, 84, 123, 77, 119, 25, 102, 41, 207, 189, 96, 85, 99, 69, 297, 66, 80, 28, 51, 47, 49, 107, 92, 51, 32, 77, 40, 74, 134, 109, 49, 87, 68, 24, 46, 22, 132, 96, 81, 126, 263, 49, 143, 126, 140, 30, 74, 274, 109, 53, 263, 125, 91, 31, 37, 19, 45, 186, 58, 38, 84, 32, 102, 180, 242, 68, 209, 79, 2, 54, 43, 49, 79, 81, 143, 62, 19, 66, 57, 85, 53, 123, 40, 219, 199, 38, 22, 23, 48, 74, 72, 243, 84, 123, 175, 59, 109, 62, 38, 64, 49, 85, 35, 62, 35, 50, 58, 43, 80, 52]
real: 11073 [46, 240, 93, 136, 73, 38, 46, 102, 54, 84, 134, 29, 30, 54, 56, 26, 268, 79, 173, 58, 96, 81, 126, 49, 95, 26, 123, 43, 168, 202, 114, 96, 93, 61, 234, 64, 68, 30, 58, 47, 40, 127, 81, 49, 32, 69, 46, 58, 83, 122, 44, 102, 71, 23, 49, 19, 98, 76, 55, 97, 280, 50, 148, 95, 124, 31, 75, 212, 120, 48, 203, 110, 77, 30, 39, 26, 39, 167, 58, 47, 41, 32, 121, 131, 263, 74, 138, 96, 18, 65, 43, 46, 72, 84, 107, 61, 16, 99, 78, 113, 56, 100, 29, 168, 167, 36, 26, 47, 118, 91, 65, 223, 76, 125, 185, 48, 119, 57, 37, 49, 43, 93, 35, 48, 48, 48, 57, 41, 76, 51]

grid_scale: 0.5
resize_scale: 0.5
confiance: 0.55

random_seed: 1011
data_augmentation: True
samples: 130
