MAE: 28.423076923076923 [4, 42, 30, 46, 20, 6, 5, 95, 36, 115, 52, 3, 2, 34, 13, 12, 83, 6, 56, 29, 78, 18, 73, 53, 65, 2, 30, 5, 56, 39, 31, 44, 59, 5, 61, 4, 10, 3, 8, 11, 16, 16, 23, 3, 3, 9, 5, 17, 95, 42, 2, 8, 3, 2, 3, 2, 60, 35, 26, 16, 95, 1, 56, 53, 32, 5, 14, 97, 19, 11, 107, 64, 39, 2, 0, 7, 17, 80, 3, 5, 64, 1, 20, 130, 95, 14, 89, 8, 16, 5, 3, 6, 8, 16, 103, 11, 2, 14, 5, 8, 2, 49, 13, 88, 85, 10, 4, 21, 49, 19, 14, 3, 10, 19, 37, 30, 28, 5, 9, 27, 9, 8, 0, 25, 13, 7, 3, 22, 8, 23]
MAPE: 31.171682298860002 [8.695652173913043, 17.5, 32.25806451612903, 33.82352941176471, 27.397260273972602, 15.789473684210526, 10.869565217391305, 93.13725490196079, 66.66666666666666, 136.9047619047619, 38.80597014925373, 10.344827586206897, 6.666666666666667, 62.96296296296296, 23.214285714285715, 46.15384615384615, 30.970149253731343, 7.59493670886076, 32.369942196531795, 50.0, 81.25, 22.22222222222222, 57.936507936507944, 108.16326530612245, 68.42105263157895, 7.6923076923076925, 24.390243902439025, 11.627906976744185, 33.33333333333333, 19.306930693069308, 27.192982456140353, 45.83333333333333, 63.44086021505376, 8.19672131147541, 26.06837606837607, 6.25, 14.705882352941178, 10.0, 13.793103448275861, 23.404255319148938, 40.0, 12.598425196850393, 28.39506172839506, 6.122448979591836, 9.375, 13.043478260869565, 10.869565217391305, 29.310344827586203, 114.45783132530121, 34.42622950819672, 4.545454545454546, 7.8431372549019605, 4.225352112676056, 8.695652173913043, 6.122448979591836, 10.526315789473683, 61.224489795918366, 46.05263157894737, 47.27272727272727, 16.49484536082474, 33.92857142857143, 2.0, 37.83783783783784, 55.78947368421052, 25.806451612903224, 16.129032258064516, 18.666666666666668, 45.75471698113208, 15.833333333333332, 22.916666666666664, 52.70935960591133, 58.18181818181818, 50.649350649350644, 6.666666666666667, 0.0, 26.923076923076923, 43.58974358974359, 47.90419161676647, 5.172413793103448, 10.638297872340425, 156.09756097560975, 3.125, 16.528925619834713, 99.23664122137404, 36.12167300380228, 18.91891891891892, 64.4927536231884, 8.333333333333332, 88.88888888888889, 7.6923076923076925, 6.976744186046512, 13.043478260869565, 11.11111111111111, 19.047619047619047, 96.26168224299066, 18.0327868852459, 12.5, 14.14141414141414, 6.41025641025641, 7.079646017699115, 3.571428571428571, 49.0, 44.827586206896555, 52.38095238095239, 50.898203592814376, 27.77777777777778, 15.384615384615385, 44.680851063829785, 41.52542372881356, 20.87912087912088, 21.53846153846154, 1.345291479820628, 13.157894736842104, 15.2, 20.0, 62.5, 23.52941176470588, 8.771929824561402, 24.324324324324326, 55.10204081632652, 20.930232558139537, 8.60215053763441, 0.0, 52.083333333333336, 27.083333333333332, 14.583333333333334, 5.263157894736842, 53.65853658536586, 10.526315789473683, 45.09803921568628]
RMSE: 41.55469056186447 [16, 1764, 900, 2116, 400, 36, 25, 9025, 1296, 13225, 2704, 9, 4, 1156, 169, 144, 6889, 36, 3136, 841, 6084, 324, 5329, 2809, 4225, 4, 900, 25, 3136, 1521, 961, 1936, 3481, 25, 3721, 16, 100, 9, 64, 121, 256, 256, 529, 9, 9, 81, 25, 289, 9025, 1764, 4, 64, 9, 4, 9, 4, 3600, 1225, 676, 256, 9025, 1, 3136, 2809, 1024, 25, 196, 9409, 361, 121, 11449, 4096, 1521, 4, 0, 49, 289, 6400, 9, 25, 4096, 1, 400, 16900, 9025, 196, 7921, 64, 256, 25, 9, 36, 64, 256, 10609, 121, 4, 196, 25, 64, 4, 2401, 169, 7744, 7225, 100, 16, 441, 2401, 361, 196, 9, 100, 361, 1369, 900, 784, 25, 81, 729, 81, 64, 0, 625, 169, 49, 9, 484, 64, 529]

pred: 14380 [50, 282, 63, 182, 93, 44, 51, 197, 90, 199, 186, 32, 32, 88, 69, 38, 351, 85, 229, 87, 174, 99, 199, 102, 160, 28, 153, 48, 224, 241, 145, 140, 152, 66, 295, 68, 78, 33, 66, 58, 56, 143, 104, 52, 29, 78, 41, 75, 178, 164, 42, 110, 74, 25, 52, 21, 158, 111, 81, 113, 375, 49, 204, 148, 156, 36, 89, 309, 139, 59, 310, 174, 116, 32, 39, 19, 56, 247, 55, 42, 105, 33, 141, 261, 358, 88, 227, 104, 2, 70, 46, 52, 80, 100, 210, 72, 18, 113, 73, 105, 58, 149, 42, 256, 252, 46, 22, 26, 69, 72, 79, 220, 86, 144, 222, 78, 147, 62, 46, 76, 52, 101, 35, 73, 35, 55, 60, 63, 84, 74]
real: 11073 [46, 240, 93, 136, 73, 38, 46, 102, 54, 84, 134, 29, 30, 54, 56, 26, 268, 79, 173, 58, 96, 81, 126, 49, 95, 26, 123, 43, 168, 202, 114, 96, 93, 61, 234, 64, 68, 30, 58, 47, 40, 127, 81, 49, 32, 69, 46, 58, 83, 122, 44, 102, 71, 23, 49, 19, 98, 76, 55, 97, 280, 50, 148, 95, 124, 31, 75, 212, 120, 48, 203, 110, 77, 30, 39, 26, 39, 167, 58, 47, 41, 32, 121, 131, 263, 74, 138, 96, 18, 65, 43, 46, 72, 84, 107, 61, 16, 99, 78, 113, 56, 100, 29, 168, 167, 36, 26, 47, 118, 91, 65, 223, 76, 125, 185, 48, 119, 57, 37, 49, 43, 93, 35, 48, 48, 48, 57, 41, 76, 51]

grid_scale: 0.5
resize_scale: 0.5
confiance: 0.35

random_seed: 1011
data_augmentation: True
samples: 130
