MAE: 19.838461538461537 [8, 43, 20, 18, 23, 18, 8, 26, 3, 13, 19, 1, 8, 28, 7, 6, 56, 4, 14, 26, 2, 12, 50, 243, 6, 23, 1, 4, 19, 16, 8, 8, 3, 23, 83, 9, 20, 3, 4, 25, 18, 13, 21, 6, 11, 2, 4, 31, 13, 2, 8, 9, 11, 10, 3, 4, 18, 5, 30, 14, 80, 3, 9, 22, 54, 7, 48, 119, 2, 16, 56, 21, 3, 8, 8, 2, 32, 5, 0, 4, 274, 2, 2, 52, 55, 3, 16, 3, 12, 8, 3, 10, 9, 12, 13, 36, 56, 2, 8, 11, 3, 24, 60, 8, 15, 13, 4, 3, 25, 3, 6, 12, 13, 4, 3, 9, 9, 17, 8, 13, 24, 2, 0, 16, 1, 24, 4, 8, 9, 9]
MAPE: 32.40359596494233 [17.391304347826086, 17.916666666666668, 21.50537634408602, 13.23529411764706, 31.506849315068493, 47.368421052631575, 17.391304347826086, 25.49019607843137, 5.555555555555555, 15.476190476190476, 14.17910447761194, 3.4482758620689653, 26.666666666666668, 51.85185185185185, 12.5, 23.076923076923077, 20.8955223880597, 5.063291139240507, 8.092485549132949, 44.827586206896555, 2.083333333333333, 14.814814814814813, 39.682539682539684, 495.9183673469388, 6.315789473684211, 88.46153846153845, 0.8130081300813009, 9.30232558139535, 11.30952380952381, 7.920792079207921, 7.017543859649122, 8.333333333333332, 3.225806451612903, 37.704918032786885, 35.47008547008547, 14.0625, 29.411764705882355, 10.0, 6.896551724137931, 53.191489361702125, 45.0, 10.236220472440944, 25.925925925925924, 12.244897959183673, 34.375, 2.898550724637681, 8.695652173913043, 53.44827586206896, 15.66265060240964, 1.639344262295082, 18.181818181818183, 8.823529411764707, 15.492957746478872, 43.47826086956522, 6.122448979591836, 21.052631578947366, 18.367346938775512, 6.578947368421052, 54.54545454545454, 14.432989690721648, 28.57142857142857, 6.0, 6.081081081081082, 23.157894736842106, 43.54838709677419, 22.58064516129032, 64.0, 56.132075471698116, 1.6666666666666667, 33.33333333333333, 27.586206896551722, 19.090909090909093, 3.896103896103896, 26.666666666666668, 20.51282051282051, 7.6923076923076925, 82.05128205128204, 2.9940119760479043, 0.0, 8.51063829787234, 668.2926829268292, 6.25, 1.6528925619834711, 39.69465648854962, 20.912547528517113, 4.054054054054054, 11.594202898550725, 3.125, 66.66666666666666, 12.307692307692308, 6.976744186046512, 21.73913043478261, 12.5, 14.285714285714285, 12.149532710280374, 59.01639344262295, 350.0, 2.0202020202020203, 10.256410256410255, 9.734513274336283, 5.357142857142857, 24.0, 206.89655172413794, 4.761904761904762, 8.982035928143713, 36.11111111111111, 15.384615384615385, 6.382978723404255, 21.1864406779661, 3.296703296703297, 9.230769230769232, 5.381165919282512, 17.105263157894736, 3.2, 1.6216216216216217, 18.75, 7.563025210084033, 29.82456140350877, 21.62162162162162, 26.53061224489796, 55.81395348837209, 2.1505376344086025, 0.0, 33.33333333333333, 2.083333333333333, 50.0, 7.017543859649122, 19.51219512195122, 11.842105263157894, 17.647058823529413]
RMSE: 40.31329232972095 [64, 1849, 400, 324, 529, 324, 64, 676, 9, 169, 361, 1, 64, 784, 49, 36, 3136, 16, 196, 676, 4, 144, 2500, 59049, 36, 529, 1, 16, 361, 256, 64, 64, 9, 529, 6889, 81, 400, 9, 16, 625, 324, 169, 441, 36, 121, 4, 16, 961, 169, 4, 64, 81, 121, 100, 9, 16, 324, 25, 900, 196, 6400, 9, 81, 484, 2916, 49, 2304, 14161, 4, 256, 3136, 441, 9, 64, 64, 4, 1024, 25, 0, 16, 75076, 4, 4, 2704, 3025, 9, 256, 9, 144, 64, 9, 100, 81, 144, 169, 1296, 3136, 4, 64, 121, 9, 576, 3600, 64, 225, 169, 16, 9, 625, 9, 36, 144, 169, 16, 9, 81, 81, 289, 64, 169, 576, 4, 0, 256, 1, 576, 16, 64, 81, 81]

pred: 13370 [54, 283, 73, 154, 96, 56, 54, 128, 57, 97, 153, 30, 22, 82, 63, 32, 324, 75, 187, 84, 98, 93, 176, 292, 101, 49, 124, 47, 187, 186, 106, 104, 96, 84, 317, 73, 88, 33, 62, 72, 58, 114, 102, 55, 43, 67, 50, 89, 96, 120, 52, 93, 82, 33, 46, 23, 116, 81, 85, 111, 360, 53, 157, 117, 178, 38, 123, 331, 118, 64, 259, 131, 80, 38, 47, 24, 71, 172, 58, 51, 315, 34, 123, 183, 318, 77, 154, 99, 6, 73, 40, 56, 81, 96, 120, 97, 72, 97, 86, 124, 53, 124, 89, 176, 182, 49, 30, 44, 93, 94, 71, 235, 89, 129, 182, 57, 128, 74, 45, 62, 67, 95, 35, 64, 47, 72, 61, 49, 85, 60]
real: 11073 [46, 240, 93, 136, 73, 38, 46, 102, 54, 84, 134, 29, 30, 54, 56, 26, 268, 79, 173, 58, 96, 81, 126, 49, 95, 26, 123, 43, 168, 202, 114, 96, 93, 61, 234, 64, 68, 30, 58, 47, 40, 127, 81, 49, 32, 69, 46, 58, 83, 122, 44, 102, 71, 23, 49, 19, 98, 76, 55, 97, 280, 50, 148, 95, 124, 31, 75, 212, 120, 48, 203, 110, 77, 30, 39, 26, 39, 167, 58, 47, 41, 32, 121, 131, 263, 74, 138, 96, 18, 65, 43, 46, 72, 84, 107, 61, 16, 99, 78, 113, 56, 100, 29, 168, 167, 36, 26, 47, 118, 91, 65, 223, 76, 125, 185, 48, 119, 57, 37, 49, 43, 93, 35, 48, 48, 48, 57, 41, 76, 51]

grid_scale: 0.2
resize_scale: 0.5
confiance: 0.55

random_seed: 1011
data_augmentation: True
samples: 130
