MAE: 10.646153846153846 [4, 16, 17, 2, 8, 6, 2, 20, 61, 21, 6, 10, 4, 0, 4, 4, 13, 19, 3, 14, 3, 2, 51, 1, 16, 10, 18, 13, 5, 6, 6, 5, 0, 16, 3, 5, 4, 14, 7, 57, 2, 2, 1, 2, 1, 4, 0, 32, 9, 1, 53, 25, 10, 3, 11, 3, 11, 6, 6, 1, 4, 16, 4, 8, 9, 20, 15, 1, 1, 3, 24, 11, 10, 27, 36, 18, 2, 17, 3, 13, 6, 3, 0, 15, 7, 7, 2, 17, 8, 12, 2, 12, 0, 3, 15, 2, 6, 5, 9, 73, 1, 7, 0, 1, 4, 1, 4, 11, 35, 19, 1, 7, 8, 1, 1, 2, 2, 25, 9, 11, 5, 70, 1, 2, 15, 2, 10, 9, 8, 7]
MAPE: 14.115091276962861 [3.3057851239669422, 17.20430107526882, 29.310344827586203, 4.25531914893617, 8.791208791208792, 10.526315789473683, 4.3478260869565215, 11.904761904761903, 28.77358490566038, 38.88888888888889, 23.076923076923077, 23.25581395348837, 5.633802816901409, 0.0, 17.391304347826086, 4.166666666666666, 26.0, 22.61904761904762, 10.0, 11.76470588235294, 11.538461538461538, 5.405405405405405, 38.93129770992366, 1.7241379310344827, 33.33333333333333, 20.833333333333336, 9.72972972972973, 10.483870967741936, 10.204081632653061, 10.909090909090908, 4.918032786885246, 13.88888888888889, 0.0, 17.20430107526882, 3.7037037037037033, 5.376344086021505, 8.51063829787234, 19.17808219178082, 5.833333333333333, 45.23809523809524, 6.25, 5.263157894736842, 2.1739130434782608, 4.878048780487805, 0.8849557522123894, 3.2, 0.0, 14.349775784753364, 18.75, 1.7241379310344827, 108.16326530612245, 21.1864406779661, 5.780346820809249, 4.615384615384616, 16.176470588235293, 2.3622047244094486, 6.547619047619048, 37.5, 10.526315789473683, 1.2987012987012987, 7.142857142857142, 16.3265306122449, 1.6666666666666667, 12.5, 47.368421052631575, 18.69158878504673, 15.625, 2.127659574468085, 0.6756756756756757, 5.357142857142857, 24.242424242424242, 13.253012048192772, 5.9880239520958085, 26.47058823529412, 15.384615384615385, 6.428571428571428, 2.564102564102564, 20.98765432098765, 3.0, 21.311475409836063, 12.244897959183673, 10.0, 0.0, 8.982035928143713, 7.216494845360824, 10.76923076923077, 4.3478260869565215, 94.44444444444444, 20.51282051282051, 8.955223880597014, 3.9215686274509802, 12.631578947368421, 0.0, 11.538461538461538, 12.195121951219512, 7.6923076923076925, 12.244897959183673, 11.627906976744185, 15.517241379310345, 27.238805970149254, 2.272727272727273, 11.475409836065573, 0.0, 1.3333333333333335, 4.2105263157894735, 2.564102564102564, 5.263157894736842, 37.93103448275862, 17.24137931034483, 13.768115942028986, 0.49504950495049505, 10.144927536231885, 9.523809523809524, 2.857142857142857, 1.2658227848101267, 6.666666666666667, 2.631578947368421, 9.505703422053232, 12.5, 22.916666666666664, 10.416666666666668, 170.73170731707316, 1.8518518518518516, 2.7027027027027026, 14.705882352941178, 6.451612903225806, 7.352941176470589, 22.5, 8.333333333333332, 6.363636363636363]
RMSE: 17.1298210507515 [16, 256, 289, 4, 64, 36, 4, 400, 3721, 441, 36, 100, 16, 0, 16, 16, 169, 361, 9, 196, 9, 4, 2601, 1, 256, 100, 324, 169, 25, 36, 36, 25, 0, 256, 9, 25, 16, 196, 49, 3249, 4, 4, 1, 4, 1, 16, 0, 1024, 81, 1, 2809, 625, 100, 9, 121, 9, 121, 36, 36, 1, 16, 256, 16, 64, 81, 400, 225, 1, 1, 9, 576, 121, 100, 729, 1296, 324, 4, 289, 9, 169, 36, 9, 0, 225, 49, 49, 4, 289, 64, 144, 4, 144, 0, 9, 225, 4, 36, 25, 81, 5329, 1, 49, 0, 1, 16, 1, 16, 121, 1225, 361, 1, 49, 64, 1, 1, 4, 4, 625, 81, 121, 25, 4900, 1, 4, 225, 4, 100, 81, 64, 49]

pred: 12013 [117, 77, 75, 49, 83, 51, 44, 188, 273, 75, 20, 53, 75, 32, 27, 92, 63, 103, 33, 133, 29, 39, 182, 57, 64, 58, 203, 137, 54, 61, 116, 41, 114, 109, 84, 98, 43, 87, 113, 183, 34, 40, 47, 39, 114, 129, 76, 255, 39, 59, 102, 93, 183, 68, 79, 124, 179, 22, 63, 78, 52, 114, 244, 72, 28, 127, 81, 46, 149, 59, 75, 94, 177, 129, 270, 298, 80, 98, 103, 74, 55, 33, 43, 182, 90, 58, 48, 1, 47, 146, 53, 107, 46, 29, 108, 28, 43, 38, 67, 341, 43, 68, 29, 74, 99, 40, 80, 40, 238, 157, 203, 76, 92, 34, 80, 32, 78, 288, 81, 59, 53, 111, 55, 76, 87, 33, 146, 49, 104, 117]
real: 11073 [121, 93, 58, 47, 91, 57, 46, 168, 212, 54, 26, 43, 71, 32, 23, 96, 50, 84, 30, 119, 26, 37, 131, 58, 48, 48, 185, 124, 49, 55, 122, 36, 114, 93, 81, 93, 47, 73, 120, 126, 32, 38, 46, 41, 113, 125, 76, 223, 48, 58, 49, 118, 173, 65, 68, 127, 168, 16, 57, 77, 56, 98, 240, 64, 19, 107, 96, 47, 148, 56, 99, 83, 167, 102, 234, 280, 78, 81, 100, 61, 49, 30, 43, 167, 97, 65, 46, 18, 39, 134, 51, 95, 46, 26, 123, 26, 49, 43, 58, 268, 44, 61, 29, 75, 95, 39, 76, 29, 203, 138, 202, 69, 84, 35, 79, 30, 76, 263, 72, 48, 48, 41, 54, 74, 102, 31, 136, 40, 96, 110]

grid_scale: 0.4
resize_scale: 0.5
confiance: 0.45

random_seed: 1011
data_augmentation: True
samples: 130
