MAE: 12.430769230769231 [39, 58, 2, 1, 29, 5, 12, 7, 6, 5, 6, 5, 6, 0, 2, 29, 7, 23, 1, 14, 11, 1, 8, 6, 2, 3, 44, 8, 6, 12, 22, 2, 29, 5, 14, 22, 17, 2, 37, 1, 0, 3, 5, 1, 45, 20, 6, 50, 31, 3, 20, 67, 6, 1, 5, 26, 6, 0, 0, 4, 7, 4, 47, 1, 3, 10, 28, 19, 19, 6, 35, 20, 9, 6, 19, 18, 28, 5, 10, 1, 22, 1, 3, 2, 4, 7, 13, 17, 11, 15, 5, 5, 1, 1, 37, 3, 13, 4, 8, 24, 1, 1, 4, 1, 5, 1, 4, 8, 24, 27, 51, 6, 7, 4, 9, 6, 9, 52, 1, 6, 2, 35, 3, 6, 17, 6, 7, 1, 9, 4]
MAPE: 15.163858436307585 [32.231404958677686, 62.365591397849464, 3.4482758620689653, 2.127659574468085, 31.868131868131865, 8.771929824561402, 26.08695652173913, 4.166666666666666, 2.8301886792452833, 9.25925925925926, 23.076923076923077, 11.627906976744185, 8.450704225352112, 0.0, 8.695652173913043, 30.208333333333332, 14.000000000000002, 27.380952380952383, 3.3333333333333335, 11.76470588235294, 42.30769230769231, 2.7027027027027026, 6.106870229007633, 10.344827586206897, 4.166666666666666, 6.25, 23.783783783783786, 6.451612903225806, 12.244897959183673, 21.818181818181817, 18.0327868852459, 5.555555555555555, 25.438596491228072, 5.376344086021505, 17.28395061728395, 23.655913978494624, 36.17021276595745, 2.73972602739726, 30.833333333333336, 0.7936507936507936, 0.0, 7.894736842105263, 10.869565217391305, 2.4390243902439024, 39.823008849557525, 16.0, 7.894736842105263, 22.421524663677133, 64.58333333333334, 5.172413793103448, 40.816326530612244, 56.779661016949156, 3.4682080924855487, 1.5384615384615385, 7.352941176470589, 20.47244094488189, 3.571428571428571, 0.0, 0.0, 5.194805194805195, 12.5, 4.081632653061225, 19.583333333333332, 1.5625, 15.789473684210526, 9.345794392523365, 29.166666666666668, 40.42553191489361, 12.837837837837837, 10.714285714285714, 35.35353535353536, 24.096385542168676, 5.389221556886228, 5.88235294117647, 8.11965811965812, 6.428571428571428, 35.8974358974359, 6.172839506172839, 10.0, 1.639344262295082, 44.89795918367347, 3.3333333333333335, 6.976744186046512, 1.1976047904191618, 4.123711340206185, 10.76923076923077, 28.26086956521739, 94.44444444444444, 28.205128205128204, 11.194029850746269, 9.803921568627452, 5.263157894736842, 2.1739130434782608, 3.8461538461538463, 30.081300813008134, 11.538461538461538, 26.53061224489796, 9.30232558139535, 13.793103448275861, 8.955223880597014, 2.272727272727273, 1.639344262295082, 13.793103448275861, 1.3333333333333335, 5.263157894736842, 2.564102564102564, 5.263157894736842, 27.586206896551722, 11.822660098522167, 19.565217391304348, 25.247524752475247, 8.695652173913043, 8.333333333333332, 11.428571428571429, 11.39240506329114, 20.0, 11.842105263157894, 19.771863117870723, 1.3888888888888888, 12.5, 4.166666666666666, 85.36585365853658, 5.555555555555555, 8.108108108108109, 16.666666666666664, 19.35483870967742, 5.147058823529411, 2.5, 9.375, 3.6363636363636362]
RMSE: 18.64362130554618 [1521, 3364, 4, 1, 841, 25, 144, 49, 36, 25, 36, 25, 36, 0, 4, 841, 49, 529, 1, 196, 121, 1, 64, 36, 4, 9, 1936, 64, 36, 144, 484, 4, 841, 25, 196, 484, 289, 4, 1369, 1, 0, 9, 25, 1, 2025, 400, 36, 2500, 961, 9, 400, 4489, 36, 1, 25, 676, 36, 0, 0, 16, 49, 16, 2209, 1, 9, 100, 784, 361, 361, 36, 1225, 400, 81, 36, 361, 324, 784, 25, 100, 1, 484, 1, 9, 4, 16, 49, 169, 289, 121, 225, 25, 25, 1, 1, 1369, 9, 169, 16, 64, 576, 1, 1, 16, 1, 25, 1, 16, 64, 576, 729, 2601, 36, 49, 16, 81, 36, 81, 2704, 1, 36, 4, 1225, 9, 36, 289, 36, 49, 1, 81, 16]

pred: 10135 [82, 35, 60, 46, 62, 52, 34, 175, 206, 59, 20, 48, 65, 32, 21, 67, 43, 107, 31, 105, 15, 36, 139, 52, 50, 51, 141, 132, 55, 67, 100, 38, 85, 98, 67, 71, 30, 75, 83, 125, 32, 35, 41, 42, 68, 105, 70, 173, 17, 55, 69, 51, 179, 64, 73, 101, 162, 16, 57, 73, 49, 102, 193, 63, 22, 117, 68, 28, 129, 50, 64, 103, 158, 108, 253, 262, 50, 86, 90, 62, 27, 31, 40, 169, 93, 58, 33, 1, 50, 119, 46, 90, 47, 25, 86, 29, 36, 39, 66, 244, 43, 60, 25, 74, 100, 40, 72, 37, 227, 165, 151, 63, 77, 31, 70, 24, 85, 211, 71, 54, 50, 76, 51, 68, 85, 25, 129, 41, 87, 114]
real: 11073 [121, 93, 58, 47, 91, 57, 46, 168, 212, 54, 26, 43, 71, 32, 23, 96, 50, 84, 30, 119, 26, 37, 131, 58, 48, 48, 185, 124, 49, 55, 122, 36, 114, 93, 81, 93, 47, 73, 120, 126, 32, 38, 46, 41, 113, 125, 76, 223, 48, 58, 49, 118, 173, 65, 68, 127, 168, 16, 57, 77, 56, 98, 240, 64, 19, 107, 96, 47, 148, 56, 99, 83, 167, 102, 234, 280, 78, 81, 100, 61, 49, 30, 43, 167, 97, 65, 46, 18, 39, 134, 51, 95, 46, 26, 123, 26, 49, 43, 58, 268, 44, 61, 29, 75, 95, 39, 76, 29, 203, 138, 202, 69, 84, 35, 79, 30, 76, 263, 72, 48, 48, 41, 54, 74, 102, 31, 136, 40, 96, 110]

grid_scale: 0.5
resize_scale: 0.5
confiance: 0.7

random_seed: 1011
data_augmentation: True
samples: 130
