MAE: 8.776923076923078 [1, 26, 37, 14, 2, 6, 1, 13, 3, 1, 15, 1, 4, 4, 0, 3, 7, 1, 10, 1, 2, 5, 4, 19, 8, 3, 27, 1, 13, 51, 12, 8, 3, 4, 7, 5, 7, 2, 4, 3, 5, 22, 6, 7, 6, 3, 9, 5, 2, 15, 5, 21, 9, 4, 5, 5, 8, 1, 1, 3, 7, 2, 16, 12, 8, 4, 6, 10, 21, 1, 2, 7, 4, 1, 3, 5, 4, 16, 1, 15, 50, 1, 26, 9, 23, 6, 2, 25, 17, 6, 6, 1, 2, 7, 1, 6, 6, 21, 11, 25, 5, 11, 2, 12, 7, 5, 6, 15, 30, 21, 8, 36, 6, 5, 17, 3, 9, 8, 4, 0, 4, 13, 1, 8, 13, 1, 4, 8, 1, 2]
MAPE: 11.914474982190116 [2.1739130434782608, 10.833333333333334, 39.784946236559136, 10.294117647058822, 2.73972602739726, 15.789473684210526, 2.1739130434782608, 12.745098039215685, 5.555555555555555, 1.1904761904761905, 11.194029850746269, 3.4482758620689653, 13.333333333333334, 7.4074074074074066, 0.0, 11.538461538461538, 2.6119402985074625, 1.2658227848101267, 5.780346820809249, 1.7241379310344827, 2.083333333333333, 6.172839506172839, 3.1746031746031744, 38.775510204081634, 8.421052631578947, 11.538461538461538, 21.951219512195124, 2.3255813953488373, 7.738095238095238, 25.247524752475247, 10.526315789473683, 8.333333333333332, 3.225806451612903, 6.557377049180328, 2.9914529914529915, 7.8125, 10.294117647058822, 6.666666666666667, 6.896551724137931, 6.382978723404255, 12.5, 17.322834645669293, 7.4074074074074066, 14.285714285714285, 18.75, 4.3478260869565215, 19.565217391304348, 8.620689655172415, 2.4096385542168677, 12.295081967213115, 11.363636363636363, 20.588235294117645, 12.676056338028168, 17.391304347826086, 10.204081632653061, 26.31578947368421, 8.16326530612245, 1.3157894736842104, 1.8181818181818181, 3.0927835051546393, 2.5, 4.0, 10.81081081081081, 12.631578947368421, 6.451612903225806, 12.903225806451612, 8.0, 4.716981132075472, 17.5, 2.083333333333333, 0.9852216748768473, 6.363636363636363, 5.194805194805195, 3.3333333333333335, 7.6923076923076925, 19.230769230769234, 10.256410256410255, 9.580838323353294, 1.7241379310344827, 31.914893617021278, 121.95121951219512, 3.125, 21.487603305785125, 6.870229007633588, 8.745247148288973, 8.108108108108109, 1.4492753623188406, 26.041666666666668, 94.44444444444444, 9.230769230769232, 13.953488372093023, 2.1739130434782608, 2.7777777777777777, 8.333333333333332, 0.9345794392523363, 9.836065573770492, 37.5, 21.21212121212121, 14.102564102564102, 22.123893805309734, 8.928571428571429, 11.0, 6.896551724137931, 7.142857142857142, 4.191616766467066, 13.88888888888889, 23.076923076923077, 31.914893617021278, 25.423728813559322, 23.076923076923077, 12.307692307692308, 16.143497757847534, 7.894736842105263, 4.0, 9.18918918918919, 6.25, 7.563025210084033, 14.035087719298245, 10.81081081081081, 0.0, 9.30232558139535, 13.978494623655912, 2.857142857142857, 16.666666666666664, 27.083333333333332, 2.083333333333333, 7.017543859649122, 19.51219512195122, 1.3157894736842104, 3.9215686274509802]
RMSE: 12.740305514993924 [1, 676, 1369, 196, 4, 36, 1, 169, 9, 1, 225, 1, 16, 16, 0, 9, 49, 1, 100, 1, 4, 25, 16, 361, 64, 9, 729, 1, 169, 2601, 144, 64, 9, 16, 49, 25, 49, 4, 16, 9, 25, 484, 36, 49, 36, 9, 81, 25, 4, 225, 25, 441, 81, 16, 25, 25, 64, 1, 1, 9, 49, 4, 256, 144, 64, 16, 36, 100, 441, 1, 4, 49, 16, 1, 9, 25, 16, 256, 1, 225, 2500, 1, 676, 81, 529, 36, 4, 625, 289, 36, 36, 1, 4, 49, 1, 36, 36, 441, 121, 625, 25, 121, 4, 144, 49, 25, 36, 225, 900, 441, 64, 1296, 36, 25, 289, 9, 81, 64, 16, 0, 16, 169, 1, 64, 169, 1, 16, 64, 1, 4]

pred: 10390 [47, 214, 56, 122, 75, 32, 45, 115, 51, 83, 119, 28, 26, 50, 56, 29, 261, 80, 163, 59, 94, 76, 122, 68, 87, 23, 96, 42, 155, 151, 102, 88, 90, 57, 227, 69, 75, 28, 54, 50, 45, 105, 87, 42, 26, 72, 37, 63, 81, 107, 39, 81, 62, 19, 44, 24, 106, 77, 54, 94, 273, 48, 132, 107, 116, 27, 69, 222, 99, 49, 201, 103, 73, 29, 42, 21, 43, 151, 57, 32, 91, 31, 95, 140, 240, 68, 140, 71, 1, 59, 37, 45, 74, 77, 106, 67, 22, 78, 67, 88, 51, 89, 31, 156, 160, 41, 20, 32, 88, 70, 57, 187, 70, 120, 168, 51, 110, 65, 41, 49, 47, 80, 34, 56, 35, 49, 53, 33, 77, 49]
real: 11073 [46, 240, 93, 136, 73, 38, 46, 102, 54, 84, 134, 29, 30, 54, 56, 26, 268, 79, 173, 58, 96, 81, 126, 49, 95, 26, 123, 43, 168, 202, 114, 96, 93, 61, 234, 64, 68, 30, 58, 47, 40, 127, 81, 49, 32, 69, 46, 58, 83, 122, 44, 102, 71, 23, 49, 19, 98, 76, 55, 97, 280, 50, 148, 95, 124, 31, 75, 212, 120, 48, 203, 110, 77, 30, 39, 26, 39, 167, 58, 47, 41, 32, 121, 131, 263, 74, 138, 96, 18, 65, 43, 46, 72, 84, 107, 61, 16, 99, 78, 113, 56, 100, 29, 168, 167, 36, 26, 47, 118, 91, 65, 223, 76, 125, 185, 48, 119, 57, 37, 49, 43, 93, 35, 48, 48, 48, 57, 41, 76, 51]

grid_scale: 0.4
resize_scale: 0.5
confiance: 0.7

random_seed: 1011
data_augmentation: True
samples: 130
