MAE: 16.276923076923076 [8, 15, 26, 2, 2, 10, 1, 24, 3, 11, 11, 2, 20, 16, 2, 6, 32, 5, 6, 12, 2, 16, 40, 204, 5, 5, 7, 4, 9, 15, 20, 13, 1, 22, 80, 20, 21, 1, 3, 28, 15, 8, 20, 2, 5, 3, 4, 38, 10, 4, 1, 13, 8, 10, 10, 5, 14, 7, 28, 1, 67, 4, 3, 23, 61, 9, 41, 79, 5, 13, 29, 8, 3, 0, 4, 4, 16, 1, 3, 2, 245, 4, 4, 43, 38, 3, 13, 8, 15, 15, 6, 12, 5, 8, 19, 28, 52, 6, 8, 0, 7, 5, 52, 10, 7, 12, 1, 4, 29, 0, 1, 9, 3, 1, 9, 12, 8, 13, 6, 11, 20, 3, 0, 11, 3, 17, 0, 7, 6, 6]
MAPE: 27.57299266288685 [17.391304347826086, 6.25, 27.956989247311824, 1.4705882352941175, 2.73972602739726, 26.31578947368421, 2.1739130434782608, 23.52941176470588, 5.555555555555555, 13.095238095238097, 8.208955223880597, 6.896551724137931, 66.66666666666666, 29.629629629629626, 3.571428571428571, 23.076923076923077, 11.940298507462686, 6.329113924050633, 3.4682080924855487, 20.689655172413794, 2.083333333333333, 19.753086419753085, 31.746031746031743, 416.32653061224494, 5.263157894736842, 19.230769230769234, 5.691056910569105, 9.30232558139535, 5.357142857142857, 7.425742574257425, 17.543859649122805, 13.541666666666666, 1.0752688172043012, 36.0655737704918, 34.18803418803419, 31.25, 30.88235294117647, 3.3333333333333335, 5.172413793103448, 59.57446808510638, 37.5, 6.299212598425196, 24.691358024691358, 4.081632653061225, 15.625, 4.3478260869565215, 8.695652173913043, 65.51724137931035, 12.048192771084338, 3.278688524590164, 2.272727272727273, 12.745098039215685, 11.267605633802818, 43.47826086956522, 20.408163265306122, 26.31578947368421, 14.285714285714285, 9.210526315789473, 50.90909090909091, 1.0309278350515463, 23.92857142857143, 8.0, 2.027027027027027, 24.210526315789473, 49.193548387096776, 29.03225806451613, 54.666666666666664, 37.264150943396224, 4.166666666666666, 27.083333333333332, 14.285714285714285, 7.2727272727272725, 3.896103896103896, 0.0, 10.256410256410255, 15.384615384615385, 41.02564102564102, 0.5988023952095809, 5.172413793103448, 4.25531914893617, 597.560975609756, 12.5, 3.3057851239669422, 32.82442748091603, 14.44866920152091, 4.054054054054054, 9.420289855072465, 8.333333333333332, 83.33333333333334, 23.076923076923077, 13.953488372093023, 26.08695652173913, 6.944444444444445, 9.523809523809524, 17.75700934579439, 45.90163934426229, 325.0, 6.0606060606060606, 10.256410256410255, 0.0, 12.5, 5.0, 179.31034482758622, 5.952380952380952, 4.191616766467066, 33.33333333333333, 3.8461538461538463, 8.51063829787234, 24.576271186440678, 0.0, 1.5384615384615385, 4.0358744394618835, 3.9473684210526314, 0.8, 4.864864864864865, 25.0, 6.722689075630252, 22.807017543859647, 16.216216216216218, 22.448979591836736, 46.51162790697674, 3.225806451612903, 0.0, 22.916666666666664, 6.25, 35.41666666666667, 0.0, 17.073170731707318, 7.894736842105263, 11.76470588235294]
RMSE: 34.26480589580106 [64, 225, 676, 4, 4, 100, 1, 576, 9, 121, 121, 4, 400, 256, 4, 36, 1024, 25, 36, 144, 4, 256, 1600, 41616, 25, 25, 49, 16, 81, 225, 400, 169, 1, 484, 6400, 400, 441, 1, 9, 784, 225, 64, 400, 4, 25, 9, 16, 1444, 100, 16, 1, 169, 64, 100, 100, 25, 196, 49, 784, 1, 4489, 16, 9, 529, 3721, 81, 1681, 6241, 25, 169, 841, 64, 9, 0, 16, 16, 256, 1, 9, 4, 60025, 16, 16, 1849, 1444, 9, 169, 64, 225, 225, 36, 144, 25, 64, 361, 784, 2704, 36, 64, 0, 49, 25, 2704, 100, 49, 144, 1, 16, 841, 0, 1, 81, 9, 1, 81, 144, 64, 169, 36, 121, 400, 9, 0, 121, 9, 289, 0, 49, 36, 36]

pred: 12669 [54, 255, 67, 138, 71, 48, 47, 126, 57, 95, 145, 31, 10, 70, 54, 32, 300, 84, 167, 70, 94, 97, 166, 253, 100, 31, 116, 47, 177, 187, 94, 109, 92, 83, 314, 84, 89, 31, 61, 75, 55, 119, 101, 51, 37, 66, 50, 96, 93, 118, 45, 89, 79, 33, 39, 24, 112, 83, 83, 98, 347, 46, 151, 118, 185, 40, 116, 291, 115, 61, 232, 118, 80, 30, 43, 22, 55, 168, 55, 49, 286, 36, 117, 174, 301, 77, 151, 88, 3, 50, 37, 58, 77, 92, 126, 89, 68, 105, 86, 113, 49, 105, 81, 178, 174, 48, 27, 43, 89, 91, 64, 232, 73, 124, 176, 60, 127, 70, 43, 60, 63, 96, 35, 59, 45, 65, 57, 48, 82, 57]
real: 11073 [46, 240, 93, 136, 73, 38, 46, 102, 54, 84, 134, 29, 30, 54, 56, 26, 268, 79, 173, 58, 96, 81, 126, 49, 95, 26, 123, 43, 168, 202, 114, 96, 93, 61, 234, 64, 68, 30, 58, 47, 40, 127, 81, 49, 32, 69, 46, 58, 83, 122, 44, 102, 71, 23, 49, 19, 98, 76, 55, 97, 280, 50, 148, 95, 124, 31, 75, 212, 120, 48, 203, 110, 77, 30, 39, 26, 39, 167, 58, 47, 41, 32, 121, 131, 263, 74, 138, 96, 18, 65, 43, 46, 72, 84, 107, 61, 16, 99, 78, 113, 56, 100, 29, 168, 167, 36, 26, 47, 118, 91, 65, 223, 76, 125, 185, 48, 119, 57, 37, 49, 43, 93, 35, 48, 48, 48, 57, 41, 76, 51]

grid_scale: 0.2
resize_scale: 0.5
confiance: 0.65

random_seed: 1011
data_augmentation: True
samples: 130
