MAE: 8.846153846153847 [2, 10, 19, 1, 1, 1, 3, 16, 2, 6, 6, 5, 1, 11, 4, 3, 23, 8, 5, 5, 4, 3, 17, 90, 9, 6, 15, 4, 10, 27, 15, 7, 3, 7, 24, 11, 14, 6, 1, 5, 6, 14, 9, 1, 1, 3, 1, 8, 8, 1, 2, 5, 7, 3, 2, 6, 11, 7, 10, 4, 22, 10, 4, 14, 2, 0, 10, 46, 5, 14, 13, 2, 1, 5, 2, 1, 11, 8, 6, 5, 126, 1, 7, 15, 5, 3, 5, 5, 14, 6, 1, 4, 1, 9, 6, 17, 25, 2, 6, 1, 7, 12, 14, 6, 10, 1, 0, 2, 18, 5, 1, 10, 0, 5, 1, 9, 5, 14, 4, 11, 13, 2, 3, 11, 10, 14, 1, 0, 2, 0]
MAPE: 14.737528590446031 [4.3478260869565215, 4.166666666666666, 20.43010752688172, 0.7352941176470588, 1.36986301369863, 2.631578947368421, 6.521739130434782, 15.686274509803921, 3.7037037037037033, 7.142857142857142, 4.477611940298507, 17.24137931034483, 3.3333333333333335, 20.37037037037037, 7.142857142857142, 11.538461538461538, 8.582089552238806, 10.126582278481013, 2.8901734104046244, 8.620689655172415, 4.166666666666666, 3.7037037037037033, 13.492063492063492, 183.67346938775512, 9.473684210526317, 23.076923076923077, 12.195121951219512, 9.30232558139535, 5.952380952380952, 13.366336633663368, 13.157894736842104, 7.291666666666667, 3.225806451612903, 11.475409836065573, 10.256410256410255, 17.1875, 20.588235294117645, 20.0, 1.7241379310344827, 10.638297872340425, 15.0, 11.023622047244094, 11.11111111111111, 2.0408163265306123, 3.125, 4.3478260869565215, 2.1739130434782608, 13.793103448275861, 9.63855421686747, 0.819672131147541, 4.545454545454546, 4.901960784313726, 9.859154929577464, 13.043478260869565, 4.081632653061225, 31.57894736842105, 11.224489795918368, 9.210526315789473, 18.181818181818183, 4.123711340206185, 7.857142857142857, 20.0, 2.7027027027027026, 14.736842105263156, 1.6129032258064515, 0.0, 13.333333333333334, 21.69811320754717, 4.166666666666666, 29.166666666666668, 6.403940886699508, 1.8181818181818181, 1.2987012987012987, 16.666666666666664, 5.128205128205128, 3.8461538461538463, 28.205128205128204, 4.790419161676647, 10.344827586206897, 10.638297872340425, 307.3170731707317, 3.125, 5.785123966942149, 11.450381679389313, 1.9011406844106464, 4.054054054054054, 3.6231884057971016, 5.208333333333334, 77.77777777777779, 9.230769230769232, 2.3255813953488373, 8.695652173913043, 1.3888888888888888, 10.714285714285714, 5.607476635514018, 27.86885245901639, 156.25, 2.0202020202020203, 7.6923076923076925, 0.8849557522123894, 12.5, 12.0, 48.275862068965516, 3.571428571428571, 5.9880239520958085, 2.7777777777777777, 0.0, 4.25531914893617, 15.254237288135593, 5.4945054945054945, 1.5384615384615385, 4.484304932735426, 0.0, 4.0, 0.5405405405405406, 18.75, 4.201680672268908, 24.561403508771928, 10.81081081081081, 22.448979591836736, 30.23255813953488, 2.1505376344086025, 8.571428571428571, 22.916666666666664, 20.833333333333336, 29.166666666666668, 1.7543859649122806, 0.0, 2.631578947368421, 0.0]
RMSE: 16.79560382041407 [4, 100, 361, 1, 1, 1, 9, 256, 4, 36, 36, 25, 1, 121, 16, 9, 529, 64, 25, 25, 16, 9, 289, 8100, 81, 36, 225, 16, 100, 729, 225, 49, 9, 49, 576, 121, 196, 36, 1, 25, 36, 196, 81, 1, 1, 9, 1, 64, 64, 1, 4, 25, 49, 9, 4, 36, 121, 49, 100, 16, 484, 100, 16, 196, 4, 0, 100, 2116, 25, 196, 169, 4, 1, 25, 4, 1, 121, 64, 36, 25, 15876, 1, 49, 225, 25, 9, 25, 25, 196, 36, 1, 16, 1, 81, 36, 289, 625, 4, 36, 1, 49, 144, 196, 36, 100, 1, 0, 4, 324, 25, 1, 100, 0, 25, 1, 81, 25, 196, 16, 121, 169, 4, 9, 121, 100, 196, 1, 0, 4, 0]

pred: 11741 [48, 250, 74, 135, 74, 39, 49, 118, 56, 90, 140, 34, 29, 65, 60, 29, 291, 87, 168, 63, 92, 84, 143, 139, 86, 32, 108, 39, 178, 175, 99, 89, 90, 68, 258, 75, 82, 36, 57, 52, 46, 113, 90, 50, 31, 72, 45, 66, 91, 121, 46, 97, 78, 26, 51, 25, 109, 83, 65, 101, 302, 60, 152, 109, 126, 31, 85, 258, 115, 62, 216, 112, 78, 35, 41, 25, 50, 159, 64, 42, 167, 31, 114, 146, 268, 77, 143, 91, 4, 71, 44, 50, 71, 93, 113, 78, 41, 97, 72, 112, 49, 112, 43, 174, 177, 35, 26, 45, 100, 86, 66, 233, 76, 120, 184, 57, 124, 71, 41, 60, 56, 91, 38, 59, 38, 62, 56, 41, 78, 51]
real: 11073 [46, 240, 93, 136, 73, 38, 46, 102, 54, 84, 134, 29, 30, 54, 56, 26, 268, 79, 173, 58, 96, 81, 126, 49, 95, 26, 123, 43, 168, 202, 114, 96, 93, 61, 234, 64, 68, 30, 58, 47, 40, 127, 81, 49, 32, 69, 46, 58, 83, 122, 44, 102, 71, 23, 49, 19, 98, 76, 55, 97, 280, 50, 148, 95, 124, 31, 75, 212, 120, 48, 203, 110, 77, 30, 39, 26, 39, 167, 58, 47, 41, 32, 121, 131, 263, 74, 138, 96, 18, 65, 43, 46, 72, 84, 107, 61, 16, 99, 78, 113, 56, 100, 29, 168, 167, 36, 26, 47, 118, 91, 65, 223, 76, 125, 185, 48, 119, 57, 37, 49, 43, 93, 35, 48, 48, 48, 57, 41, 76, 51]

grid_scale: 0.3
resize_scale: 0.5
confiance: 0.6

random_seed: 1011
data_augmentation: True
samples: 130
