MAE: 14.069230769230769 [7, 12, 8, 18, 10, 7, 3, 20, 12, 5, 20, 3, 6, 23, 4, 7, 61, 7, 11, 5, 3, 16, 74, 118, 1, 5, 4, 0, 3, 9, 8, 5, 8, 20, 55, 15, 15, 7, 4, 7, 10, 15, 30, 5, 1, 14, 5, 17, 8, 8, 8, 5, 6, 1, 8, 2, 7, 1, 16, 4, 50, 16, 4, 19, 21, 0, 28, 110, 1, 6, 55, 16, 5, 2, 8, 0, 15, 16, 12, 4, 147, 4, 3, 33, 48, 9, 32, 5, 12, 7, 0, 7, 6, 10, 14, 11, 23, 0, 4, 11, 2, 9, 26, 11, 8, 12, 11, 3, 6, 1, 4, 20, 9, 3, 5, 12, 7, 13, 7, 6, 12, 4, 6, 17, 4, 12, 7, 0, 13, 8]
MAPE: 20.552360809045528 [15.217391304347828, 5.0, 8.60215053763441, 13.23529411764706, 13.698630136986301, 18.421052631578945, 6.521739130434782, 19.607843137254903, 22.22222222222222, 5.952380952380952, 14.925373134328357, 10.344827586206897, 20.0, 42.592592592592595, 7.142857142857142, 26.923076923076923, 22.761194029850746, 8.860759493670885, 6.358381502890173, 8.620689655172415, 3.125, 19.753086419753085, 58.730158730158735, 240.81632653061226, 1.0526315789473684, 19.230769230769234, 3.2520325203252036, 0.0, 1.7857142857142856, 4.455445544554455, 7.017543859649122, 5.208333333333334, 8.60215053763441, 32.78688524590164, 23.504273504273502, 23.4375, 22.058823529411764, 23.333333333333332, 6.896551724137931, 14.893617021276595, 25.0, 11.811023622047244, 37.03703703703704, 10.204081632653061, 3.125, 20.28985507246377, 10.869565217391305, 29.310344827586203, 9.63855421686747, 6.557377049180328, 18.181818181818183, 4.901960784313726, 8.450704225352112, 4.3478260869565215, 16.3265306122449, 10.526315789473683, 7.142857142857142, 1.3157894736842104, 29.09090909090909, 4.123711340206185, 17.857142857142858, 32.0, 2.7027027027027026, 20.0, 16.93548387096774, 0.0, 37.333333333333336, 51.886792452830186, 0.8333333333333334, 12.5, 27.093596059113302, 14.545454545454545, 6.493506493506493, 6.666666666666667, 20.51282051282051, 0.0, 38.46153846153847, 9.580838323353294, 20.689655172413794, 8.51063829787234, 358.5365853658537, 12.5, 2.479338842975207, 25.190839694656486, 18.250950570342205, 12.162162162162163, 23.18840579710145, 5.208333333333334, 66.66666666666666, 10.76923076923077, 0.0, 15.217391304347828, 8.333333333333332, 11.904761904761903, 13.084112149532709, 18.0327868852459, 143.75, 0.0, 5.128205128205128, 9.734513274336283, 3.571428571428571, 9.0, 89.65517241379311, 6.547619047619048, 4.790419161676647, 33.33333333333333, 42.30769230769231, 6.382978723404255, 5.084745762711865, 1.098901098901099, 6.153846153846154, 8.968609865470851, 11.842105263157894, 2.4, 2.7027027027027026, 25.0, 5.88235294117647, 22.807017543859647, 18.91891891891892, 12.244897959183673, 27.906976744186046, 4.301075268817205, 17.142857142857142, 35.41666666666667, 8.333333333333332, 25.0, 12.280701754385964, 0.0, 17.105263157894736, 15.686274509803921]
RMSE: 25.388822495190826 [49, 144, 64, 324, 100, 49, 9, 400, 144, 25, 400, 9, 36, 529, 16, 49, 3721, 49, 121, 25, 9, 256, 5476, 13924, 1, 25, 16, 0, 9, 81, 64, 25, 64, 400, 3025, 225, 225, 49, 16, 49, 100, 225, 900, 25, 1, 196, 25, 289, 64, 64, 64, 25, 36, 1, 64, 4, 49, 1, 256, 16, 2500, 256, 16, 361, 441, 0, 784, 12100, 1, 36, 3025, 256, 25, 4, 64, 0, 225, 256, 144, 16, 21609, 16, 9, 1089, 2304, 81, 1024, 25, 144, 49, 0, 49, 36, 100, 196, 121, 529, 0, 16, 121, 4, 81, 676, 121, 64, 144, 121, 9, 36, 1, 16, 400, 81, 9, 25, 144, 49, 169, 49, 36, 144, 16, 36, 289, 16, 144, 49, 0, 169, 64]

pred: 12714 [53, 252, 85, 154, 83, 45, 49, 122, 66, 89, 154, 32, 36, 77, 60, 33, 329, 86, 184, 63, 99, 97, 200, 167, 96, 31, 119, 43, 171, 193, 106, 91, 101, 81, 289, 79, 83, 37, 62, 54, 50, 112, 111, 54, 33, 83, 51, 75, 91, 114, 52, 97, 77, 24, 57, 21, 105, 77, 71, 101, 330, 66, 152, 114, 145, 31, 103, 322, 119, 54, 258, 126, 82, 32, 47, 26, 54, 183, 70, 51, 188, 36, 124, 164, 311, 83, 170, 101, 6, 72, 43, 53, 78, 94, 121, 72, 39, 99, 82, 124, 54, 109, 55, 179, 175, 48, 37, 50, 112, 92, 69, 243, 85, 128, 190, 60, 126, 70, 44, 55, 55, 97, 41, 65, 44, 60, 50, 41, 89, 59]
real: 11073 [46, 240, 93, 136, 73, 38, 46, 102, 54, 84, 134, 29, 30, 54, 56, 26, 268, 79, 173, 58, 96, 81, 126, 49, 95, 26, 123, 43, 168, 202, 114, 96, 93, 61, 234, 64, 68, 30, 58, 47, 40, 127, 81, 49, 32, 69, 46, 58, 83, 122, 44, 102, 71, 23, 49, 19, 98, 76, 55, 97, 280, 50, 148, 95, 124, 31, 75, 212, 120, 48, 203, 110, 77, 30, 39, 26, 39, 167, 58, 47, 41, 32, 121, 131, 263, 74, 138, 96, 18, 65, 43, 46, 72, 84, 107, 61, 16, 99, 78, 113, 56, 100, 29, 168, 167, 36, 26, 47, 118, 91, 65, 223, 76, 125, 185, 48, 119, 57, 37, 49, 43, 93, 35, 48, 48, 48, 57, 41, 76, 51]

grid_scale: 0.3
resize_scale: 0.5
confiance: 0.45

random_seed: 1011
data_augmentation: True
samples: 130
