MAE: 20.146153846153847 [1, 2, 40, 43, 13, 2, 13, 75, 5, 66, 31, 2, 1, 25, 2, 6, 84, 16, 46, 27, 40, 6, 22, 36, 10, 0, 8, 2, 52, 36, 7, 17, 38, 10, 74, 8, 10, 4, 1, 1, 13, 3, 15, 2, 5, 0, 11, 16, 68, 5, 4, 4, 7, 2, 14, 4, 48, 13, 13, 28, 31, 4, 30, 50, 19, 5, 4, 36, 2, 12, 102, 18, 13, 3, 3, 6, 28, 57, 1, 1, 68, 1, 6, 78, 57, 5, 86, 14, 18, 9, 3, 5, 9, 2, 77, 7, 3, 12, 13, 5, 10, 21, 8, 71, 63, 15, 7, 7, 52, 12, 16, 23, 6, 16, 50, 24, 35, 5, 0, 16, 3, 1, 1, 26, 25, 6, 2, 6, 21, 11]
MAPE: 23.186404231542294 [2.1739130434782608, 0.8333333333333334, 43.01075268817204, 31.61764705882353, 17.80821917808219, 5.263157894736842, 28.26086956521739, 73.52941176470588, 9.25925925925926, 78.57142857142857, 23.134328358208954, 6.896551724137931, 3.3333333333333335, 46.2962962962963, 3.571428571428571, 23.076923076923077, 31.343283582089555, 20.253164556962027, 26.589595375722542, 46.55172413793103, 41.66666666666667, 7.4074074074074066, 17.46031746031746, 73.46938775510205, 10.526315789473683, 0.0, 6.504065040650407, 4.651162790697675, 30.952380952380953, 17.82178217821782, 6.140350877192982, 17.708333333333336, 40.86021505376344, 16.39344262295082, 31.62393162393162, 12.5, 14.705882352941178, 13.333333333333334, 1.7241379310344827, 2.127659574468085, 32.5, 2.3622047244094486, 18.51851851851852, 4.081632653061225, 15.625, 0.0, 23.91304347826087, 27.586206896551722, 81.92771084337349, 4.098360655737705, 9.090909090909092, 3.9215686274509802, 9.859154929577464, 8.695652173913043, 28.57142857142857, 21.052631578947366, 48.97959183673469, 17.105263157894736, 23.636363636363637, 28.865979381443296, 11.071428571428571, 8.0, 20.27027027027027, 52.63157894736842, 15.32258064516129, 16.129032258064516, 5.333333333333334, 16.9811320754717, 1.6666666666666667, 25.0, 50.24630541871922, 16.363636363636363, 16.883116883116884, 10.0, 7.6923076923076925, 23.076923076923077, 71.7948717948718, 34.13173652694611, 1.7241379310344827, 2.127659574468085, 165.85365853658536, 3.125, 4.958677685950414, 59.541984732824424, 21.673003802281368, 6.756756756756757, 62.31884057971014, 14.583333333333334, 100.0, 13.846153846153847, 6.976744186046512, 10.869565217391305, 12.5, 2.380952380952381, 71.96261682242991, 11.475409836065573, 18.75, 12.121212121212121, 16.666666666666664, 4.424778761061947, 17.857142857142858, 21.0, 27.586206896551722, 42.26190476190476, 37.72455089820359, 41.66666666666667, 26.923076923076923, 14.893617021276595, 44.06779661016949, 13.186813186813188, 24.615384615384617, 10.31390134529148, 7.894736842105263, 12.8, 27.027027027027028, 50.0, 29.411764705882355, 8.771929824561402, 0.0, 32.6530612244898, 6.976744186046512, 1.0752688172043012, 2.857142857142857, 54.166666666666664, 52.083333333333336, 12.5, 3.508771929824561, 14.634146341463413, 27.631578947368425, 21.568627450980394]
RMSE: 30.376990279840733 [1, 4, 1600, 1849, 169, 4, 169, 5625, 25, 4356, 961, 4, 1, 625, 4, 36, 7056, 256, 2116, 729, 1600, 36, 484, 1296, 100, 0, 64, 4, 2704, 1296, 49, 289, 1444, 100, 5476, 64, 100, 16, 1, 1, 169, 9, 225, 4, 25, 0, 121, 256, 4624, 25, 16, 16, 49, 4, 196, 16, 2304, 169, 169, 784, 961, 16, 900, 2500, 361, 25, 16, 1296, 4, 144, 10404, 324, 169, 9, 9, 36, 784, 3249, 1, 1, 4624, 1, 36, 6084, 3249, 25, 7396, 196, 324, 81, 9, 25, 81, 4, 5929, 49, 9, 144, 169, 25, 100, 441, 64, 5041, 3969, 225, 49, 49, 2704, 144, 256, 529, 36, 256, 2500, 576, 1225, 25, 0, 256, 9, 1, 1, 676, 625, 36, 4, 36, 441, 121]

pred: 13158 [45, 242, 53, 179, 86, 36, 59, 177, 59, 150, 165, 31, 31, 79, 58, 32, 352, 95, 219, 85, 136, 87, 148, 85, 105, 26, 131, 41, 220, 238, 107, 113, 131, 71, 308, 72, 78, 34, 59, 46, 53, 124, 96, 51, 27, 69, 35, 74, 151, 127, 48, 98, 78, 21, 35, 23, 146, 89, 68, 125, 311, 54, 178, 145, 143, 36, 79, 248, 122, 60, 305, 128, 90, 33, 36, 20, 67, 224, 59, 46, 109, 33, 115, 209, 320, 69, 224, 82, 0, 74, 46, 51, 81, 86, 184, 68, 19, 111, 65, 108, 66, 121, 37, 239, 230, 51, 19, 40, 66, 79, 81, 246, 82, 141, 235, 72, 154, 62, 37, 65, 46, 92, 36, 74, 23, 54, 59, 47, 97, 62]
real: 11073 [46, 240, 93, 136, 73, 38, 46, 102, 54, 84, 134, 29, 30, 54, 56, 26, 268, 79, 173, 58, 96, 81, 126, 49, 95, 26, 123, 43, 168, 202, 114, 96, 93, 61, 234, 64, 68, 30, 58, 47, 40, 127, 81, 49, 32, 69, 46, 58, 83, 122, 44, 102, 71, 23, 49, 19, 98, 76, 55, 97, 280, 50, 148, 95, 124, 31, 75, 212, 120, 48, 203, 110, 77, 30, 39, 26, 39, 167, 58, 47, 41, 32, 121, 131, 263, 74, 138, 96, 18, 65, 43, 46, 72, 84, 107, 61, 16, 99, 78, 113, 56, 100, 29, 168, 167, 36, 26, 47, 118, 91, 65, 223, 76, 125, 185, 48, 119, 57, 37, 49, 43, 93, 35, 48, 48, 48, 57, 41, 76, 51]

grid_scale: 0.5
resize_scale: 0.5
confiance: 0.45

random_seed: 1011
data_augmentation: True
samples: 130
