MAE: 22.361538461538462 [8, 44, 13, 8, 11, 3, 3, 43, 13, 28, 26, 4, 1, 31, 5, 10, 123, 12, 58, 7, 26, 23, 53, 88, 19, 5, 12, 2, 42, 32, 3, 29, 34, 18, 74, 11, 7, 4, 5, 10, 11, 0, 31, 3, 3, 6, 3, 16, 42, 26, 12, 3, 3, 6, 9, 2, 35, 19, 20, 23, 114, 5, 46, 33, 9, 12, 4, 100, 8, 15, 142, 37, 5, 3, 3, 1, 12, 66, 6, 3, 86, 4, 11, 83, 112, 13, 101, 9, 13, 9, 2, 4, 3, 19, 51, 17, 20, 13, 3, 13, 7, 36, 26, 19, 48, 11, 8, 10, 0, 1, 5, 52, 5, 12, 86, 13, 31, 16, 2, 18, 13, 4, 3, 17, 4, 6, 2, 2, 15, 4]
MAPE: 25.308756278107612 [17.391304347826086, 18.333333333333332, 13.978494623655912, 5.88235294117647, 15.068493150684931, 7.894736842105263, 6.521739130434782, 42.15686274509804, 24.074074074074073, 33.33333333333333, 19.402985074626866, 13.793103448275861, 3.3333333333333335, 57.407407407407405, 8.928571428571429, 38.46153846153847, 45.8955223880597, 15.18987341772152, 33.52601156069364, 12.068965517241379, 27.083333333333332, 28.39506172839506, 42.06349206349206, 179.59183673469389, 20.0, 19.230769230769234, 9.75609756097561, 4.651162790697675, 25.0, 15.841584158415841, 2.631578947368421, 30.208333333333332, 36.55913978494624, 29.508196721311474, 31.62393162393162, 17.1875, 10.294117647058822, 13.333333333333334, 8.620689655172415, 21.27659574468085, 27.500000000000004, 0.0, 38.2716049382716, 6.122448979591836, 9.375, 8.695652173913043, 6.521739130434782, 27.586206896551722, 50.602409638554214, 21.311475409836063, 27.27272727272727, 2.941176470588235, 4.225352112676056, 26.08695652173913, 18.367346938775512, 10.526315789473683, 35.714285714285715, 25.0, 36.36363636363637, 23.711340206185564, 40.714285714285715, 10.0, 31.08108108108108, 34.73684210526316, 7.258064516129033, 38.70967741935484, 5.333333333333334, 47.16981132075472, 6.666666666666667, 31.25, 69.95073891625616, 33.63636363636363, 6.493506493506493, 10.0, 7.6923076923076925, 3.8461538461538463, 30.76923076923077, 39.52095808383233, 10.344827586206897, 6.382978723404255, 209.7560975609756, 12.5, 9.090909090909092, 63.358778625954194, 42.585551330798474, 17.56756756756757, 73.18840579710145, 9.375, 72.22222222222221, 13.846153846153847, 4.651162790697675, 8.695652173913043, 4.166666666666666, 22.61904761904762, 47.66355140186916, 27.86885245901639, 125.0, 13.131313131313133, 3.8461538461538463, 11.504424778761061, 12.5, 36.0, 89.65517241379311, 11.30952380952381, 28.74251497005988, 30.555555555555557, 30.76923076923077, 21.27659574468085, 0.0, 1.098901098901099, 7.6923076923076925, 23.318385650224215, 6.578947368421052, 9.6, 46.48648648648649, 27.083333333333332, 26.05042016806723, 28.07017543859649, 5.405405405405405, 36.734693877551024, 30.23255813953488, 4.301075268817205, 8.571428571428571, 35.41666666666667, 8.333333333333332, 12.5, 3.508771929824561, 4.878048780487805, 19.736842105263158, 7.8431372549019605]
RMSE: 35.92845454725052 [64, 1936, 169, 64, 121, 9, 9, 1849, 169, 784, 676, 16, 1, 961, 25, 100, 15129, 144, 3364, 49, 676, 529, 2809, 7744, 361, 25, 144, 4, 1764, 1024, 9, 841, 1156, 324, 5476, 121, 49, 16, 25, 100, 121, 0, 961, 9, 9, 36, 9, 256, 1764, 676, 144, 9, 9, 36, 81, 4, 1225, 361, 400, 529, 12996, 25, 2116, 1089, 81, 144, 16, 10000, 64, 225, 20164, 1369, 25, 9, 9, 1, 144, 4356, 36, 9, 7396, 16, 121, 6889, 12544, 169, 10201, 81, 169, 81, 4, 16, 9, 361, 2601, 289, 400, 169, 9, 169, 49, 1296, 676, 361, 2304, 121, 64, 100, 0, 1, 25, 2704, 25, 144, 7396, 169, 961, 256, 4, 324, 169, 16, 9, 289, 16, 36, 4, 4, 225, 16]

pred: 13852 [54, 284, 80, 144, 84, 41, 49, 145, 67, 112, 160, 33, 29, 85, 61, 36, 391, 91, 231, 65, 122, 104, 179, 137, 114, 31, 135, 41, 210, 234, 111, 125, 127, 79, 308, 75, 75, 34, 63, 57, 51, 127, 112, 52, 35, 75, 49, 74, 125, 148, 56, 99, 74, 29, 58, 21, 133, 95, 75, 120, 394, 55, 194, 128, 133, 43, 79, 312, 128, 63, 345, 147, 82, 33, 36, 25, 51, 233, 64, 44, 127, 36, 132, 214, 375, 87, 239, 105, 5, 74, 41, 50, 75, 103, 158, 78, 36, 112, 81, 126, 63, 136, 55, 187, 215, 47, 34, 37, 118, 92, 70, 275, 81, 137, 271, 61, 150, 73, 39, 67, 56, 89, 38, 65, 44, 54, 55, 43, 91, 55]
real: 11073 [46, 240, 93, 136, 73, 38, 46, 102, 54, 84, 134, 29, 30, 54, 56, 26, 268, 79, 173, 58, 96, 81, 126, 49, 95, 26, 123, 43, 168, 202, 114, 96, 93, 61, 234, 64, 68, 30, 58, 47, 40, 127, 81, 49, 32, 69, 46, 58, 83, 122, 44, 102, 71, 23, 49, 19, 98, 76, 55, 97, 280, 50, 148, 95, 124, 31, 75, 212, 120, 48, 203, 110, 77, 30, 39, 26, 39, 167, 58, 47, 41, 32, 121, 131, 263, 74, 138, 96, 18, 65, 43, 46, 72, 84, 107, 61, 16, 99, 78, 113, 56, 100, 29, 168, 167, 36, 26, 47, 118, 91, 65, 223, 76, 125, 185, 48, 119, 57, 37, 49, 43, 93, 35, 48, 48, 48, 57, 41, 76, 51]

grid_scale: 0.4
resize_scale: 0.5
confiance: 0.3

random_seed: 1011
data_augmentation: True
samples: 130
