MAE: 19.446153846153845 [8, 39, 7, 16, 12, 18, 8, 30, 5, 8, 32, 3, 4, 20, 5, 3, 108, 14, 41, 2, 15, 12, 79, 125, 12, 10, 5, 1, 14, 10, 0, 5, 8, 30, 80, 27, 22, 14, 11, 19, 14, 3, 40, 8, 13, 19, 2, 19, 9, 4, 10, 3, 9, 4, 7, 4, 15, 4, 34, 14, 66, 17, 8, 33, 38, 5, 22, 128, 3, 17, 64, 12, 2, 3, 10, 7, 17, 29, 5, 4, 197, 1, 5, 77, 67, 10, 43, 7, 15, 11, 4, 12, 9, 18, 15, 25, 15, 3, 7, 9, 3, 12, 25, 15, 24, 5, 7, 3, 11, 6, 8, 40, 7, 11, 15, 19, 17, 17, 14, 13, 21, 6, 2, 17, 4, 17, 1, 8, 18, 5]
MAPE: 26.839076746503018 [17.391304347826086, 16.25, 7.526881720430108, 11.76470588235294, 16.43835616438356, 47.368421052631575, 17.391304347826086, 29.411764705882355, 9.25925925925926, 9.523809523809524, 23.88059701492537, 10.344827586206897, 13.333333333333334, 37.03703703703704, 8.928571428571429, 11.538461538461538, 40.298507462686565, 17.72151898734177, 23.699421965317917, 3.4482758620689653, 15.625, 14.814814814814813, 62.698412698412696, 255.10204081632654, 12.631578947368421, 38.46153846153847, 4.0650406504065035, 2.3255813953488373, 8.333333333333332, 4.9504950495049505, 0.0, 5.208333333333334, 8.60215053763441, 49.18032786885246, 34.18803418803419, 42.1875, 32.35294117647059, 46.666666666666664, 18.96551724137931, 40.42553191489361, 35.0, 2.3622047244094486, 49.382716049382715, 16.3265306122449, 40.625, 27.536231884057973, 4.3478260869565215, 32.758620689655174, 10.843373493975903, 3.278688524590164, 22.727272727272727, 2.941176470588235, 12.676056338028168, 17.391304347826086, 14.285714285714285, 21.052631578947366, 15.306122448979592, 5.263157894736842, 61.81818181818181, 14.432989690721648, 23.57142857142857, 34.0, 5.405405405405405, 34.73684210526316, 30.64516129032258, 16.129032258064516, 29.333333333333332, 60.37735849056604, 2.5, 35.41666666666667, 31.527093596059114, 10.909090909090908, 2.5974025974025974, 10.0, 25.64102564102564, 26.923076923076923, 43.58974358974359, 17.365269461077844, 8.620689655172415, 8.51063829787234, 480.4878048780488, 3.125, 4.132231404958678, 58.778625954198475, 25.475285171102662, 13.513513513513514, 31.15942028985507, 7.291666666666667, 83.33333333333334, 16.923076923076923, 9.30232558139535, 26.08695652173913, 12.5, 21.428571428571427, 14.018691588785046, 40.98360655737705, 93.75, 3.0303030303030303, 8.974358974358974, 7.964601769911504, 5.357142857142857, 12.0, 86.20689655172413, 8.928571428571429, 14.37125748502994, 13.88888888888889, 26.923076923076923, 6.382978723404255, 9.322033898305085, 6.593406593406594, 12.307692307692308, 17.937219730941703, 9.210526315789473, 8.799999999999999, 8.108108108108109, 39.58333333333333, 14.285714285714285, 29.82456140350877, 37.83783783783784, 26.53061224489796, 48.837209302325576, 6.451612903225806, 5.714285714285714, 35.41666666666667, 8.333333333333332, 35.41666666666667, 1.7543859649122806, 19.51219512195122, 23.684210526315788, 9.803921568627452]
RMSE: 33.43167544525585 [64, 1521, 49, 256, 144, 324, 64, 900, 25, 64, 1024, 9, 16, 400, 25, 9, 11664, 196, 1681, 4, 225, 144, 6241, 15625, 144, 100, 25, 1, 196, 100, 0, 25, 64, 900, 6400, 729, 484, 196, 121, 361, 196, 9, 1600, 64, 169, 361, 4, 361, 81, 16, 100, 9, 81, 16, 49, 16, 225, 16, 1156, 196, 4356, 289, 64, 1089, 1444, 25, 484, 16384, 9, 289, 4096, 144, 4, 9, 100, 49, 289, 841, 25, 16, 38809, 1, 25, 5929, 4489, 100, 1849, 49, 225, 121, 16, 144, 81, 324, 225, 625, 225, 9, 49, 81, 9, 144, 625, 225, 576, 25, 49, 9, 121, 36, 64, 1600, 49, 121, 225, 361, 289, 289, 196, 169, 441, 36, 4, 289, 16, 289, 1, 64, 324, 25]

pred: 13493 [54, 279, 86, 152, 85, 56, 54, 132, 59, 92, 166, 32, 34, 74, 61, 29, 376, 93, 214, 60, 111, 93, 205, 174, 107, 36, 128, 44, 182, 192, 114, 101, 101, 91, 314, 91, 90, 44, 69, 66, 54, 130, 121, 57, 45, 88, 48, 77, 92, 126, 54, 105, 80, 27, 56, 23, 113, 80, 89, 111, 346, 67, 156, 128, 162, 36, 97, 340, 123, 65, 267, 122, 79, 33, 49, 33, 56, 196, 63, 51, 238, 33, 126, 208, 330, 84, 181, 103, 3, 76, 47, 58, 81, 102, 122, 86, 31, 102, 85, 122, 53, 112, 54, 183, 191, 41, 33, 44, 107, 97, 73, 263, 83, 136, 200, 67, 136, 74, 51, 62, 64, 99, 37, 65, 44, 65, 56, 49, 94, 56]
real: 11073 [46, 240, 93, 136, 73, 38, 46, 102, 54, 84, 134, 29, 30, 54, 56, 26, 268, 79, 173, 58, 96, 81, 126, 49, 95, 26, 123, 43, 168, 202, 114, 96, 93, 61, 234, 64, 68, 30, 58, 47, 40, 127, 81, 49, 32, 69, 46, 58, 83, 122, 44, 102, 71, 23, 49, 19, 98, 76, 55, 97, 280, 50, 148, 95, 124, 31, 75, 212, 120, 48, 203, 110, 77, 30, 39, 26, 39, 167, 58, 47, 41, 32, 121, 131, 263, 74, 138, 96, 18, 65, 43, 46, 72, 84, 107, 61, 16, 99, 78, 113, 56, 100, 29, 168, 167, 36, 26, 47, 118, 91, 65, 223, 76, 125, 185, 48, 119, 57, 37, 49, 43, 93, 35, 48, 48, 48, 57, 41, 76, 51]

grid_scale: 0.3
resize_scale: 0.5
confiance: 0.3

random_seed: 1011
data_augmentation: True
samples: 130
