MAE: 29.23846153846154 [13, 71, 5, 33, 40, 21, 9, 36, 6, 12, 33, 12, 8, 25, 14, 12, 91, 14, 34, 31, 6, 19, 77, 303, 6, 25, 12, 4, 17, 9, 0, 13, 13, 33, 130, 14, 35, 4, 17, 36, 37, 1, 38, 15, 18, 13, 5, 55, 24, 13, 21, 1, 32, 13, 8, 9, 24, 6, 36, 16, 95, 23, 14, 26, 130, 11, 72, 126, 7, 32, 46, 37, 3, 6, 12, 5, 27, 26, 11, 8, 331, 11, 11, 62, 63, 20, 32, 10, 12, 9, 2, 13, 24, 26, 23, 53, 98, 15, 12, 19, 7, 31, 91, 22, 22, 23, 5, 2, 6, 14, 8, 48, 22, 3, 14, 14, 20, 23, 11, 16, 31, 11, 5, 17, 1, 38, 4, 17, 20, 14]
MAPE: 47.70662392352179 [28.26086956521739, 29.583333333333332, 5.376344086021505, 24.264705882352942, 54.794520547945204, 55.26315789473685, 19.565217391304348, 35.294117647058826, 11.11111111111111, 14.285714285714285, 24.62686567164179, 41.37931034482759, 26.666666666666668, 46.2962962962963, 25.0, 46.15384615384615, 33.95522388059701, 17.72151898734177, 19.653179190751445, 53.44827586206896, 6.25, 23.456790123456788, 61.111111111111114, 618.3673469387755, 6.315789473684211, 96.15384615384616, 9.75609756097561, 9.30232558139535, 10.119047619047619, 4.455445544554455, 0.0, 13.541666666666666, 13.978494623655912, 54.09836065573771, 55.55555555555556, 21.875, 51.470588235294116, 13.333333333333334, 29.310344827586203, 76.59574468085107, 92.5, 0.7874015748031495, 46.913580246913575, 30.612244897959183, 56.25, 18.84057971014493, 10.869565217391305, 94.82758620689656, 28.915662650602407, 10.655737704918032, 47.72727272727273, 0.9803921568627451, 45.07042253521127, 56.52173913043478, 16.3265306122449, 47.368421052631575, 24.489795918367346, 7.894736842105263, 65.45454545454545, 16.49484536082474, 33.92857142857143, 46.0, 9.45945945945946, 27.368421052631582, 104.83870967741935, 35.483870967741936, 96.0, 59.43396226415094, 5.833333333333333, 66.66666666666666, 22.660098522167488, 33.63636363636363, 3.896103896103896, 20.0, 30.76923076923077, 19.230769230769234, 69.23076923076923, 15.568862275449103, 18.96551724137931, 17.02127659574468, 807.3170731707316, 34.375, 9.090909090909092, 47.32824427480916, 23.954372623574145, 27.027027027027028, 23.18840579710145, 10.416666666666668, 66.66666666666666, 13.846153846153847, 4.651162790697675, 28.26086956521739, 33.33333333333333, 30.952380952380953, 21.49532710280374, 86.88524590163934, 612.5, 15.151515151515152, 15.384615384615385, 16.8141592920354, 12.5, 31.0, 313.7931034482759, 13.095238095238097, 13.17365269461078, 63.888888888888886, 19.230769230769234, 4.25531914893617, 5.084745762711865, 15.384615384615385, 12.307692307692308, 21.524663677130047, 28.947368421052634, 2.4, 7.567567567567568, 29.166666666666668, 16.80672268907563, 40.35087719298245, 29.72972972972973, 32.6530612244898, 72.09302325581395, 11.827956989247312, 14.285714285714285, 35.41666666666667, 2.083333333333333, 79.16666666666666, 7.017543859649122, 41.46341463414634, 26.31578947368421, 27.450980392156865]
RMSE: 52.87176067545961 [169, 5041, 25, 1089, 1600, 441, 81, 1296, 36, 144, 1089, 144, 64, 625, 196, 144, 8281, 196, 1156, 961, 36, 361, 5929, 91809, 36, 625, 144, 16, 289, 81, 0, 169, 169, 1089, 16900, 196, 1225, 16, 289, 1296, 1369, 1, 1444, 225, 324, 169, 25, 3025, 576, 169, 441, 1, 1024, 169, 64, 81, 576, 36, 1296, 256, 9025, 529, 196, 676, 16900, 121, 5184, 15876, 49, 1024, 2116, 1369, 9, 36, 144, 25, 729, 676, 121, 64, 109561, 121, 121, 3844, 3969, 400, 1024, 100, 144, 81, 4, 169, 576, 676, 529, 2809, 9604, 225, 144, 361, 49, 961, 8281, 484, 484, 529, 25, 4, 36, 196, 64, 2304, 484, 9, 196, 196, 400, 529, 121, 256, 961, 121, 25, 289, 1, 1444, 16, 289, 400, 196]

pred: 14810 [59, 311, 88, 169, 113, 59, 55, 138, 60, 96, 167, 41, 22, 79, 70, 38, 359, 93, 207, 89, 102, 100, 203, 352, 101, 51, 135, 47, 185, 211, 114, 109, 106, 94, 364, 78, 103, 34, 75, 83, 77, 128, 119, 64, 50, 82, 51, 113, 107, 135, 65, 103, 103, 36, 57, 28, 122, 82, 91, 113, 375, 73, 162, 121, 254, 42, 147, 338, 127, 80, 249, 147, 80, 36, 51, 31, 66, 193, 69, 55, 372, 43, 132, 193, 326, 94, 170, 106, 6, 74, 45, 59, 96, 110, 130, 114, 114, 114, 90, 132, 63, 131, 120, 190, 189, 59, 31, 49, 112, 105, 73, 271, 98, 128, 199, 62, 139, 80, 48, 65, 74, 104, 40, 65, 47, 86, 61, 58, 96, 65]
real: 11073 [46, 240, 93, 136, 73, 38, 46, 102, 54, 84, 134, 29, 30, 54, 56, 26, 268, 79, 173, 58, 96, 81, 126, 49, 95, 26, 123, 43, 168, 202, 114, 96, 93, 61, 234, 64, 68, 30, 58, 47, 40, 127, 81, 49, 32, 69, 46, 58, 83, 122, 44, 102, 71, 23, 49, 19, 98, 76, 55, 97, 280, 50, 148, 95, 124, 31, 75, 212, 120, 48, 203, 110, 77, 30, 39, 26, 39, 167, 58, 47, 41, 32, 121, 131, 263, 74, 138, 96, 18, 65, 43, 46, 72, 84, 107, 61, 16, 99, 78, 113, 56, 100, 29, 168, 167, 36, 26, 47, 118, 91, 65, 223, 76, 125, 185, 48, 119, 57, 37, 49, 43, 93, 35, 48, 48, 48, 57, 41, 76, 51]

grid_scale: 0.2
resize_scale: 0.5
confiance: 0.35

random_seed: 1011
data_augmentation: True
samples: 130
