MAE: 8.1 [3, 25, 26, 11, 0, 4, 1, 5, 2, 4, 10, 1, 2, 3, 0, 2, 8, 3, 8, 0, 5, 1, 8, 37, 3, 4, 31, 5, 17, 33, 9, 22, 5, 0, 3, 0, 10, 2, 1, 0, 4, 18, 13, 6, 0, 4, 7, 8, 3, 18, 6, 19, 8, 2, 5, 0, 4, 1, 5, 12, 7, 1, 5, 11, 10, 1, 3, 26, 20, 3, 41, 5, 2, 0, 4, 2, 3, 9, 5, 6, 62, 1, 7, 8, 2, 9, 11, 18, 17, 11, 3, 1, 2, 4, 7, 1, 4, 13, 10, 21, 3, 3, 7, 16, 8, 1, 10, 11, 25, 11, 10, 17, 2, 13, 11, 3, 9, 4, 2, 1, 3, 20, 4, 2, 8, 7, 1, 5, 0, 3]
MAPE: 10.910810960973487 [6.521739130434782, 10.416666666666668, 27.956989247311824, 8.088235294117647, 0.0, 10.526315789473683, 2.1739130434782608, 4.901960784313726, 3.7037037037037033, 4.761904761904762, 7.462686567164178, 3.4482758620689653, 6.666666666666667, 5.555555555555555, 0.0, 7.6923076923076925, 2.9850746268656714, 3.79746835443038, 4.624277456647398, 0.0, 5.208333333333334, 1.2345679012345678, 6.349206349206349, 75.51020408163265, 3.1578947368421053, 15.384615384615385, 25.203252032520325, 11.627906976744185, 10.119047619047619, 16.33663366336634, 7.894736842105263, 22.916666666666664, 5.376344086021505, 0.0, 1.282051282051282, 0.0, 14.705882352941178, 6.666666666666667, 1.7241379310344827, 0.0, 10.0, 14.173228346456693, 16.049382716049383, 12.244897959183673, 0.0, 5.797101449275362, 15.217391304347828, 13.793103448275861, 3.614457831325301, 14.754098360655737, 13.636363636363635, 18.627450980392158, 11.267605633802818, 8.695652173913043, 10.204081632653061, 0.0, 4.081632653061225, 1.3157894736842104, 9.090909090909092, 12.371134020618557, 2.5, 2.0, 3.3783783783783785, 11.578947368421053, 8.064516129032258, 3.225806451612903, 4.0, 12.264150943396226, 16.666666666666664, 6.25, 20.19704433497537, 4.545454545454546, 2.5974025974025974, 0.0, 10.256410256410255, 7.6923076923076925, 7.6923076923076925, 5.389221556886228, 8.620689655172415, 12.76595744680851, 151.21951219512195, 3.125, 5.785123966942149, 6.106870229007633, 0.7604562737642585, 12.162162162162163, 7.971014492753622, 18.75, 94.44444444444444, 16.923076923076923, 6.976744186046512, 2.1739130434782608, 2.7777777777777777, 4.761904761904762, 6.5420560747663545, 1.639344262295082, 25.0, 13.131313131313133, 12.82051282051282, 18.58407079646018, 5.357142857142857, 3.0, 24.137931034482758, 9.523809523809524, 4.790419161676647, 2.7777777777777777, 38.46153846153847, 23.404255319148938, 21.1864406779661, 12.087912087912088, 15.384615384615385, 7.623318385650224, 2.631578947368421, 10.4, 5.9459459459459465, 6.25, 7.563025210084033, 7.017543859649122, 5.405405405405405, 2.0408163265306123, 6.976744186046512, 21.50537634408602, 11.428571428571429, 4.166666666666666, 16.666666666666664, 14.583333333333334, 1.7543859649122806, 12.195121951219512, 0.0, 5.88235294117647]
RMSE: 12.305408441944417 [9, 625, 676, 121, 0, 16, 1, 25, 4, 16, 100, 1, 4, 9, 0, 4, 64, 9, 64, 0, 25, 1, 64, 1369, 9, 16, 961, 25, 289, 1089, 81, 484, 25, 0, 9, 0, 100, 4, 1, 0, 16, 324, 169, 36, 0, 16, 49, 64, 9, 324, 36, 361, 64, 4, 25, 0, 16, 1, 25, 144, 49, 1, 25, 121, 100, 1, 9, 676, 400, 9, 1681, 25, 4, 0, 16, 4, 9, 81, 25, 36, 3844, 1, 49, 64, 4, 81, 121, 324, 289, 121, 9, 1, 4, 16, 49, 1, 16, 169, 100, 441, 9, 9, 49, 256, 64, 1, 100, 121, 625, 121, 100, 289, 4, 169, 121, 9, 81, 16, 4, 1, 9, 400, 16, 4, 64, 49, 1, 25, 0, 9]

pred: 10740 [43, 215, 67, 125, 73, 34, 45, 107, 52, 88, 124, 30, 32, 57, 56, 28, 276, 82, 165, 58, 91, 80, 118, 86, 92, 22, 92, 38, 151, 169, 105, 74, 88, 61, 237, 64, 78, 28, 59, 47, 44, 109, 94, 43, 32, 73, 39, 66, 86, 104, 38, 83, 63, 21, 44, 19, 102, 77, 60, 109, 287, 49, 143, 106, 114, 30, 78, 238, 100, 45, 244, 105, 79, 30, 35, 24, 42, 158, 53, 41, 103, 33, 114, 139, 265, 65, 149, 78, 1, 54, 40, 47, 70, 80, 114, 62, 20, 86, 68, 92, 53, 103, 36, 152, 159, 35, 16, 36, 93, 80, 55, 206, 78, 112, 174, 51, 110, 61, 39, 50, 46, 73, 31, 50, 40, 55, 56, 36, 76, 54]
real: 11073 [46, 240, 93, 136, 73, 38, 46, 102, 54, 84, 134, 29, 30, 54, 56, 26, 268, 79, 173, 58, 96, 81, 126, 49, 95, 26, 123, 43, 168, 202, 114, 96, 93, 61, 234, 64, 68, 30, 58, 47, 40, 127, 81, 49, 32, 69, 46, 58, 83, 122, 44, 102, 71, 23, 49, 19, 98, 76, 55, 97, 280, 50, 148, 95, 124, 31, 75, 212, 120, 48, 203, 110, 77, 30, 39, 26, 39, 167, 58, 47, 41, 32, 121, 131, 263, 74, 138, 96, 18, 65, 43, 46, 72, 84, 107, 61, 16, 99, 78, 113, 56, 100, 29, 168, 167, 36, 26, 47, 118, 91, 65, 223, 76, 125, 185, 48, 119, 57, 37, 49, 43, 93, 35, 48, 48, 48, 57, 41, 76, 51]

grid_scale: 0.4
resize_scale: 0.5
confiance: 0.65

random_seed: 1011
data_augmentation: True
samples: 130
