MAE: 9.507692307692308 [6, 17, 14, 2, 5, 3, 8, 10, 79, 6, 5, 8, 2, 0, 2, 2, 0, 6, 1, 5, 2, 6, 71, 0, 3, 3, 27, 1, 3, 20, 8, 1, 2, 1, 7, 6, 16, 7, 5, 20, 1, 2, 2, 5, 0, 3, 2, 12, 6, 2, 41, 14, 7, 10, 7, 2, 7, 16, 9, 3, 3, 12, 9, 1, 1, 19, 9, 6, 14, 3, 18, 14, 8, 28, 39, 35, 0, 17, 1, 2, 0, 5, 1, 3, 4, 2, 2, 17, 5, 3, 4, 24, 6, 4, 19, 5, 7, 0, 1, 36, 3, 7, 1, 2, 23, 1, 0, 7, 59, 32, 9, 3, 1, 3, 5, 3, 2, 36, 1, 8, 9, 60, 7, 2, 13, 1, 2, 1, 5, 2]
MAPE: 12.448486729723866 [4.958677685950414, 18.27956989247312, 24.137931034482758, 4.25531914893617, 5.4945054945054945, 5.263157894736842, 17.391304347826086, 5.952380952380952, 37.264150943396224, 11.11111111111111, 19.230769230769234, 18.6046511627907, 2.8169014084507045, 0.0, 8.695652173913043, 2.083333333333333, 0.0, 7.142857142857142, 3.3333333333333335, 4.201680672268908, 7.6923076923076925, 16.216216216216218, 54.19847328244275, 0.0, 6.25, 6.25, 14.594594594594595, 0.8064516129032258, 6.122448979591836, 36.36363636363637, 6.557377049180328, 2.7777777777777777, 1.7543859649122806, 1.0752688172043012, 8.641975308641975, 6.451612903225806, 34.04255319148936, 9.58904109589041, 4.166666666666666, 15.873015873015872, 3.125, 5.263157894736842, 4.3478260869565215, 12.195121951219512, 0.0, 2.4, 2.631578947368421, 5.381165919282512, 12.5, 3.4482758620689653, 83.6734693877551, 11.864406779661017, 4.046242774566474, 15.384615384615385, 10.294117647058822, 1.574803149606299, 4.166666666666666, 100.0, 15.789473684210526, 3.896103896103896, 5.357142857142857, 12.244897959183673, 3.75, 1.5625, 5.263157894736842, 17.75700934579439, 9.375, 12.76595744680851, 9.45945945945946, 5.357142857142857, 18.181818181818183, 16.867469879518072, 4.790419161676647, 27.450980392156865, 16.666666666666664, 12.5, 0.0, 20.98765432098765, 1.0, 3.278688524590164, 0.0, 16.666666666666664, 2.3255813953488373, 1.7964071856287425, 4.123711340206185, 3.076923076923077, 4.3478260869565215, 94.44444444444444, 12.82051282051282, 2.2388059701492535, 7.8431372549019605, 25.263157894736842, 13.043478260869565, 15.384615384615385, 15.447154471544716, 19.230769230769234, 14.285714285714285, 0.0, 1.7241379310344827, 13.432835820895523, 6.8181818181818175, 11.475409836065573, 3.4482758620689653, 2.666666666666667, 24.210526315789473, 2.564102564102564, 0.0, 24.137931034482758, 29.064039408866993, 23.18840579710145, 4.455445544554455, 4.3478260869565215, 1.1904761904761905, 8.571428571428571, 6.329113924050633, 10.0, 2.631578947368421, 13.688212927756654, 1.3888888888888888, 16.666666666666664, 18.75, 146.34146341463415, 12.962962962962962, 2.7027027027027026, 12.745098039215685, 3.225806451612903, 1.4705882352941175, 2.5, 5.208333333333334, 1.8181818181818181]
RMSE: 16.562236935501566 [36, 289, 196, 4, 25, 9, 64, 100, 6241, 36, 25, 64, 4, 0, 4, 4, 0, 36, 1, 25, 4, 36, 5041, 0, 9, 9, 729, 1, 9, 400, 64, 1, 4, 1, 49, 36, 256, 49, 25, 400, 1, 4, 4, 25, 0, 9, 4, 144, 36, 4, 1681, 196, 49, 100, 49, 4, 49, 256, 81, 9, 9, 144, 81, 1, 1, 361, 81, 36, 196, 9, 324, 196, 64, 784, 1521, 1225, 0, 289, 1, 4, 0, 25, 1, 9, 16, 4, 4, 289, 25, 9, 16, 576, 36, 16, 361, 25, 49, 0, 1, 1296, 9, 49, 1, 4, 529, 1, 0, 49, 3481, 1024, 81, 9, 1, 9, 25, 9, 4, 1296, 1, 64, 81, 3600, 49, 4, 169, 1, 4, 1, 25, 4]

pred: 11809 [115, 76, 72, 49, 86, 54, 38, 178, 291, 60, 21, 51, 73, 32, 25, 94, 50, 90, 31, 114, 24, 43, 202, 58, 51, 51, 212, 125, 52, 75, 114, 37, 116, 94, 88, 87, 31, 80, 125, 146, 31, 40, 48, 46, 113, 122, 78, 235, 42, 60, 90, 104, 180, 75, 75, 125, 161, 32, 66, 80, 53, 110, 231, 63, 20, 126, 87, 41, 162, 59, 81, 97, 175, 130, 273, 315, 78, 98, 99, 59, 49, 35, 44, 170, 93, 63, 44, 1, 44, 131, 55, 119, 52, 30, 104, 31, 56, 43, 57, 304, 41, 68, 28, 77, 118, 40, 76, 36, 262, 170, 193, 72, 85, 32, 84, 27, 78, 299, 73, 56, 57, 101, 61, 72, 89, 30, 138, 41, 101, 108]
real: 11073 [121, 93, 58, 47, 91, 57, 46, 168, 212, 54, 26, 43, 71, 32, 23, 96, 50, 84, 30, 119, 26, 37, 131, 58, 48, 48, 185, 124, 49, 55, 122, 36, 114, 93, 81, 93, 47, 73, 120, 126, 32, 38, 46, 41, 113, 125, 76, 223, 48, 58, 49, 118, 173, 65, 68, 127, 168, 16, 57, 77, 56, 98, 240, 64, 19, 107, 96, 47, 148, 56, 99, 83, 167, 102, 234, 280, 78, 81, 100, 61, 49, 30, 43, 167, 97, 65, 46, 18, 39, 134, 51, 95, 46, 26, 123, 26, 49, 43, 58, 268, 44, 61, 29, 75, 95, 39, 76, 29, 203, 138, 202, 69, 84, 35, 79, 30, 76, 263, 72, 48, 48, 41, 54, 74, 102, 31, 136, 40, 96, 110]

grid_scale: 0.4
resize_scale: 0.5
confiance: 0.5

random_seed: 1011
data_augmentation: True
samples: 130
