MAE: 11.03076923076923 [0, 41, 29, 10, 2, 10, 4, 1, 7, 3, 8, 0, 0, 9, 4, 6, 38, 3, 19, 4, 15, 7, 4, 24, 14, 3, 44, 5, 24, 45, 21, 14, 12, 0, 21, 1, 1, 2, 2, 1, 2, 33, 8, 9, 1, 5, 5, 0, 0, 22, 0, 22, 7, 3, 3, 0, 6, 7, 5, 10, 18, 3, 28, 4, 8, 4, 0, 9, 21, 3, 4, 13, 8, 1, 6, 12, 1, 23, 7, 12, 33, 3, 20, 6, 52, 7, 7, 24, 17, 14, 10, 0, 7, 7, 6, 2, 6, 39, 9, 33, 8, 13, 6, 20, 12, 3, 5, 10, 44, 27, 7, 23, 9, 16, 37, 6, 9, 1, 0, 0, 3, 14, 4, 1, 29, 2, 14, 11, 3, 4]
MAPE: 13.49188953550219 [0.0, 17.083333333333332, 31.182795698924732, 7.352941176470589, 2.73972602739726, 26.31578947368421, 8.695652173913043, 0.9803921568627451, 12.962962962962962, 3.571428571428571, 5.970149253731343, 0.0, 0.0, 16.666666666666664, 7.142857142857142, 23.076923076923077, 14.17910447761194, 3.79746835443038, 10.982658959537572, 6.896551724137931, 15.625, 8.641975308641975, 3.1746031746031744, 48.97959183673469, 14.736842105263156, 11.538461538461538, 35.77235772357724, 11.627906976744185, 14.285714285714285, 22.277227722772277, 18.421052631578945, 14.583333333333334, 12.903225806451612, 0.0, 8.974358974358974, 1.5625, 1.4705882352941175, 6.666666666666667, 3.4482758620689653, 2.127659574468085, 5.0, 25.984251968503933, 9.876543209876543, 18.367346938775512, 3.125, 7.246376811594203, 10.869565217391305, 0.0, 0.0, 18.0327868852459, 0.0, 21.568627450980394, 9.859154929577464, 13.043478260869565, 6.122448979591836, 0.0, 6.122448979591836, 9.210526315789473, 9.090909090909092, 10.309278350515463, 6.428571428571428, 6.0, 18.91891891891892, 4.2105263157894735, 6.451612903225806, 12.903225806451612, 0.0, 4.245283018867925, 17.5, 6.25, 1.9704433497536946, 11.818181818181818, 10.38961038961039, 3.3333333333333335, 15.384615384615385, 46.15384615384615, 2.564102564102564, 13.77245508982036, 12.068965517241379, 25.53191489361702, 80.48780487804879, 9.375, 16.528925619834713, 4.580152671755725, 19.771863117870723, 9.45945945945946, 5.072463768115942, 25.0, 94.44444444444444, 21.53846153846154, 23.25581395348837, 0.0, 9.722222222222223, 8.333333333333332, 5.607476635514018, 3.278688524590164, 37.5, 39.39393939393939, 11.538461538461538, 29.20353982300885, 14.285714285714285, 13.0, 20.689655172413794, 11.904761904761903, 7.18562874251497, 8.333333333333332, 19.230769230769234, 21.27659574468085, 37.28813559322034, 29.67032967032967, 10.76923076923077, 10.31390134529148, 11.842105263157894, 12.8, 20.0, 12.5, 7.563025210084033, 1.7543859649122806, 0.0, 0.0, 6.976744186046512, 15.053763440860216, 11.428571428571429, 2.083333333333333, 60.416666666666664, 4.166666666666666, 24.561403508771928, 26.82926829268293, 3.9473684210526314, 7.8431372549019605]
RMSE: 15.910809098026604 [0, 1681, 841, 100, 4, 100, 16, 1, 49, 9, 64, 0, 0, 81, 16, 36, 1444, 9, 361, 16, 225, 49, 16, 576, 196, 9, 1936, 25, 576, 2025, 441, 196, 144, 0, 441, 1, 1, 4, 4, 1, 4, 1089, 64, 81, 1, 25, 25, 0, 0, 484, 0, 484, 49, 9, 9, 0, 36, 49, 25, 100, 324, 9, 784, 16, 64, 16, 0, 81, 441, 9, 16, 169, 64, 1, 36, 144, 1, 529, 49, 144, 1089, 9, 400, 36, 2704, 49, 49, 576, 289, 196, 100, 0, 49, 49, 36, 4, 36, 1521, 81, 1089, 64, 169, 36, 400, 144, 9, 25, 100, 1936, 729, 49, 529, 81, 256, 1369, 36, 81, 1, 0, 0, 9, 196, 16, 1, 841, 4, 196, 121, 9, 16]

pred: 9917 [46, 199, 64, 126, 75, 28, 42, 103, 47, 81, 126, 29, 30, 63, 52, 32, 230, 76, 154, 54, 81, 74, 130, 73, 81, 23, 79, 38, 144, 157, 93, 82, 81, 61, 213, 65, 69, 28, 56, 46, 42, 94, 89, 40, 33, 64, 41, 58, 83, 100, 44, 80, 64, 20, 46, 19, 104, 69, 60, 87, 262, 47, 120, 99, 116, 27, 75, 203, 99, 51, 199, 97, 69, 31, 33, 14, 40, 144, 51, 35, 74, 29, 101, 125, 211, 67, 131, 72, 1, 51, 33, 46, 65, 77, 101, 63, 22, 60, 69, 80, 48, 87, 35, 148, 155, 33, 21, 37, 74, 64, 58, 200, 67, 109, 148, 54, 110, 58, 37, 49, 46, 79, 31, 49, 19, 50, 43, 30, 73, 47]
real: 11073 [46, 240, 93, 136, 73, 38, 46, 102, 54, 84, 134, 29, 30, 54, 56, 26, 268, 79, 173, 58, 96, 81, 126, 49, 95, 26, 123, 43, 168, 202, 114, 96, 93, 61, 234, 64, 68, 30, 58, 47, 40, 127, 81, 49, 32, 69, 46, 58, 83, 122, 44, 102, 71, 23, 49, 19, 98, 76, 55, 97, 280, 50, 148, 95, 124, 31, 75, 212, 120, 48, 203, 110, 77, 30, 39, 26, 39, 167, 58, 47, 41, 32, 121, 131, 263, 74, 138, 96, 18, 65, 43, 46, 72, 84, 107, 61, 16, 99, 78, 113, 56, 100, 29, 168, 167, 36, 26, 47, 118, 91, 65, 223, 76, 125, 185, 48, 119, 57, 37, 49, 43, 93, 35, 48, 48, 48, 57, 41, 76, 51]

grid_scale: 0.4
resize_scale: 0.5
confiance: 0.75

random_seed: 1011
data_augmentation: True
samples: 130
