MAE: 13.738461538461538 [20, 53, 13, 1, 24, 10, 11, 10, 17, 13, 7, 6, 9, 2, 5, 27, 5, 36, 0, 9, 13, 0, 45, 2, 11, 2, 9, 24, 5, 11, 2, 2, 17, 11, 1, 20, 24, 10, 22, 32, 1, 11, 0, 0, 44, 5, 1, 22, 28, 3, 28, 62, 37, 5, 9, 18, 46, 2, 2, 4, 3, 24, 21, 3, 1, 33, 13, 15, 3, 1, 52, 46, 29, 40, 14, 8, 16, 12, 18, 17, 10, 5, 3, 23, 4, 5, 8, 17, 10, 17, 8, 10, 3, 2, 3, 6, 4, 4, 5, 25, 1, 5, 0, 3, 24, 2, 1, 15, 78, 48, 14, 3, 1, 1, 7, 0, 11, 21, 1, 14, 5, 41, 3, 9, 11, 3, 14, 1, 11, 28]
MAPE: 17.107277229081173 [16.528925619834713, 56.98924731182796, 22.413793103448278, 2.127659574468085, 26.373626373626376, 17.543859649122805, 23.91304347826087, 5.952380952380952, 8.018867924528301, 24.074074074074073, 26.923076923076923, 13.953488372093023, 12.676056338028168, 6.25, 21.73913043478261, 28.125, 10.0, 42.857142857142854, 0.0, 7.563025210084033, 50.0, 0.0, 34.35114503816794, 3.4482758620689653, 22.916666666666664, 4.166666666666666, 4.864864864864865, 19.35483870967742, 10.204081632653061, 20.0, 1.639344262295082, 5.555555555555555, 14.912280701754385, 11.827956989247312, 1.2345679012345678, 21.50537634408602, 51.06382978723404, 13.698630136986301, 18.333333333333332, 25.396825396825395, 3.125, 28.947368421052634, 0.0, 0.0, 38.93805309734513, 4.0, 1.3157894736842104, 9.865470852017937, 58.333333333333336, 5.172413793103448, 57.14285714285714, 52.54237288135594, 21.38728323699422, 7.6923076923076925, 13.23529411764706, 14.173228346456693, 27.380952380952383, 12.5, 3.508771929824561, 5.194805194805195, 5.357142857142857, 24.489795918367346, 8.75, 4.6875, 5.263157894736842, 30.8411214953271, 13.541666666666666, 31.914893617021278, 2.027027027027027, 1.7857142857142856, 52.52525252525253, 55.42168674698795, 17.365269461077844, 39.21568627450981, 5.982905982905983, 2.857142857142857, 20.51282051282051, 14.814814814814813, 18.0, 27.86885245901639, 20.408163265306122, 16.666666666666664, 6.976744186046512, 13.77245508982036, 4.123711340206185, 7.6923076923076925, 17.391304347826086, 94.44444444444444, 25.64102564102564, 12.686567164179104, 15.686274509803921, 10.526315789473683, 6.521739130434782, 7.6923076923076925, 2.4390243902439024, 23.076923076923077, 8.16326530612245, 9.30232558139535, 8.620689655172415, 9.328358208955224, 2.272727272727273, 8.19672131147541, 0.0, 4.0, 25.263157894736842, 5.128205128205128, 1.3157894736842104, 51.724137931034484, 38.42364532019704, 34.78260869565217, 6.9306930693069315, 4.3478260869565215, 1.1904761904761905, 2.857142857142857, 8.860759493670885, 0.0, 14.473684210526317, 7.984790874524715, 1.3888888888888888, 29.166666666666668, 10.416666666666668, 100.0, 5.555555555555555, 12.162162162162163, 10.784313725490197, 9.67741935483871, 10.294117647058822, 2.5, 11.458333333333332, 25.454545454545453]
RMSE: 19.961886761449257 [400, 2809, 169, 1, 576, 100, 121, 100, 289, 169, 49, 36, 81, 4, 25, 729, 25, 1296, 0, 81, 169, 0, 2025, 4, 121, 4, 81, 576, 25, 121, 4, 4, 289, 121, 1, 400, 576, 100, 484, 1024, 1, 121, 0, 0, 1936, 25, 1, 484, 784, 9, 784, 3844, 1369, 25, 81, 324, 2116, 4, 4, 16, 9, 576, 441, 9, 1, 1089, 169, 225, 9, 1, 2704, 2116, 841, 1600, 196, 64, 256, 144, 324, 289, 100, 25, 9, 529, 16, 25, 64, 289, 100, 289, 64, 100, 9, 4, 9, 36, 16, 16, 25, 625, 1, 25, 0, 9, 576, 4, 1, 225, 6084, 2304, 196, 9, 1, 1, 49, 0, 121, 441, 1, 196, 25, 1681, 9, 81, 121, 9, 196, 1, 121, 784]

pred: 11409 [101, 40, 71, 48, 67, 47, 35, 178, 229, 67, 19, 49, 62, 34, 18, 69, 45, 120, 30, 110, 13, 37, 176, 56, 59, 50, 194, 148, 54, 66, 124, 38, 97, 104, 82, 73, 23, 83, 98, 158, 33, 27, 46, 41, 69, 120, 77, 201, 20, 55, 77, 56, 210, 60, 77, 109, 214, 18, 55, 81, 53, 122, 219, 61, 20, 140, 83, 32, 151, 57, 47, 129, 196, 142, 220, 288, 62, 93, 118, 78, 39, 35, 46, 190, 101, 60, 38, 1, 49, 151, 59, 105, 49, 28, 120, 32, 53, 39, 63, 293, 43, 66, 29, 72, 119, 37, 77, 44, 281, 186, 188, 72, 85, 34, 72, 30, 87, 284, 71, 62, 53, 82, 57, 65, 91, 28, 150, 41, 85, 138]
real: 11073 [121, 93, 58, 47, 91, 57, 46, 168, 212, 54, 26, 43, 71, 32, 23, 96, 50, 84, 30, 119, 26, 37, 131, 58, 48, 48, 185, 124, 49, 55, 122, 36, 114, 93, 81, 93, 47, 73, 120, 126, 32, 38, 46, 41, 113, 125, 76, 223, 48, 58, 49, 118, 173, 65, 68, 127, 168, 16, 57, 77, 56, 98, 240, 64, 19, 107, 96, 47, 148, 56, 99, 83, 167, 102, 234, 280, 78, 81, 100, 61, 49, 30, 43, 167, 97, 65, 46, 18, 39, 134, 51, 95, 46, 26, 123, 26, 49, 43, 58, 268, 44, 61, 29, 75, 95, 39, 76, 29, 203, 138, 202, 69, 84, 35, 79, 30, 76, 263, 72, 48, 48, 41, 54, 74, 102, 31, 136, 40, 96, 110]

grid_scale: 0.5
resize_scale: 0.5
confiance: 0.6

random_seed: 1011
data_augmentation: True
samples: 130
