MAE: 11.892307692307693 [1, 10, 37, 14, 1, 3, 2, 15, 2, 5, 3, 1, 21, 1, 7, 2, 7, 17, 5, 2, 3, 3, 26, 152, 3, 1, 20, 1, 0, 30, 14, 12, 5, 5, 41, 5, 8, 11, 5, 7, 12, 24, 16, 2, 3, 17, 4, 13, 0, 14, 2, 31, 7, 2, 12, 3, 4, 4, 14, 11, 38, 7, 1, 10, 17, 6, 16, 48, 9, 13, 12, 2, 2, 2, 7, 7, 6, 13, 7, 5, 174, 4, 20, 18, 10, 10, 2, 11, 16, 17, 12, 2, 13, 2, 12, 14, 19, 10, 2, 2, 8, 4, 29, 3, 7, 3, 4, 8, 31, 12, 13, 12, 9, 5, 16, 10, 7, 1, 1, 5, 12, 10, 10, 1, 3, 4, 12, 0, 3, 2]
MAPE: 19.420862488946756 [2.1739130434782608, 4.166666666666666, 39.784946236559136, 10.294117647058822, 1.36986301369863, 7.894736842105263, 4.3478260869565215, 14.705882352941178, 3.7037037037037033, 5.952380952380952, 2.2388059701492535, 3.4482758620689653, 70.0, 1.8518518518518516, 12.5, 7.6923076923076925, 2.6119402985074625, 21.518987341772153, 2.8901734104046244, 3.4482758620689653, 3.125, 3.7037037037037033, 20.634920634920633, 310.2040816326531, 3.1578947368421053, 3.8461538461538463, 16.260162601626014, 2.3255813953488373, 0.0, 14.85148514851485, 12.280701754385964, 12.5, 5.376344086021505, 8.19672131147541, 17.52136752136752, 7.8125, 11.76470588235294, 36.666666666666664, 8.620689655172415, 14.893617021276595, 30.0, 18.89763779527559, 19.753086419753085, 4.081632653061225, 9.375, 24.637681159420293, 8.695652173913043, 22.413793103448278, 0.0, 11.475409836065573, 4.545454545454546, 30.392156862745097, 9.859154929577464, 8.695652173913043, 24.489795918367346, 15.789473684210526, 4.081632653061225, 5.263157894736842, 25.454545454545453, 11.34020618556701, 13.571428571428571, 14.000000000000002, 0.6756756756756757, 10.526315789473683, 13.709677419354838, 19.35483870967742, 21.333333333333336, 22.641509433962266, 7.5, 27.083333333333332, 5.911330049261084, 1.8181818181818181, 2.5974025974025974, 6.666666666666667, 17.94871794871795, 26.923076923076923, 15.384615384615385, 7.784431137724551, 12.068965517241379, 10.638297872340425, 424.39024390243907, 12.5, 16.528925619834713, 13.740458015267176, 3.802281368821293, 13.513513513513514, 1.4492753623188406, 11.458333333333332, 88.88888888888889, 26.153846153846157, 27.906976744186046, 4.3478260869565215, 18.055555555555554, 2.380952380952381, 11.214953271028037, 22.950819672131146, 118.75, 10.1010101010101, 2.564102564102564, 1.7699115044247788, 14.285714285714285, 4.0, 100.0, 1.7857142857142856, 4.191616766467066, 8.333333333333332, 15.384615384615385, 17.02127659574468, 26.27118644067797, 13.186813186813188, 20.0, 5.381165919282512, 11.842105263157894, 4.0, 8.64864864864865, 20.833333333333336, 5.88235294117647, 1.7543859649122806, 2.7027027027027026, 10.204081632653061, 27.906976744186046, 10.75268817204301, 28.57142857142857, 2.083333333333333, 6.25, 8.333333333333332, 21.052631578947366, 0.0, 3.9473684210526314, 3.9215686274509802]
RMSE: 24.063697522648894 [1, 100, 1369, 196, 1, 9, 4, 225, 4, 25, 9, 1, 441, 1, 49, 4, 49, 289, 25, 4, 9, 9, 676, 23104, 9, 1, 400, 1, 0, 900, 196, 144, 25, 25, 1681, 25, 64, 121, 25, 49, 144, 576, 256, 4, 9, 289, 16, 169, 0, 196, 4, 961, 49, 4, 144, 9, 16, 16, 196, 121, 1444, 49, 1, 100, 289, 36, 256, 2304, 81, 169, 144, 4, 4, 4, 49, 49, 36, 169, 49, 25, 30276, 16, 400, 324, 100, 100, 4, 121, 256, 289, 144, 4, 169, 4, 144, 196, 361, 100, 4, 4, 64, 16, 841, 9, 49, 9, 16, 64, 961, 144, 169, 144, 81, 25, 256, 100, 49, 1, 1, 25, 144, 100, 100, 1, 9, 16, 144, 0, 9, 4]

pred: 11229 [45, 230, 56, 122, 74, 41, 44, 117, 56, 89, 131, 30, 9, 55, 49, 28, 275, 62, 168, 60, 93, 78, 152, 201, 92, 27, 103, 42, 168, 172, 100, 84, 88, 66, 275, 59, 76, 19, 53, 54, 52, 103, 97, 47, 29, 52, 42, 71, 83, 108, 42, 71, 64, 25, 37, 22, 102, 72, 69, 86, 318, 43, 147, 105, 141, 37, 91, 260, 111, 61, 215, 112, 75, 28, 46, 19, 45, 154, 51, 42, 215, 28, 101, 149, 273, 64, 136, 85, 2, 48, 31, 48, 59, 86, 119, 75, 35, 89, 80, 111, 48, 96, 58, 171, 174, 39, 22, 39, 87, 79, 52, 211, 67, 120, 169, 58, 112, 58, 36, 54, 55, 83, 25, 49, 45, 52, 45, 41, 79, 53]
real: 11073 [46, 240, 93, 136, 73, 38, 46, 102, 54, 84, 134, 29, 30, 54, 56, 26, 268, 79, 173, 58, 96, 81, 126, 49, 95, 26, 123, 43, 168, 202, 114, 96, 93, 61, 234, 64, 68, 30, 58, 47, 40, 127, 81, 49, 32, 69, 46, 58, 83, 122, 44, 102, 71, 23, 49, 19, 98, 76, 55, 97, 280, 50, 148, 95, 124, 31, 75, 212, 120, 48, 203, 110, 77, 30, 39, 26, 39, 167, 58, 47, 41, 32, 121, 131, 263, 74, 138, 96, 18, 65, 43, 46, 72, 84, 107, 61, 16, 99, 78, 113, 56, 100, 29, 168, 167, 36, 26, 47, 118, 91, 65, 223, 76, 125, 185, 48, 119, 57, 37, 49, 43, 93, 35, 48, 48, 48, 57, 41, 76, 51]

grid_scale: 0.2
resize_scale: 0.5
confiance: 0.8

random_seed: 1011
data_augmentation: True
samples: 130
