MAE: 17.307692307692307 [5, 22, 9, 10, 14, 10, 3, 36, 10, 26, 26, 2, 4, 20, 1, 3, 132, 15, 25, 7, 23, 12, 74, 61, 28, 5, 22, 2, 45, 27, 10, 1, 29, 4, 57, 5, 5, 5, 1, 3, 6, 1, 25, 1, 5, 5, 2, 18, 27, 4, 3, 1, 2, 1, 8, 2, 29, 3, 19, 24, 79, 2, 12, 20, 11, 0, 6, 126, 0, 11, 68, 7, 3, 2, 6, 0, 16, 45, 5, 1, 105, 3, 7, 101, 61, 2, 77, 0, 17, 3, 3, 5, 4, 7, 35, 8, 10, 4, 4, 1, 4, 6, 19, 19, 42, 7, 0, 10, 25, 5, 5, 41, 13, 13, 44, 13, 30, 9, 2, 10, 2, 3, 5, 11, 8, 10, 6, 13, 7, 6]
MAPE: 19.732012684249707 [10.869565217391305, 9.166666666666666, 9.67741935483871, 7.352941176470589, 19.17808219178082, 26.31578947368421, 6.521739130434782, 35.294117647058826, 18.51851851851852, 30.952380952380953, 19.402985074626866, 6.896551724137931, 13.333333333333334, 37.03703703703704, 1.7857142857142856, 11.538461538461538, 49.25373134328358, 18.9873417721519, 14.450867052023122, 12.068965517241379, 23.958333333333336, 14.814814814814813, 58.730158730158735, 124.48979591836735, 29.47368421052631, 19.230769230769234, 17.88617886178862, 4.651162790697675, 26.785714285714285, 13.366336633663368, 8.771929824561402, 1.0416666666666665, 31.182795698924732, 6.557377049180328, 24.358974358974358, 7.8125, 7.352941176470589, 16.666666666666664, 1.7241379310344827, 6.382978723404255, 15.0, 0.7874015748031495, 30.864197530864196, 2.0408163265306123, 15.625, 7.246376811594203, 4.3478260869565215, 31.03448275862069, 32.53012048192771, 3.278688524590164, 6.8181818181818175, 0.9803921568627451, 2.8169014084507045, 4.3478260869565215, 16.3265306122449, 10.526315789473683, 29.591836734693878, 3.9473684210526314, 34.54545454545455, 24.742268041237114, 28.214285714285715, 4.0, 8.108108108108109, 21.052631578947366, 8.870967741935484, 0.0, 8.0, 59.43396226415094, 0.0, 22.916666666666664, 33.497536945812804, 6.363636363636363, 3.896103896103896, 6.666666666666667, 15.384615384615385, 0.0, 41.02564102564102, 26.94610778443114, 8.620689655172415, 2.127659574468085, 256.0975609756098, 9.375, 5.785123966942149, 77.09923664122137, 23.193916349809886, 2.7027027027027026, 55.79710144927537, 0.0, 94.44444444444444, 4.615384615384616, 6.976744186046512, 10.869565217391305, 5.555555555555555, 8.333333333333332, 32.71028037383177, 13.114754098360656, 62.5, 4.040404040404041, 5.128205128205128, 0.8849557522123894, 7.142857142857142, 6.0, 65.51724137931035, 11.30952380952381, 25.149700598802394, 19.444444444444446, 0.0, 21.27659574468085, 21.1864406779661, 5.4945054945054945, 7.6923076923076925, 18.385650224215247, 17.105263157894736, 10.4, 23.783783783783786, 27.083333333333332, 25.210084033613445, 15.789473684210526, 5.405405405405405, 20.408163265306122, 4.651162790697675, 3.225806451612903, 14.285714285714285, 22.916666666666664, 16.666666666666664, 20.833333333333336, 10.526315789473683, 31.70731707317073, 9.210526315789473, 11.76470588235294]
RMSE: 29.90729265323349 [25, 484, 81, 100, 196, 100, 9, 1296, 100, 676, 676, 4, 16, 400, 1, 9, 17424, 225, 625, 49, 529, 144, 5476, 3721, 784, 25, 484, 4, 2025, 729, 100, 1, 841, 16, 3249, 25, 25, 25, 1, 9, 36, 1, 625, 1, 25, 25, 4, 324, 729, 16, 9, 1, 4, 1, 64, 4, 841, 9, 361, 576, 6241, 4, 144, 400, 121, 0, 36, 15876, 0, 121, 4624, 49, 9, 4, 36, 0, 256, 2025, 25, 1, 11025, 9, 49, 10201, 3721, 4, 5929, 0, 289, 9, 9, 25, 16, 49, 1225, 64, 100, 16, 16, 1, 16, 36, 361, 361, 1764, 49, 0, 100, 625, 25, 25, 1681, 169, 169, 1936, 169, 900, 81, 4, 100, 4, 9, 25, 121, 64, 100, 36, 169, 49, 36]

pred: 13085 [51, 262, 84, 146, 87, 48, 49, 138, 64, 110, 160, 31, 34, 74, 55, 29, 400, 94, 198, 65, 119, 93, 200, 110, 123, 31, 101, 45, 213, 229, 124, 97, 122, 65, 291, 69, 73, 35, 57, 50, 46, 128, 106, 50, 37, 74, 44, 76, 110, 118, 47, 101, 73, 24, 57, 21, 127, 79, 74, 121, 359, 52, 160, 115, 135, 31, 81, 338, 120, 59, 271, 117, 74, 32, 45, 26, 55, 212, 63, 48, 146, 35, 128, 232, 324, 76, 215, 96, 1, 62, 46, 51, 76, 91, 142, 69, 26, 95, 82, 114, 52, 106, 48, 187, 209, 43, 26, 37, 93, 86, 70, 264, 89, 138, 229, 61, 149, 66, 39, 59, 45, 96, 40, 59, 40, 58, 63, 54, 83, 57]
real: 11073 [46, 240, 93, 136, 73, 38, 46, 102, 54, 84, 134, 29, 30, 54, 56, 26, 268, 79, 173, 58, 96, 81, 126, 49, 95, 26, 123, 43, 168, 202, 114, 96, 93, 61, 234, 64, 68, 30, 58, 47, 40, 127, 81, 49, 32, 69, 46, 58, 83, 122, 44, 102, 71, 23, 49, 19, 98, 76, 55, 97, 280, 50, 148, 95, 124, 31, 75, 212, 120, 48, 203, 110, 77, 30, 39, 26, 39, 167, 58, 47, 41, 32, 121, 131, 263, 74, 138, 96, 18, 65, 43, 46, 72, 84, 107, 61, 16, 99, 78, 113, 56, 100, 29, 168, 167, 36, 26, 47, 118, 91, 65, 223, 76, 125, 185, 48, 119, 57, 37, 49, 43, 93, 35, 48, 48, 48, 57, 41, 76, 51]

grid_scale: 0.4
resize_scale: 0.5
confiance: 0.35

random_seed: 1011
data_augmentation: True
samples: 130
