MAE: 16.869230769230768 [8, 37, 30, 13, 17, 20, 7, 22, 7, 13, 7, 4, 8, 12, 2, 5, 44, 1, 5, 10, 5, 13, 54, 222, 4, 20, 4, 2, 15, 2, 15, 1, 3, 14, 73, 10, 26, 1, 3, 33, 18, 6, 18, 5, 15, 8, 2, 29, 9, 1, 10, 8, 18, 7, 4, 10, 8, 2, 31, 7, 67, 3, 1, 17, 50, 7, 41, 97, 0, 15, 38, 11, 3, 2, 6, 0, 29, 6, 7, 3, 255, 10, 1, 44, 35, 9, 15, 2, 13, 12, 2, 10, 1, 12, 16, 36, 17, 0, 8, 5, 2, 1, 45, 8, 18, 13, 3, 1, 36, 2, 2, 9, 7, 2, 1, 10, 7, 8, 7, 6, 22, 0, 1, 20, 3, 15, 5, 7, 8, 10]
MAPE: 27.522135582993542 [17.391304347826086, 15.416666666666668, 32.25806451612903, 9.558823529411764, 23.28767123287671, 52.63157894736842, 15.217391304347828, 21.568627450980394, 12.962962962962962, 15.476190476190476, 5.223880597014925, 13.793103448275861, 26.666666666666668, 22.22222222222222, 3.571428571428571, 19.230769230769234, 16.417910447761194, 1.2658227848101267, 2.8901734104046244, 17.24137931034483, 5.208333333333334, 16.049382716049383, 42.857142857142854, 453.0612244897959, 4.2105263157894735, 76.92307692307693, 3.2520325203252036, 4.651162790697675, 8.928571428571429, 0.9900990099009901, 13.157894736842104, 1.0416666666666665, 3.225806451612903, 22.950819672131146, 31.196581196581196, 15.625, 38.23529411764706, 3.3333333333333335, 5.172413793103448, 70.2127659574468, 45.0, 4.724409448818897, 22.22222222222222, 10.204081632653061, 46.875, 11.594202898550725, 4.3478260869565215, 50.0, 10.843373493975903, 0.819672131147541, 22.727272727272727, 7.8431372549019605, 25.352112676056336, 30.434782608695656, 8.16326530612245, 52.63157894736842, 8.16326530612245, 2.631578947368421, 56.36363636363636, 7.216494845360824, 23.92857142857143, 6.0, 0.6756756756756757, 17.894736842105264, 40.32258064516129, 22.58064516129032, 54.666666666666664, 45.75471698113208, 0.0, 31.25, 18.7192118226601, 10.0, 3.896103896103896, 6.666666666666667, 15.384615384615385, 0.0, 74.35897435897436, 3.592814371257485, 12.068965517241379, 6.382978723404255, 621.9512195121952, 31.25, 0.8264462809917356, 33.587786259541986, 13.307984790874524, 12.162162162162163, 10.869565217391305, 2.083333333333333, 72.22222222222221, 18.461538461538463, 4.651162790697675, 21.73913043478261, 1.3888888888888888, 14.285714285714285, 14.953271028037381, 59.01639344262295, 106.25, 0.0, 10.256410256410255, 4.424778761061947, 3.571428571428571, 1.0, 155.17241379310346, 4.761904761904762, 10.778443113772456, 36.11111111111111, 11.538461538461538, 2.127659574468085, 30.508474576271187, 2.197802197802198, 3.076923076923077, 4.0358744394618835, 9.210526315789473, 1.6, 0.5405405405405406, 20.833333333333336, 5.88235294117647, 14.035087719298245, 18.91891891891892, 12.244897959183673, 51.162790697674424, 0.0, 2.857142857142857, 41.66666666666667, 6.25, 31.25, 8.771929824561402, 17.073170731707318, 10.526315789473683, 19.607843137254903]
RMSE: 36.01676959844806 [64, 1369, 900, 169, 289, 400, 49, 484, 49, 169, 49, 16, 64, 144, 4, 25, 1936, 1, 25, 100, 25, 169, 2916, 49284, 16, 400, 16, 4, 225, 4, 225, 1, 9, 196, 5329, 100, 676, 1, 9, 1089, 324, 36, 324, 25, 225, 64, 4, 841, 81, 1, 100, 64, 324, 49, 16, 100, 64, 4, 961, 49, 4489, 9, 1, 289, 2500, 49, 1681, 9409, 0, 225, 1444, 121, 9, 4, 36, 0, 841, 36, 49, 9, 65025, 100, 1, 1936, 1225, 81, 225, 4, 169, 144, 4, 100, 1, 144, 256, 1296, 289, 0, 64, 25, 4, 1, 2025, 64, 324, 169, 9, 1, 1296, 4, 4, 81, 49, 4, 1, 100, 49, 64, 49, 36, 484, 0, 1, 400, 9, 225, 25, 49, 64, 100]

pred: 12936 [54, 277, 63, 149, 90, 58, 53, 124, 61, 97, 141, 33, 22, 66, 58, 31, 312, 80, 178, 68, 101, 94, 180, 271, 99, 46, 119, 41, 183, 204, 99, 97, 96, 75, 307, 74, 94, 31, 61, 80, 58, 121, 99, 54, 47, 61, 48, 87, 92, 121, 54, 94, 89, 30, 45, 29, 106, 78, 86, 104, 347, 53, 149, 112, 174, 38, 116, 309, 120, 63, 241, 121, 80, 32, 45, 26, 68, 173, 65, 50, 296, 42, 122, 175, 298, 83, 153, 94, 5, 53, 41, 56, 73, 96, 123, 97, 33, 99, 86, 118, 54, 101, 74, 176, 185, 49, 29, 46, 82, 93, 67, 232, 83, 123, 184, 58, 126, 65, 44, 55, 65, 93, 36, 68, 45, 63, 52, 48, 84, 61]
real: 11073 [46, 240, 93, 136, 73, 38, 46, 102, 54, 84, 134, 29, 30, 54, 56, 26, 268, 79, 173, 58, 96, 81, 126, 49, 95, 26, 123, 43, 168, 202, 114, 96, 93, 61, 234, 64, 68, 30, 58, 47, 40, 127, 81, 49, 32, 69, 46, 58, 83, 122, 44, 102, 71, 23, 49, 19, 98, 76, 55, 97, 280, 50, 148, 95, 124, 31, 75, 212, 120, 48, 203, 110, 77, 30, 39, 26, 39, 167, 58, 47, 41, 32, 121, 131, 263, 74, 138, 96, 18, 65, 43, 46, 72, 84, 107, 61, 16, 99, 78, 113, 56, 100, 29, 168, 167, 36, 26, 47, 118, 91, 65, 223, 76, 125, 185, 48, 119, 57, 37, 49, 43, 93, 35, 48, 48, 48, 57, 41, 76, 51]

grid_scale: 0.2
resize_scale: 0.5
confiance: 0.6

random_seed: 1011
data_augmentation: True
samples: 130
