MAE: 13.284615384615385 [5, 12, 34, 10, 11, 7, 3, 23, 1, 8, 2, 5, 14, 9, 4, 3, 23, 6, 4, 10, 2, 7, 44, 206, 1, 7, 4, 1, 0, 18, 4, 0, 3, 15, 45, 4, 12, 1, 2, 12, 17, 4, 22, 0, 2, 5, 4, 16, 12, 1, 4, 18, 1, 2, 3, 3, 15, 1, 19, 2, 53, 6, 1, 20, 34, 7, 20, 96, 3, 9, 22, 18, 0, 3, 6, 3, 25, 3, 0, 2, 211, 1, 15, 27, 24, 1, 6, 7, 15, 13, 7, 10, 8, 4, 13, 22, 52, 9, 1, 6, 5, 5, 29, 0, 11, 4, 5, 1, 26, 3, 1, 4, 2, 9, 7, 13, 9, 10, 6, 7, 16, 4, 1, 8, 4, 11, 1, 2, 2, 5]
MAPE: 22.87521350452024 [10.869565217391305, 5.0, 36.55913978494624, 7.352941176470589, 15.068493150684931, 18.421052631578945, 6.521739130434782, 22.54901960784314, 1.8518518518518516, 9.523809523809524, 1.4925373134328357, 17.24137931034483, 46.666666666666664, 16.666666666666664, 7.142857142857142, 11.538461538461538, 8.582089552238806, 7.59493670886076, 2.312138728323699, 17.24137931034483, 2.083333333333333, 8.641975308641975, 34.92063492063492, 420.4081632653061, 1.0526315789473684, 26.923076923076923, 3.2520325203252036, 2.3255813953488373, 0.0, 8.91089108910891, 3.508771929824561, 0.0, 3.225806451612903, 24.59016393442623, 19.230769230769234, 6.25, 17.647058823529413, 3.3333333333333335, 3.4482758620689653, 25.53191489361702, 42.5, 3.149606299212598, 27.160493827160494, 0.0, 6.25, 7.246376811594203, 8.695652173913043, 27.586206896551722, 14.457831325301203, 0.819672131147541, 9.090909090909092, 17.647058823529413, 1.4084507042253522, 8.695652173913043, 6.122448979591836, 15.789473684210526, 15.306122448979592, 1.3157894736842104, 34.54545454545455, 2.0618556701030926, 18.928571428571427, 12.0, 0.6756756756756757, 21.052631578947366, 27.419354838709676, 22.58064516129032, 26.666666666666668, 45.28301886792453, 2.5, 18.75, 10.83743842364532, 16.363636363636363, 0.0, 10.0, 15.384615384615385, 11.538461538461538, 64.1025641025641, 1.7964071856287425, 0.0, 4.25531914893617, 514.6341463414634, 3.125, 12.396694214876034, 20.610687022900763, 9.125475285171103, 1.3513513513513513, 4.3478260869565215, 7.291666666666667, 83.33333333333334, 20.0, 16.27906976744186, 21.73913043478261, 11.11111111111111, 4.761904761904762, 12.149532710280374, 36.0655737704918, 325.0, 9.090909090909092, 1.282051282051282, 5.3097345132743365, 8.928571428571429, 5.0, 100.0, 0.0, 6.58682634730539, 11.11111111111111, 19.230769230769234, 2.127659574468085, 22.033898305084744, 3.296703296703297, 1.5384615384615385, 1.7937219730941705, 2.631578947368421, 7.199999999999999, 3.783783783783784, 27.083333333333332, 7.563025210084033, 17.543859649122805, 16.216216216216218, 14.285714285714285, 37.2093023255814, 4.301075268817205, 2.857142857142857, 16.666666666666664, 8.333333333333332, 22.916666666666664, 1.7543859649122806, 4.878048780487805, 2.631578947368421, 9.803921568627452]
RMSE: 30.57462497411362 [25, 144, 1156, 100, 121, 49, 9, 529, 1, 64, 4, 25, 196, 81, 16, 9, 529, 36, 16, 100, 4, 49, 1936, 42436, 1, 49, 16, 1, 0, 324, 16, 0, 9, 225, 2025, 16, 144, 1, 4, 144, 289, 16, 484, 0, 4, 25, 16, 256, 144, 1, 16, 324, 1, 4, 9, 9, 225, 1, 361, 4, 2809, 36, 1, 400, 1156, 49, 400, 9216, 9, 81, 484, 324, 0, 9, 36, 9, 625, 9, 0, 4, 44521, 1, 225, 729, 576, 1, 36, 49, 225, 169, 49, 100, 64, 16, 169, 484, 2704, 81, 1, 36, 25, 25, 841, 0, 121, 16, 25, 1, 676, 9, 1, 16, 4, 81, 49, 169, 81, 100, 36, 49, 256, 16, 1, 64, 16, 121, 1, 4, 4, 25]

pred: 12236 [51, 252, 59, 126, 84, 45, 49, 125, 55, 92, 136, 34, 16, 63, 60, 29, 291, 73, 177, 68, 94, 88, 170, 255, 96, 33, 119, 44, 168, 184, 110, 96, 96, 76, 279, 68, 80, 31, 60, 59, 57, 123, 103, 49, 34, 64, 42, 74, 95, 121, 48, 84, 72, 25, 46, 22, 113, 75, 74, 95, 333, 44, 149, 115, 158, 38, 95, 308, 117, 57, 225, 128, 77, 27, 45, 23, 64, 170, 58, 49, 252, 33, 106, 158, 287, 73, 144, 89, 3, 52, 36, 56, 80, 88, 120, 83, 68, 108, 79, 119, 51, 95, 58, 168, 178, 40, 21, 46, 92, 88, 64, 219, 78, 116, 178, 61, 128, 67, 43, 56, 59, 89, 36, 56, 44, 59, 56, 39, 74, 56]
real: 11073 [46, 240, 93, 136, 73, 38, 46, 102, 54, 84, 134, 29, 30, 54, 56, 26, 268, 79, 173, 58, 96, 81, 126, 49, 95, 26, 123, 43, 168, 202, 114, 96, 93, 61, 234, 64, 68, 30, 58, 47, 40, 127, 81, 49, 32, 69, 46, 58, 83, 122, 44, 102, 71, 23, 49, 19, 98, 76, 55, 97, 280, 50, 148, 95, 124, 31, 75, 212, 120, 48, 203, 110, 77, 30, 39, 26, 39, 167, 58, 47, 41, 32, 121, 131, 263, 74, 138, 96, 18, 65, 43, 46, 72, 84, 107, 61, 16, 99, 78, 113, 56, 100, 29, 168, 167, 36, 26, 47, 118, 91, 65, 223, 76, 125, 185, 48, 119, 57, 37, 49, 43, 93, 35, 48, 48, 48, 57, 41, 76, 51]

grid_scale: 0.2
resize_scale: 0.5
confiance: 0.7

random_seed: 1011
data_augmentation: True
samples: 130
