MAE: 7.638461538461539 [0, 0, 19, 2, 4, 4, 2, 10, 3, 6, 0, 2, 2, 0, 3, 4, 1, 1, 11, 3, 4, 0, 15, 59, 5, 2, 13, 0, 13, 35, 16, 7, 5, 9, 6, 12, 9, 0, 0, 8, 11, 15, 24, 3, 4, 0, 5, 9, 3, 9, 1, 8, 1, 1, 2, 3, 7, 0, 10, 1, 26, 8, 8, 12, 5, 2, 1, 35, 10, 6, 2, 0, 4, 3, 3, 3, 7, 12, 3, 6, 90, 0, 10, 19, 3, 3, 2, 1, 17, 14, 4, 4, 0, 0, 5, 12, 25, 10, 3, 12, 5, 4, 12, 5, 1, 0, 3, 4, 22, 5, 3, 9, 4, 6, 15, 11, 11, 5, 6, 4, 9, 2, 2, 5, 10, 16, 4, 7, 0, 1]
MAPE: 12.700600783104738 [0.0, 0.0, 20.43010752688172, 1.4705882352941175, 5.47945205479452, 10.526315789473683, 4.3478260869565215, 9.803921568627452, 5.555555555555555, 7.142857142857142, 0.0, 6.896551724137931, 6.666666666666667, 0.0, 5.357142857142857, 15.384615384615385, 0.3731343283582089, 1.2658227848101267, 6.358381502890173, 5.172413793103448, 4.166666666666666, 0.0, 11.904761904761903, 120.40816326530613, 5.263157894736842, 7.6923076923076925, 10.569105691056912, 0.0, 7.738095238095238, 17.326732673267326, 14.035087719298245, 7.291666666666667, 5.376344086021505, 14.754098360655737, 2.564102564102564, 18.75, 13.23529411764706, 0.0, 0.0, 17.02127659574468, 27.500000000000004, 11.811023622047244, 29.629629629629626, 6.122448979591836, 12.5, 0.0, 10.869565217391305, 15.517241379310345, 3.614457831325301, 7.377049180327869, 2.272727272727273, 7.8431372549019605, 1.4084507042253522, 4.3478260869565215, 4.081632653061225, 15.789473684210526, 7.142857142857142, 0.0, 18.181818181818183, 1.0309278350515463, 9.285714285714286, 16.0, 5.405405405405405, 12.631578947368421, 4.032258064516129, 6.451612903225806, 1.3333333333333335, 16.50943396226415, 8.333333333333332, 12.5, 0.9852216748768473, 0.0, 5.194805194805195, 10.0, 7.6923076923076925, 11.538461538461538, 17.94871794871795, 7.18562874251497, 5.172413793103448, 12.76595744680851, 219.51219512195124, 0.0, 8.264462809917356, 14.50381679389313, 1.1406844106463878, 4.054054054054054, 1.4492753623188406, 1.0416666666666665, 94.44444444444444, 21.53846153846154, 9.30232558139535, 8.695652173913043, 0.0, 0.0, 4.672897196261682, 19.672131147540984, 156.25, 10.1010101010101, 3.8461538461538463, 10.619469026548673, 8.928571428571429, 4.0, 41.37931034482759, 2.976190476190476, 0.5988023952095809, 0.0, 11.538461538461538, 8.51063829787234, 18.64406779661017, 5.4945054945054945, 4.615384615384616, 4.0358744394618835, 5.263157894736842, 4.8, 8.108108108108109, 22.916666666666664, 9.243697478991598, 8.771929824561402, 16.216216216216218, 8.16326530612245, 20.930232558139537, 2.1505376344086025, 5.714285714285714, 10.416666666666668, 20.833333333333336, 33.33333333333333, 7.017543859649122, 17.073170731707318, 0.0, 1.9607843137254901]
RMSE: 13.264469602896071 [0, 0, 361, 4, 16, 16, 4, 100, 9, 36, 0, 4, 4, 0, 9, 16, 1, 1, 121, 9, 16, 0, 225, 3481, 25, 4, 169, 0, 169, 1225, 256, 49, 25, 81, 36, 144, 81, 0, 0, 64, 121, 225, 576, 9, 16, 0, 25, 81, 9, 81, 1, 64, 1, 1, 4, 9, 49, 0, 100, 1, 676, 64, 64, 144, 25, 4, 1, 1225, 100, 36, 4, 0, 16, 9, 9, 9, 49, 144, 9, 36, 8100, 0, 100, 361, 9, 9, 4, 1, 289, 196, 16, 16, 0, 0, 25, 144, 625, 100, 9, 144, 25, 16, 144, 25, 1, 0, 9, 16, 484, 25, 9, 81, 16, 36, 225, 121, 121, 25, 36, 16, 81, 4, 4, 25, 100, 256, 16, 49, 0, 1]

pred: 11204 [46, 240, 74, 134, 77, 42, 48, 112, 51, 90, 134, 31, 28, 54, 59, 30, 267, 80, 162, 55, 92, 81, 141, 108, 90, 28, 110, 43, 155, 167, 98, 89, 88, 70, 240, 76, 77, 30, 58, 55, 51, 112, 105, 52, 36, 69, 41, 67, 86, 113, 43, 94, 70, 22, 47, 22, 105, 76, 65, 96, 306, 58, 140, 107, 129, 33, 74, 247, 110, 54, 201, 110, 73, 33, 36, 23, 46, 155, 61, 41, 131, 32, 111, 150, 260, 71, 136, 95, 1, 51, 39, 50, 72, 84, 112, 73, 41, 89, 75, 101, 51, 96, 41, 163, 168, 36, 23, 43, 96, 86, 62, 214, 72, 119, 170, 59, 108, 62, 43, 53, 52, 91, 33, 53, 38, 64, 53, 34, 76, 52]
real: 11073 [46, 240, 93, 136, 73, 38, 46, 102, 54, 84, 134, 29, 30, 54, 56, 26, 268, 79, 173, 58, 96, 81, 126, 49, 95, 26, 123, 43, 168, 202, 114, 96, 93, 61, 234, 64, 68, 30, 58, 47, 40, 127, 81, 49, 32, 69, 46, 58, 83, 122, 44, 102, 71, 23, 49, 19, 98, 76, 55, 97, 280, 50, 148, 95, 124, 31, 75, 212, 120, 48, 203, 110, 77, 30, 39, 26, 39, 167, 58, 47, 41, 32, 121, 131, 263, 74, 138, 96, 18, 65, 43, 46, 72, 84, 107, 61, 16, 99, 78, 113, 56, 100, 29, 168, 167, 36, 26, 47, 118, 91, 65, 223, 76, 125, 185, 48, 119, 57, 37, 49, 43, 93, 35, 48, 48, 48, 57, 41, 76, 51]

grid_scale: 0.3
resize_scale: 0.5
confiance: 0.7

random_seed: 1011
data_augmentation: True
samples: 130
