MAE: 13.592307692307692 [9, 12, 32, 20, 5, 5, 2, 16, 2, 6, 10, 2, 20, 15, 3, 3, 12, 14, 1, 8, 1, 4, 38, 200, 6, 4, 16, 4, 3, 23, 23, 12, 0, 10, 38, 16, 8, 2, 3, 21, 17, 11, 16, 1, 3, 10, 4, 20, 14, 13, 4, 11, 0, 4, 3, 1, 7, 3, 19, 1, 38, 6, 1, 20, 37, 8, 17, 70, 9, 12, 9, 5, 8, 3, 1, 0, 21, 3, 7, 3, 197, 8, 5, 32, 27, 7, 10, 5, 16, 9, 5, 8, 6, 6, 20, 24, 44, 13, 4, 4, 7, 6, 24, 7, 11, 3, 2, 8, 30, 3, 4, 18, 1, 3, 20, 9, 1, 11, 1, 7, 13, 8, 6, 8, 11, 11, 4, 6, 5, 0]
MAPE: 22.925584551442327 [19.565217391304348, 5.0, 34.40860215053764, 14.705882352941178, 6.8493150684931505, 13.157894736842104, 4.3478260869565215, 15.686274509803921, 3.7037037037037033, 7.142857142857142, 7.462686567164178, 6.896551724137931, 66.66666666666666, 27.77777777777778, 5.357142857142857, 11.538461538461538, 4.477611940298507, 17.72151898734177, 0.5780346820809248, 13.793103448275861, 1.0416666666666665, 4.938271604938271, 30.158730158730158, 408.16326530612247, 6.315789473684211, 15.384615384615385, 13.008130081300814, 9.30232558139535, 1.7857142857142856, 11.386138613861387, 20.175438596491226, 12.5, 0.0, 16.39344262295082, 16.23931623931624, 25.0, 11.76470588235294, 6.666666666666667, 5.172413793103448, 44.680851063829785, 42.5, 8.661417322834646, 19.753086419753085, 2.0408163265306123, 9.375, 14.492753623188406, 8.695652173913043, 34.48275862068966, 16.867469879518072, 10.655737704918032, 9.090909090909092, 10.784313725490197, 0.0, 17.391304347826086, 6.122448979591836, 5.263157894736842, 7.142857142857142, 3.9473684210526314, 34.54545454545455, 1.0309278350515463, 13.571428571428571, 12.0, 0.6756756756756757, 21.052631578947366, 29.838709677419356, 25.806451612903224, 22.666666666666664, 33.0188679245283, 7.5, 25.0, 4.433497536945813, 4.545454545454546, 10.38961038961039, 10.0, 2.564102564102564, 0.0, 53.84615384615385, 1.7964071856287425, 12.068965517241379, 6.382978723404255, 480.4878048780488, 25.0, 4.132231404958678, 24.427480916030532, 10.26615969581749, 9.45945945945946, 7.246376811594203, 5.208333333333334, 88.88888888888889, 13.846153846153847, 11.627906976744185, 17.391304347826086, 8.333333333333332, 7.142857142857142, 18.69158878504673, 39.34426229508197, 275.0, 13.131313131313133, 5.128205128205128, 3.5398230088495577, 12.5, 6.0, 82.75862068965517, 4.166666666666666, 6.58682634730539, 8.333333333333332, 7.6923076923076925, 17.02127659574468, 25.423728813559322, 3.296703296703297, 6.153846153846154, 8.071748878923767, 1.3157894736842104, 2.4, 10.81081081081081, 18.75, 0.8403361344537815, 19.298245614035086, 2.7027027027027026, 14.285714285714285, 30.23255813953488, 8.60215053763441, 17.142857142857142, 16.666666666666664, 22.916666666666664, 22.916666666666664, 7.017543859649122, 14.634146341463413, 6.578947368421052, 0.0]
RMSE: 28.813591878193126 [81, 144, 1024, 400, 25, 25, 4, 256, 4, 36, 100, 4, 400, 225, 9, 9, 144, 196, 1, 64, 1, 16, 1444, 40000, 36, 16, 256, 16, 9, 529, 529, 144, 0, 100, 1444, 256, 64, 4, 9, 441, 289, 121, 256, 1, 9, 100, 16, 400, 196, 169, 16, 121, 0, 16, 9, 1, 49, 9, 361, 1, 1444, 36, 1, 400, 1369, 64, 289, 4900, 81, 144, 81, 25, 64, 9, 1, 0, 441, 9, 49, 9, 38809, 64, 25, 1024, 729, 49, 100, 25, 256, 81, 25, 64, 36, 36, 400, 576, 1936, 169, 16, 16, 49, 36, 576, 49, 121, 9, 4, 64, 900, 9, 16, 324, 1, 9, 400, 81, 1, 121, 1, 49, 169, 64, 36, 64, 121, 121, 16, 36, 25, 0]

pred: 11822 [55, 228, 61, 116, 78, 43, 44, 118, 56, 90, 124, 27, 10, 69, 59, 29, 280, 65, 174, 66, 97, 85, 164, 249, 89, 30, 107, 39, 171, 179, 91, 84, 93, 71, 272, 80, 76, 28, 55, 68, 57, 116, 97, 50, 29, 59, 42, 78, 97, 109, 48, 91, 71, 27, 46, 18, 105, 73, 74, 96, 318, 44, 147, 115, 161, 39, 92, 282, 111, 60, 212, 115, 69, 27, 40, 26, 60, 164, 51, 44, 238, 24, 116, 163, 290, 67, 148, 91, 2, 56, 38, 54, 66, 90, 127, 85, 60, 86, 82, 109, 49, 106, 53, 175, 178, 39, 24, 39, 88, 88, 61, 205, 77, 122, 165, 57, 120, 68, 36, 56, 56, 85, 29, 56, 37, 59, 53, 47, 71, 51]
real: 11073 [46, 240, 93, 136, 73, 38, 46, 102, 54, 84, 134, 29, 30, 54, 56, 26, 268, 79, 173, 58, 96, 81, 126, 49, 95, 26, 123, 43, 168, 202, 114, 96, 93, 61, 234, 64, 68, 30, 58, 47, 40, 127, 81, 49, 32, 69, 46, 58, 83, 122, 44, 102, 71, 23, 49, 19, 98, 76, 55, 97, 280, 50, 148, 95, 124, 31, 75, 212, 120, 48, 203, 110, 77, 30, 39, 26, 39, 167, 58, 47, 41, 32, 121, 131, 263, 74, 138, 96, 18, 65, 43, 46, 72, 84, 107, 61, 16, 99, 78, 113, 56, 100, 29, 168, 167, 36, 26, 47, 118, 91, 65, 223, 76, 125, 185, 48, 119, 57, 37, 49, 43, 93, 35, 48, 48, 48, 57, 41, 76, 51]

grid_scale: 0.2
resize_scale: 0.5
confiance: 0.75

random_seed: 1011
data_augmentation: True
samples: 130
