MAE: 22.653846153846153 [8, 58, 14, 14, 15, 16, 13, 35, 0, 18, 8, 6, 8, 28, 11, 5, 56, 8, 18, 14, 0, 23, 64, 249, 5, 21, 1, 7, 22, 2, 9, 28, 8, 25, 93, 19, 29, 8, 6, 38, 26, 8, 37, 14, 14, 7, 0, 39, 19, 9, 10, 9, 21, 5, 3, 6, 15, 9, 45, 8, 93, 5, 6, 26, 69, 6, 62, 123, 2, 15, 58, 21, 3, 12, 7, 3, 25, 10, 6, 5, 284, 11, 3, 61, 52, 8, 31, 8, 12, 7, 0, 16, 14, 26, 26, 40, 22, 23, 9, 3, 5, 5, 64, 19, 20, 19, 5, 4, 21, 3, 1, 27, 19, 5, 1, 16, 13, 12, 13, 13, 23, 6, 1, 20, 1, 30, 6, 13, 21, 12]
MAPE: 35.16492681022253 [17.391304347826086, 24.166666666666668, 15.053763440860216, 10.294117647058822, 20.54794520547945, 42.10526315789473, 28.26086956521739, 34.31372549019608, 0.0, 21.428571428571427, 5.970149253731343, 20.689655172413794, 26.666666666666668, 51.85185185185185, 19.642857142857142, 19.230769230769234, 20.8955223880597, 10.126582278481013, 10.404624277456648, 24.137931034482758, 0.0, 28.39506172839506, 50.79365079365079, 508.16326530612247, 5.263157894736842, 80.76923076923077, 0.8130081300813009, 16.27906976744186, 13.095238095238097, 0.9900990099009901, 7.894736842105263, 29.166666666666668, 8.60215053763441, 40.98360655737705, 39.743589743589745, 29.6875, 42.64705882352941, 26.666666666666668, 10.344827586206897, 80.85106382978722, 65.0, 6.299212598425196, 45.67901234567901, 28.57142857142857, 43.75, 10.144927536231885, 0.0, 67.24137931034483, 22.89156626506024, 7.377049180327869, 22.727272727272727, 8.823529411764707, 29.577464788732392, 21.73913043478261, 6.122448979591836, 31.57894736842105, 15.306122448979592, 11.842105263157894, 81.81818181818183, 8.24742268041237, 33.214285714285715, 10.0, 4.054054054054054, 27.368421052631582, 55.64516129032258, 19.35483870967742, 82.66666666666667, 58.01886792452831, 1.6666666666666667, 31.25, 28.57142857142857, 19.090909090909093, 3.896103896103896, 40.0, 17.94871794871795, 11.538461538461538, 64.1025641025641, 5.9880239520958085, 10.344827586206897, 10.638297872340425, 692.6829268292682, 34.375, 2.479338842975207, 46.56488549618321, 19.771863117870723, 10.81081081081081, 22.463768115942027, 8.333333333333332, 66.66666666666666, 10.76923076923077, 0.0, 34.78260869565217, 19.444444444444446, 30.952380952380953, 24.299065420560748, 65.57377049180327, 137.5, 23.232323232323232, 11.538461538461538, 2.6548672566371683, 8.928571428571429, 5.0, 220.68965517241378, 11.30952380952381, 11.976047904191617, 52.77777777777778, 19.230769230769234, 8.51063829787234, 17.796610169491526, 3.296703296703297, 1.5384615384615385, 12.10762331838565, 25.0, 4.0, 0.5405405405405406, 33.33333333333333, 10.92436974789916, 21.052631578947366, 35.13513513513514, 26.53061224489796, 53.48837209302325, 6.451612903225806, 2.857142857142857, 41.66666666666667, 2.083333333333333, 62.5, 10.526315789473683, 31.70731707317073, 27.631578947368425, 23.52941176470588]
RMSE: 43.02405409499703 [64, 3364, 196, 196, 225, 256, 169, 1225, 0, 324, 64, 36, 64, 784, 121, 25, 3136, 64, 324, 196, 0, 529, 4096, 62001, 25, 441, 1, 49, 484, 4, 81, 784, 64, 625, 8649, 361, 841, 64, 36, 1444, 676, 64, 1369, 196, 196, 49, 0, 1521, 361, 81, 100, 81, 441, 25, 9, 36, 225, 81, 2025, 64, 8649, 25, 36, 676, 4761, 36, 3844, 15129, 4, 225, 3364, 441, 9, 144, 49, 9, 625, 100, 36, 25, 80656, 121, 9, 3721, 2704, 64, 961, 64, 144, 49, 0, 256, 196, 676, 676, 1600, 484, 529, 81, 9, 25, 25, 4096, 361, 400, 361, 25, 16, 441, 9, 1, 729, 361, 25, 1, 256, 169, 144, 169, 169, 529, 36, 1, 400, 1, 900, 36, 169, 441, 144]

pred: 13840 [54, 298, 79, 150, 88, 54, 59, 137, 54, 102, 142, 35, 22, 82, 67, 31, 324, 87, 191, 72, 96, 104, 190, 298, 100, 47, 122, 50, 190, 204, 105, 124, 101, 86, 327, 83, 97, 38, 64, 85, 66, 119, 118, 63, 46, 76, 46, 97, 102, 131, 54, 93, 92, 28, 52, 25, 113, 85, 100, 105, 373, 55, 154, 121, 193, 37, 137, 335, 122, 63, 261, 131, 80, 42, 46, 29, 64, 177, 64, 52, 325, 43, 124, 192, 315, 82, 169, 104, 6, 72, 43, 62, 86, 110, 133, 101, 38, 122, 87, 116, 61, 105, 93, 187, 187, 55, 31, 51, 97, 94, 64, 250, 95, 130, 186, 64, 132, 69, 50, 62, 66, 99, 36, 68, 49, 78, 51, 54, 97, 63]
real: 11073 [46, 240, 93, 136, 73, 38, 46, 102, 54, 84, 134, 29, 30, 54, 56, 26, 268, 79, 173, 58, 96, 81, 126, 49, 95, 26, 123, 43, 168, 202, 114, 96, 93, 61, 234, 64, 68, 30, 58, 47, 40, 127, 81, 49, 32, 69, 46, 58, 83, 122, 44, 102, 71, 23, 49, 19, 98, 76, 55, 97, 280, 50, 148, 95, 124, 31, 75, 212, 120, 48, 203, 110, 77, 30, 39, 26, 39, 167, 58, 47, 41, 32, 121, 131, 263, 74, 138, 96, 18, 65, 43, 46, 72, 84, 107, 61, 16, 99, 78, 113, 56, 100, 29, 168, 167, 36, 26, 47, 118, 91, 65, 223, 76, 125, 185, 48, 119, 57, 37, 49, 43, 93, 35, 48, 48, 48, 57, 41, 76, 51]

grid_scale: 0.2
resize_scale: 0.5
confiance: 0.5

random_seed: 1011
data_augmentation: True
samples: 130
