MAE: 9.776923076923078 [2, 11, 19, 12, 0, 4, 2, 18, 3, 19, 5, 3, 1, 9, 1, 3, 8, 7, 11, 15, 2, 3, 31, 54, 1, 0, 21, 1, 6, 28, 12, 12, 2, 1, 34, 5, 7, 2, 0, 4, 7, 21, 18, 0, 3, 1, 5, 3, 19, 8, 3, 15, 4, 1, 6, 2, 6, 2, 16, 6, 16, 5, 4, 9, 1, 3, 3, 68, 10, 8, 48, 6, 0, 3, 2, 7, 5, 20, 5, 3, 78, 2, 16, 51, 26, 0, 49, 16, 18, 4, 3, 1, 0, 5, 11, 7, 2, 6, 3, 12, 4, 7, 13, 10, 3, 2, 0, 5, 27, 5, 3, 4, 1, 9, 21, 9, 14, 4, 7, 9, 8, 5, 2, 3, 9, 9, 9, 2, 5, 1]
MAPE: 12.81939031241649 [4.3478260869565215, 4.583333333333333, 20.43010752688172, 8.823529411764707, 0.0, 10.526315789473683, 4.3478260869565215, 17.647058823529413, 5.555555555555555, 22.61904761904762, 3.731343283582089, 10.344827586206897, 3.3333333333333335, 16.666666666666664, 1.7857142857142856, 11.538461538461538, 2.9850746268656714, 8.860759493670885, 6.358381502890173, 25.862068965517242, 2.083333333333333, 3.7037037037037033, 24.6031746031746, 110.20408163265304, 1.0526315789473684, 0.0, 17.073170731707318, 2.3255813953488373, 3.571428571428571, 13.861386138613863, 10.526315789473683, 12.5, 2.1505376344086025, 1.639344262295082, 14.529914529914532, 7.8125, 10.294117647058822, 6.666666666666667, 0.0, 8.51063829787234, 17.5, 16.535433070866144, 22.22222222222222, 0.0, 9.375, 1.4492753623188406, 10.869565217391305, 5.172413793103448, 22.89156626506024, 6.557377049180328, 6.8181818181818175, 14.705882352941178, 5.633802816901409, 4.3478260869565215, 12.244897959183673, 10.526315789473683, 6.122448979591836, 2.631578947368421, 29.09090909090909, 6.185567010309279, 5.714285714285714, 10.0, 2.7027027027027026, 9.473684210526317, 0.8064516129032258, 9.67741935483871, 4.0, 32.075471698113205, 8.333333333333332, 16.666666666666664, 23.645320197044335, 5.454545454545454, 0.0, 10.0, 5.128205128205128, 26.923076923076923, 12.82051282051282, 11.976047904191617, 8.620689655172415, 6.382978723404255, 190.2439024390244, 6.25, 13.223140495867769, 38.93129770992366, 9.885931558935361, 0.0, 35.507246376811594, 16.666666666666664, 100.0, 6.153846153846154, 6.976744186046512, 2.1739130434782608, 0.0, 5.952380952380952, 10.2803738317757, 11.475409836065573, 12.5, 6.0606060606060606, 3.8461538461538463, 10.619469026548673, 7.142857142857142, 7.000000000000001, 44.827586206896555, 5.952380952380952, 1.7964071856287425, 5.555555555555555, 0.0, 10.638297872340425, 22.88135593220339, 5.4945054945054945, 4.615384615384616, 1.7937219730941705, 1.3157894736842104, 7.199999999999999, 11.351351351351353, 18.75, 11.76470588235294, 7.017543859649122, 18.91891891891892, 18.367346938775512, 18.6046511627907, 5.376344086021505, 5.714285714285714, 6.25, 18.75, 18.75, 15.789473684210526, 4.878048780487805, 6.578947368421052, 1.9607843137254901]
RMSE: 16.187602093530145 [4, 121, 361, 144, 0, 16, 4, 324, 9, 361, 25, 9, 1, 81, 1, 9, 64, 49, 121, 225, 4, 9, 961, 2916, 1, 0, 441, 1, 36, 784, 144, 144, 4, 1, 1156, 25, 49, 4, 0, 16, 49, 441, 324, 0, 9, 1, 25, 9, 361, 64, 9, 225, 16, 1, 36, 4, 36, 4, 256, 36, 256, 25, 16, 81, 1, 9, 9, 4624, 100, 64, 2304, 36, 0, 9, 4, 49, 25, 400, 25, 9, 6084, 4, 256, 2601, 676, 0, 2401, 256, 324, 16, 9, 1, 0, 25, 121, 49, 4, 36, 9, 144, 16, 49, 169, 100, 9, 4, 0, 25, 729, 25, 9, 16, 1, 81, 441, 81, 196, 16, 49, 81, 64, 25, 4, 9, 81, 81, 81, 4, 25, 1]

pred: 11546 [44, 251, 74, 124, 73, 34, 44, 120, 57, 103, 139, 32, 29, 63, 55, 29, 276, 72, 184, 73, 94, 78, 157, 103, 96, 26, 102, 42, 174, 174, 102, 84, 95, 62, 268, 69, 75, 32, 58, 51, 47, 106, 99, 49, 35, 68, 41, 61, 102, 114, 47, 87, 67, 22, 55, 21, 104, 78, 71, 91, 296, 55, 144, 104, 125, 34, 72, 280, 110, 56, 251, 104, 77, 33, 41, 19, 44, 187, 63, 44, 119, 30, 105, 182, 289, 74, 187, 80, 0, 61, 40, 47, 72, 89, 118, 68, 18, 93, 75, 101, 52, 93, 42, 158, 164, 38, 26, 42, 91, 86, 62, 227, 77, 116, 206, 57, 133, 61, 44, 58, 51, 88, 37, 51, 39, 57, 48, 39, 81, 52]
real: 11073 [46, 240, 93, 136, 73, 38, 46, 102, 54, 84, 134, 29, 30, 54, 56, 26, 268, 79, 173, 58, 96, 81, 126, 49, 95, 26, 123, 43, 168, 202, 114, 96, 93, 61, 234, 64, 68, 30, 58, 47, 40, 127, 81, 49, 32, 69, 46, 58, 83, 122, 44, 102, 71, 23, 49, 19, 98, 76, 55, 97, 280, 50, 148, 95, 124, 31, 75, 212, 120, 48, 203, 110, 77, 30, 39, 26, 39, 167, 58, 47, 41, 32, 121, 131, 263, 74, 138, 96, 18, 65, 43, 46, 72, 84, 107, 61, 16, 99, 78, 113, 56, 100, 29, 168, 167, 36, 26, 47, 118, 91, 65, 223, 76, 125, 185, 48, 119, 57, 37, 49, 43, 93, 35, 48, 48, 48, 57, 41, 76, 51]

grid_scale: 0.4
resize_scale: 0.5
confiance: 0.55

random_seed: 1011
data_augmentation: True
samples: 130
