MAE: 15.207692307692307 [11, 49, 61, 15, 4, 12, 0, 3, 4, 4, 16, 1, 4, 3, 2, 5, 58, 15, 9, 4, 12, 13, 26, 15, 18, 4, 37, 8, 17, 54, 31, 23, 21, 4, 56, 8, 6, 3, 7, 2, 1, 24, 1, 12, 3, 4, 10, 1, 9, 26, 2, 28, 9, 5, 18, 2, 4, 0, 1, 6, 47, 1, 32, 6, 11, 9, 1, 17, 38, 8, 25, 19, 1, 5, 4, 17, 1, 5, 6, 21, 17, 5, 34, 7, 64, 16, 0, 47, 17, 18, 11, 4, 5, 11, 8, 0, 0, 56, 34, 55, 5, 16, 7, 9, 10, 1, 12, 26, 76, 33, 11, 70, 7, 29, 37, 0, 38, 1, 2, 4, 3, 33, 10, 1, 26, 4, 4, 2, 5, 1]
MAPE: 17.629148592761055 [23.91304347826087, 20.416666666666668, 65.59139784946237, 11.029411764705882, 5.47945205479452, 31.57894736842105, 0.0, 2.941176470588235, 7.4074074074074066, 4.761904761904762, 11.940298507462686, 3.4482758620689653, 13.333333333333334, 5.555555555555555, 3.571428571428571, 19.230769230769234, 21.641791044776117, 18.9873417721519, 5.202312138728324, 6.896551724137931, 12.5, 16.049382716049383, 20.634920634920633, 30.612244897959183, 18.947368421052634, 15.384615384615385, 30.081300813008134, 18.6046511627907, 10.119047619047619, 26.732673267326735, 27.192982456140353, 23.958333333333336, 22.58064516129032, 6.557377049180328, 23.931623931623932, 12.5, 8.823529411764707, 10.0, 12.068965517241379, 4.25531914893617, 2.5, 18.89763779527559, 1.2345679012345678, 24.489795918367346, 9.375, 5.797101449275362, 21.73913043478261, 1.7241379310344827, 10.843373493975903, 21.311475409836063, 4.545454545454546, 27.450980392156865, 12.676056338028168, 21.73913043478261, 36.734693877551024, 10.526315789473683, 4.081632653061225, 0.0, 1.8181818181818181, 6.185567010309279, 16.785714285714285, 2.0, 21.62162162162162, 6.315789473684211, 8.870967741935484, 29.03225806451613, 1.3333333333333335, 8.018867924528301, 31.666666666666664, 16.666666666666664, 12.31527093596059, 17.272727272727273, 1.2987012987012987, 16.666666666666664, 10.256410256410255, 65.38461538461539, 2.564102564102564, 2.9940119760479043, 10.344827586206897, 44.680851063829785, 41.46341463414634, 15.625, 28.09917355371901, 5.343511450381679, 24.334600760456272, 21.62162162162162, 0.0, 48.95833333333333, 94.44444444444444, 27.692307692307693, 25.581395348837212, 8.695652173913043, 6.944444444444445, 13.095238095238097, 7.476635514018691, 0.0, 0.0, 56.56565656565656, 43.58974358974359, 48.67256637168141, 8.928571428571429, 16.0, 24.137931034482758, 5.357142857142857, 5.9880239520958085, 2.7777777777777777, 46.15384615384615, 55.319148936170215, 64.40677966101694, 36.26373626373626, 16.923076923076923, 31.390134529147986, 9.210526315789473, 23.200000000000003, 20.0, 0.0, 31.932773109243694, 1.7543859649122806, 5.405405405405405, 8.16326530612245, 6.976744186046512, 35.483870967741936, 28.57142857142857, 2.083333333333333, 54.166666666666664, 8.333333333333332, 7.017543859649122, 4.878048780487805, 6.578947368421052, 1.9607843137254901]
RMSE: 22.75437405119153 [121, 2401, 3721, 225, 16, 144, 0, 9, 16, 16, 256, 1, 16, 9, 4, 25, 3364, 225, 81, 16, 144, 169, 676, 225, 324, 16, 1369, 64, 289, 2916, 961, 529, 441, 16, 3136, 64, 36, 9, 49, 4, 1, 576, 1, 144, 9, 16, 100, 1, 81, 676, 4, 784, 81, 25, 324, 4, 16, 0, 1, 36, 2209, 1, 1024, 36, 121, 81, 1, 289, 1444, 64, 625, 361, 1, 25, 16, 289, 1, 25, 36, 441, 289, 25, 1156, 49, 4096, 256, 0, 2209, 289, 324, 121, 16, 25, 121, 64, 0, 0, 3136, 1156, 3025, 25, 256, 49, 81, 100, 1, 144, 676, 5776, 1089, 121, 4900, 49, 841, 1369, 0, 1444, 1, 4, 16, 9, 1089, 100, 1, 676, 16, 16, 4, 25, 1]

pred: 9298 [35, 191, 32, 121, 69, 26, 46, 105, 50, 88, 118, 28, 26, 57, 58, 21, 210, 64, 164, 54, 84, 68, 100, 64, 77, 22, 86, 35, 151, 148, 83, 73, 72, 57, 178, 56, 74, 27, 51, 45, 39, 103, 80, 37, 29, 65, 36, 57, 92, 96, 42, 74, 62, 18, 31, 21, 94, 76, 54, 103, 233, 49, 116, 101, 113, 22, 74, 195, 82, 40, 178, 91, 78, 25, 35, 9, 38, 162, 52, 26, 58, 27, 87, 124, 199, 58, 138, 49, 1, 47, 32, 50, 67, 73, 115, 61, 16, 43, 44, 58, 51, 84, 36, 159, 157, 37, 14, 21, 42, 58, 54, 153, 69, 96, 148, 48, 81, 56, 39, 53, 40, 60, 25, 49, 22, 44, 53, 39, 71, 50]
real: 11073 [46, 240, 93, 136, 73, 38, 46, 102, 54, 84, 134, 29, 30, 54, 56, 26, 268, 79, 173, 58, 96, 81, 126, 49, 95, 26, 123, 43, 168, 202, 114, 96, 93, 61, 234, 64, 68, 30, 58, 47, 40, 127, 81, 49, 32, 69, 46, 58, 83, 122, 44, 102, 71, 23, 49, 19, 98, 76, 55, 97, 280, 50, 148, 95, 124, 31, 75, 212, 120, 48, 203, 110, 77, 30, 39, 26, 39, 167, 58, 47, 41, 32, 121, 131, 263, 74, 138, 96, 18, 65, 43, 46, 72, 84, 107, 61, 16, 99, 78, 113, 56, 100, 29, 168, 167, 36, 26, 47, 118, 91, 65, 223, 76, 125, 185, 48, 119, 57, 37, 49, 43, 93, 35, 48, 48, 48, 57, 41, 76, 51]

grid_scale: 0.5
resize_scale: 0.5
confiance: 0.75

random_seed: 1011
data_augmentation: True
samples: 130
