MAE: 8.215384615384615 [1, 2, 8, 3, 3, 1, 1, 15, 1, 3, 2, 2, 2, 11, 0, 1, 21, 7, 4, 2, 6, 10, 28, 74, 1, 1, 14, 2, 6, 14, 16, 14, 6, 12, 12, 15, 13, 7, 1, 3, 5, 11, 12, 2, 6, 0, 1, 9, 6, 9, 3, 6, 4, 2, 0, 5, 13, 6, 16, 5, 38, 11, 6, 8, 5, 4, 12, 32, 5, 10, 9, 5, 3, 3, 5, 3, 13, 7, 1, 2, 108, 4, 6, 11, 18, 1, 4, 11, 16, 0, 4, 5, 0, 1, 6, 21, 5, 4, 5, 7, 4, 1, 16, 2, 3, 0, 4, 2, 24, 3, 4, 4, 5, 5, 8, 4, 6, 13, 4, 9, 13, 4, 3, 6, 12, 10, 7, 2, 4, 1]
MAPE: 13.130858081690565 [2.1739130434782608, 0.8333333333333334, 8.60215053763441, 2.2058823529411766, 4.10958904109589, 2.631578947368421, 2.1739130434782608, 14.705882352941178, 1.8518518518518516, 3.571428571428571, 1.4925373134328357, 6.896551724137931, 6.666666666666667, 20.37037037037037, 0.0, 3.8461538461538463, 7.835820895522389, 8.860759493670885, 2.312138728323699, 3.4482758620689653, 6.25, 12.345679012345679, 22.22222222222222, 151.0204081632653, 1.0526315789473684, 3.8461538461538463, 11.38211382113821, 4.651162790697675, 3.571428571428571, 6.9306930693069315, 14.035087719298245, 14.583333333333334, 6.451612903225806, 19.672131147540984, 5.128205128205128, 23.4375, 19.11764705882353, 23.333333333333332, 1.7241379310344827, 6.382978723404255, 12.5, 8.661417322834646, 14.814814814814813, 4.081632653061225, 18.75, 0.0, 2.1739130434782608, 15.517241379310345, 7.228915662650602, 7.377049180327869, 6.8181818181818175, 5.88235294117647, 5.633802816901409, 8.695652173913043, 0.0, 26.31578947368421, 13.26530612244898, 7.894736842105263, 29.09090909090909, 5.154639175257731, 13.571428571428571, 22.0, 4.054054054054054, 8.421052631578947, 4.032258064516129, 12.903225806451612, 16.0, 15.09433962264151, 4.166666666666666, 20.833333333333336, 4.433497536945813, 4.545454545454546, 3.896103896103896, 10.0, 12.82051282051282, 11.538461538461538, 33.33333333333333, 4.191616766467066, 1.7241379310344827, 4.25531914893617, 263.4146341463415, 12.5, 4.958677685950414, 8.396946564885496, 6.844106463878327, 1.3513513513513513, 2.898550724637681, 11.458333333333332, 88.88888888888889, 0.0, 9.30232558139535, 10.869565217391305, 0.0, 1.1904761904761905, 5.607476635514018, 34.42622950819672, 31.25, 4.040404040404041, 6.41025641025641, 6.1946902654867255, 7.142857142857142, 1.0, 55.172413793103445, 1.1904761904761905, 1.7964071856287425, 0.0, 15.384615384615385, 4.25531914893617, 20.33898305084746, 3.296703296703297, 6.153846153846154, 1.7937219730941705, 6.578947368421052, 4.0, 4.324324324324325, 8.333333333333332, 5.042016806722689, 22.807017543859647, 10.81081081081081, 18.367346938775512, 30.23255813953488, 4.301075268817205, 8.571428571428571, 12.5, 25.0, 20.833333333333336, 12.280701754385964, 4.878048780487805, 5.263157894736842, 1.9607843137254901]
RMSE: 14.832396974191326 [1, 4, 64, 9, 9, 1, 1, 225, 1, 9, 4, 4, 4, 121, 0, 1, 441, 49, 16, 4, 36, 100, 784, 5476, 1, 1, 196, 4, 36, 196, 256, 196, 36, 144, 144, 225, 169, 49, 1, 9, 25, 121, 144, 4, 36, 0, 1, 81, 36, 81, 9, 36, 16, 4, 0, 25, 169, 36, 256, 25, 1444, 121, 36, 64, 25, 16, 144, 1024, 25, 100, 81, 25, 9, 9, 25, 9, 169, 49, 1, 4, 11664, 16, 36, 121, 324, 1, 16, 121, 256, 0, 16, 25, 0, 1, 36, 441, 25, 16, 25, 49, 16, 1, 256, 4, 9, 0, 16, 4, 576, 9, 16, 16, 25, 25, 64, 16, 36, 169, 16, 81, 169, 16, 9, 36, 144, 100, 49, 4, 16, 1]

pred: 11507 [47, 242, 85, 139, 76, 39, 47, 117, 55, 81, 136, 31, 32, 65, 56, 27, 289, 86, 169, 60, 90, 91, 154, 123, 96, 27, 109, 45, 174, 188, 98, 82, 99, 73, 246, 79, 81, 37, 57, 50, 45, 116, 93, 47, 38, 69, 45, 67, 89, 113, 47, 96, 67, 25, 49, 24, 111, 82, 71, 102, 318, 61, 142, 103, 129, 35, 87, 244, 115, 58, 212, 115, 74, 33, 44, 23, 52, 160, 59, 45, 149, 28, 115, 142, 245, 75, 134, 85, 2, 65, 39, 51, 72, 83, 113, 82, 21, 95, 73, 106, 52, 101, 45, 170, 164, 36, 22, 45, 94, 88, 61, 219, 71, 120, 177, 52, 113, 70, 41, 58, 56, 89, 38, 54, 36, 58, 50, 39, 80, 50]
real: 11073 [46, 240, 93, 136, 73, 38, 46, 102, 54, 84, 134, 29, 30, 54, 56, 26, 268, 79, 173, 58, 96, 81, 126, 49, 95, 26, 123, 43, 168, 202, 114, 96, 93, 61, 234, 64, 68, 30, 58, 47, 40, 127, 81, 49, 32, 69, 46, 58, 83, 122, 44, 102, 71, 23, 49, 19, 98, 76, 55, 97, 280, 50, 148, 95, 124, 31, 75, 212, 120, 48, 203, 110, 77, 30, 39, 26, 39, 167, 58, 47, 41, 32, 121, 131, 263, 74, 138, 96, 18, 65, 43, 46, 72, 84, 107, 61, 16, 99, 78, 113, 56, 100, 29, 168, 167, 36, 26, 47, 118, 91, 65, 223, 76, 125, 185, 48, 119, 57, 37, 49, 43, 93, 35, 48, 48, 48, 57, 41, 76, 51]

grid_scale: 0.3
resize_scale: 0.5
confiance: 0.65

random_seed: 1011
data_augmentation: True
samples: 130
