MAE: 24.353846153846153 [3, 41, 29, 45, 16, 4, 3, 76, 22, 74, 22, 2, 2, 53, 15, 5, 62, 2, 84, 28, 36, 15, 33, 40, 49, 1, 9, 0, 78, 3, 25, 5, 36, 4, 124, 4, 9, 0, 7, 7, 13, 11, 19, 12, 7, 7, 2, 21, 69, 20, 1, 4, 4, 3, 1, 9, 54, 33, 21, 18, 35, 4, 45, 62, 16, 11, 12, 102, 0, 21, 111, 54, 17, 1, 1, 3, 27, 63, 8, 21, 75, 1, 20, 110, 57, 6, 113, 21, 18, 7, 2, 9, 4, 21, 65, 10, 14, 7, 5, 18, 24, 33, 8, 68, 57, 12, 7, 6, 51, 8, 8, 6, 8, 30, 21, 20, 43, 7, 2, 21, 7, 9, 1, 30, 12, 8, 12, 7, 32, 9]
MAPE: 28.13771406575294 [6.521739130434782, 17.083333333333332, 31.182795698924732, 33.088235294117645, 21.91780821917808, 10.526315789473683, 6.521739130434782, 74.50980392156863, 40.74074074074074, 88.09523809523809, 16.417910447761194, 6.896551724137931, 6.666666666666667, 98.14814814814815, 26.785714285714285, 19.230769230769234, 23.134328358208954, 2.5316455696202533, 48.554913294797686, 48.275862068965516, 37.5, 18.51851851851852, 26.190476190476193, 81.63265306122449, 51.578947368421055, 3.8461538461538463, 7.317073170731707, 0.0, 46.42857142857143, 1.4851485148514851, 21.929824561403507, 5.208333333333334, 38.70967741935484, 6.557377049180328, 52.991452991452995, 6.25, 13.23529411764706, 0.0, 12.068965517241379, 14.893617021276595, 32.5, 8.661417322834646, 23.456790123456788, 24.489795918367346, 21.875, 10.144927536231885, 4.3478260869565215, 36.206896551724135, 83.13253012048193, 16.39344262295082, 2.272727272727273, 3.9215686274509802, 5.633802816901409, 13.043478260869565, 2.0408163265306123, 47.368421052631575, 55.10204081632652, 43.42105263157895, 38.18181818181819, 18.556701030927837, 12.5, 8.0, 30.405405405405407, 65.26315789473685, 12.903225806451612, 35.483870967741936, 16.0, 48.113207547169814, 0.0, 43.75, 54.679802955665025, 49.09090909090909, 22.07792207792208, 3.3333333333333335, 2.564102564102564, 11.538461538461538, 69.23076923076923, 37.72455089820359, 13.793103448275861, 44.680851063829785, 182.9268292682927, 3.125, 16.528925619834713, 83.96946564885496, 21.673003802281368, 8.108108108108109, 81.88405797101449, 21.875, 100.0, 10.76923076923077, 4.651162790697675, 19.565217391304348, 5.555555555555555, 25.0, 60.747663551401864, 16.39344262295082, 87.5, 7.07070707070707, 6.41025641025641, 15.929203539823009, 42.857142857142854, 33.0, 27.586206896551722, 40.476190476190474, 34.13173652694611, 33.33333333333333, 26.923076923076923, 12.76595744680851, 43.22033898305085, 8.791208791208792, 12.307692307692308, 2.690582959641256, 10.526315789473683, 24.0, 11.351351351351353, 41.66666666666667, 36.134453781512605, 12.280701754385964, 5.405405405405405, 42.857142857142854, 16.27906976744186, 9.67741935483871, 2.857142857142857, 62.5, 25.0, 16.666666666666664, 21.052631578947366, 17.073170731707318, 42.10526315789473, 17.647058823529413]
RMSE: 36.42442122448154 [9, 1681, 841, 2025, 256, 16, 9, 5776, 484, 5476, 484, 4, 4, 2809, 225, 25, 3844, 4, 7056, 784, 1296, 225, 1089, 1600, 2401, 1, 81, 0, 6084, 9, 625, 25, 1296, 16, 15376, 16, 81, 0, 49, 49, 169, 121, 361, 144, 49, 49, 4, 441, 4761, 400, 1, 16, 16, 9, 1, 81, 2916, 1089, 441, 324, 1225, 16, 2025, 3844, 256, 121, 144, 10404, 0, 441, 12321, 2916, 289, 1, 1, 9, 729, 3969, 64, 441, 5625, 1, 400, 12100, 3249, 36, 12769, 441, 324, 49, 4, 81, 16, 441, 4225, 100, 196, 49, 25, 324, 576, 1089, 64, 4624, 3249, 144, 49, 36, 2601, 64, 64, 36, 64, 900, 441, 400, 1849, 49, 4, 441, 49, 81, 1, 900, 144, 64, 144, 49, 1024, 81]

pred: 13869 [49, 281, 64, 181, 89, 42, 49, 178, 76, 158, 156, 31, 32, 107, 71, 31, 330, 81, 257, 86, 132, 96, 159, 89, 144, 27, 132, 43, 246, 199, 139, 101, 129, 65, 358, 60, 77, 30, 65, 54, 53, 138, 100, 61, 39, 76, 44, 79, 152, 142, 45, 106, 75, 26, 50, 28, 152, 109, 76, 115, 315, 54, 193, 157, 140, 42, 87, 314, 120, 69, 314, 164, 94, 31, 40, 23, 66, 230, 66, 68, 116, 33, 141, 241, 320, 80, 251, 75, 0, 58, 41, 55, 76, 105, 172, 71, 30, 106, 73, 131, 80, 133, 37, 236, 224, 48, 19, 41, 67, 99, 73, 217, 84, 155, 206, 68, 162, 64, 39, 70, 50, 84, 36, 78, 36, 56, 69, 48, 108, 60]
real: 11073 [46, 240, 93, 136, 73, 38, 46, 102, 54, 84, 134, 29, 30, 54, 56, 26, 268, 79, 173, 58, 96, 81, 126, 49, 95, 26, 123, 43, 168, 202, 114, 96, 93, 61, 234, 64, 68, 30, 58, 47, 40, 127, 81, 49, 32, 69, 46, 58, 83, 122, 44, 102, 71, 23, 49, 19, 98, 76, 55, 97, 280, 50, 148, 95, 124, 31, 75, 212, 120, 48, 203, 110, 77, 30, 39, 26, 39, 167, 58, 47, 41, 32, 121, 131, 263, 74, 138, 96, 18, 65, 43, 46, 72, 84, 107, 61, 16, 99, 78, 113, 56, 100, 29, 168, 167, 36, 26, 47, 118, 91, 65, 223, 76, 125, 185, 48, 119, 57, 37, 49, 43, 93, 35, 48, 48, 48, 57, 41, 76, 51]

grid_scale: 0.5
resize_scale: 0.5
confiance: 0.4

random_seed: 1011
data_augmentation: True
samples: 130
