MAE: 5.876923076923077 [0, 15, 9, 2, 3, 14, 0, 4, 5, 4, 6, 1, 1, 2, 2, 0, 7, 3, 13, 4, 22, 5, 13, 3, 29, 2, 11, 0, 4, 20, 55, 3, 28, 3, 9, 9, 1, 0, 1, 1, 1, 3, 1, 1, 0, 0, 10, 4, 1, 6, 0, 9, 2, 2, 1, 1, 1, 4, 7, 2, 11, 1, 13, 0, 5, 2, 2, 2, 5, 4, 17, 13, 9, 3, 2, 6, 0, 10, 8, 6, 7, 1, 1, 17, 10, 3, 7, 3, 18, 2, 1, 4, 3, 7, 1, 6, 1, 5, 8, 4, 1, 3, 3, 16, 2, 0, 0, 4, 44, 1, 1, 13, 3, 7, 26, 1, 5, 4, 3, 0, 5, 2, 1, 0, 9, 1, 1, 1, 6, 3]
MAPE: 7.376046092280241 [0.0, 6.25, 9.67741935483871, 1.4705882352941175, 4.10958904109589, 36.84210526315789, 0.0, 3.9215686274509802, 9.25925925925926, 4.761904761904762, 4.477611940298507, 3.4482758620689653, 3.3333333333333335, 3.7037037037037033, 3.571428571428571, 0.0, 2.6119402985074625, 3.79746835443038, 7.514450867052023, 6.896551724137931, 22.916666666666664, 6.172839506172839, 10.317460317460316, 6.122448979591836, 30.526315789473685, 7.6923076923076925, 8.94308943089431, 0.0, 2.380952380952381, 9.900990099009901, 48.24561403508772, 3.125, 30.107526881720432, 4.918032786885246, 3.8461538461538463, 14.0625, 1.4705882352941175, 0.0, 1.7241379310344827, 2.127659574468085, 2.5, 2.3622047244094486, 1.2345679012345678, 2.0408163265306123, 0.0, 0.0, 21.73913043478261, 6.896551724137931, 1.2048192771084338, 4.918032786885246, 0.0, 8.823529411764707, 2.8169014084507045, 8.695652173913043, 2.0408163265306123, 5.263157894736842, 1.0204081632653061, 5.263157894736842, 12.727272727272727, 2.0618556701030926, 3.9285714285714284, 2.0, 8.783783783783784, 0.0, 4.032258064516129, 6.451612903225806, 2.666666666666667, 0.9433962264150944, 4.166666666666666, 8.333333333333332, 8.374384236453201, 11.818181818181818, 11.688311688311687, 10.0, 5.128205128205128, 23.076923076923077, 0.0, 5.9880239520958085, 13.793103448275861, 12.76595744680851, 17.073170731707318, 3.125, 0.8264462809917356, 12.977099236641221, 3.802281368821293, 4.054054054054054, 5.072463768115942, 3.125, 100.0, 3.076923076923077, 2.3255813953488373, 8.695652173913043, 4.166666666666666, 8.333333333333332, 0.9345794392523363, 9.836065573770492, 6.25, 5.05050505050505, 10.256410256410255, 3.5398230088495577, 1.7857142857142856, 3.0, 10.344827586206897, 9.523809523809524, 1.1976047904191618, 0.0, 0.0, 8.51063829787234, 37.28813559322034, 1.098901098901099, 1.5384615384615385, 5.829596412556054, 3.9473684210526314, 5.6000000000000005, 14.054054054054054, 2.083333333333333, 4.201680672268908, 7.017543859649122, 8.108108108108109, 0.0, 11.627906976744185, 2.1505376344086025, 2.857142857142857, 0.0, 18.75, 2.083333333333333, 1.7543859649122806, 2.4390243902439024, 7.894736842105263, 5.88235294117647]
RMSE: 9.924329080210294 [0, 225, 81, 4, 9, 196, 0, 16, 25, 16, 36, 1, 1, 4, 4, 0, 49, 9, 169, 16, 484, 25, 169, 9, 841, 4, 121, 0, 16, 400, 3025, 9, 784, 9, 81, 81, 1, 0, 1, 1, 1, 9, 1, 1, 0, 0, 100, 16, 1, 36, 0, 81, 4, 4, 1, 1, 1, 16, 49, 4, 121, 1, 169, 0, 25, 4, 4, 4, 25, 16, 289, 169, 81, 9, 4, 36, 0, 100, 64, 36, 49, 1, 1, 289, 100, 9, 49, 9, 324, 4, 1, 16, 9, 49, 1, 36, 1, 25, 64, 16, 1, 9, 9, 256, 4, 0, 0, 16, 1936, 1, 1, 169, 9, 49, 676, 1, 25, 16, 9, 0, 25, 4, 1, 0, 81, 1, 1, 1, 36, 9]

pred: 10457 [46, 225, 84, 134, 76, 24, 46, 106, 49, 80, 128, 30, 29, 56, 58, 26, 261, 76, 160, 54, 74, 76, 113, 52, 66, 24, 112, 43, 164, 182, 59, 93, 65, 64, 225, 73, 69, 30, 57, 48, 41, 124, 82, 48, 32, 69, 36, 62, 82, 116, 44, 93, 69, 21, 50, 20, 97, 72, 48, 99, 291, 49, 135, 95, 119, 29, 73, 210, 115, 44, 186, 97, 68, 27, 37, 20, 39, 157, 50, 41, 34, 31, 122, 114, 253, 71, 131, 93, 0, 67, 42, 42, 75, 77, 106, 67, 17, 94, 70, 109, 55, 97, 32, 152, 165, 36, 26, 43, 74, 92, 64, 210, 73, 118, 159, 49, 114, 53, 34, 49, 48, 91, 34, 48, 39, 47, 56, 42, 70, 48]
real: 11073 [46, 240, 93, 136, 73, 38, 46, 102, 54, 84, 134, 29, 30, 54, 56, 26, 268, 79, 173, 58, 96, 81, 126, 49, 95, 26, 123, 43, 168, 202, 114, 96, 93, 61, 234, 64, 68, 30, 58, 47, 40, 127, 81, 49, 32, 69, 46, 58, 83, 122, 44, 102, 71, 23, 49, 19, 98, 76, 55, 97, 280, 50, 148, 95, 124, 31, 75, 212, 120, 48, 203, 110, 77, 30, 39, 26, 39, 167, 58, 47, 41, 32, 121, 131, 263, 74, 138, 96, 18, 65, 43, 46, 72, 84, 107, 61, 16, 99, 78, 113, 56, 100, 29, 168, 167, 36, 26, 47, 118, 91, 65, 223, 76, 125, 185, 48, 119, 57, 37, 49, 43, 93, 35, 48, 48, 48, 57, 41, 76, 51]

grid_scale: 0.3
resize_scale: 0.5
confiance: 0.5

random_seed: 1011
data_augmentation: True
samples: 130
