MAE: 6.138461538461539 [5, 9, 3, 1, 3, 15, 1, 4, 4, 1, 3, 3, 3, 3, 3, 0, 6, 4, 14, 5, 27, 0, 15, 1, 16, 1, 7, 0, 11, 19, 35, 2, 25, 3, 9, 5, 8, 1, 0, 4, 0, 12, 2, 3, 0, 1, 9, 5, 0, 9, 1, 13, 6, 3, 1, 2, 7, 3, 6, 1, 19, 1, 4, 1, 10, 2, 3, 5, 4, 7, 11, 16, 6, 4, 7, 6, 1, 16, 4, 10, 15, 1, 6, 24, 1, 2, 10, 1, 18, 8, 4, 3, 4, 7, 0, 3, 1, 12, 4, 2, 4, 4, 1, 1, 3, 1, 5, 14, 47, 1, 4, 9, 5, 6, 14, 0, 5, 2, 4, 4, 5, 5, 1, 0, 13, 1, 3, 4, 5, 1]
MAPE: 8.49412884802723 [10.869565217391305, 3.75, 3.225806451612903, 0.7352941176470588, 4.10958904109589, 39.473684210526315, 2.1739130434782608, 3.9215686274509802, 7.4074074074074066, 1.1904761904761905, 2.2388059701492535, 10.344827586206897, 10.0, 5.555555555555555, 5.357142857142857, 0.0, 2.2388059701492535, 5.063291139240507, 8.092485549132949, 8.620689655172415, 28.125, 0.0, 11.904761904761903, 2.0408163265306123, 16.842105263157894, 3.8461538461538463, 5.691056910569105, 0.0, 6.547619047619048, 9.405940594059405, 30.701754385964914, 2.083333333333333, 26.881720430107524, 4.918032786885246, 3.8461538461538463, 7.8125, 11.76470588235294, 3.3333333333333335, 0.0, 8.51063829787234, 0.0, 9.448818897637794, 2.4691358024691357, 6.122448979591836, 0.0, 1.4492753623188406, 19.565217391304348, 8.620689655172415, 0.0, 7.377049180327869, 2.272727272727273, 12.745098039215685, 8.450704225352112, 13.043478260869565, 2.0408163265306123, 10.526315789473683, 7.142857142857142, 3.9473684210526314, 10.909090909090908, 1.0309278350515463, 6.785714285714286, 2.0, 2.7027027027027026, 1.0526315789473684, 8.064516129032258, 6.451612903225806, 4.0, 2.358490566037736, 3.3333333333333335, 14.583333333333334, 5.41871921182266, 14.545454545454545, 7.792207792207792, 13.333333333333334, 17.94871794871795, 23.076923076923077, 2.564102564102564, 9.580838323353294, 6.896551724137931, 21.27659574468085, 36.58536585365854, 3.125, 4.958677685950414, 18.3206106870229, 0.38022813688212925, 2.7027027027027026, 7.246376811594203, 1.0416666666666665, 100.0, 12.307692307692308, 9.30232558139535, 6.521739130434782, 5.555555555555555, 8.333333333333332, 0.0, 4.918032786885246, 6.25, 12.121212121212121, 5.128205128205128, 1.7699115044247788, 7.142857142857142, 4.0, 3.4482758620689653, 0.5952380952380952, 1.7964071856287425, 2.7777777777777777, 19.230769230769234, 29.78723404255319, 39.83050847457627, 1.098901098901099, 6.153846153846154, 4.0358744394618835, 6.578947368421052, 4.8, 7.567567567567568, 0.0, 4.201680672268908, 3.508771929824561, 10.81081081081081, 8.16326530612245, 11.627906976744185, 5.376344086021505, 2.857142857142857, 0.0, 27.083333333333332, 2.083333333333333, 5.263157894736842, 9.75609756097561, 6.578947368421052, 1.9607843137254901]
RMSE: 9.357021222261183 [25, 81, 9, 1, 9, 225, 1, 16, 16, 1, 9, 9, 9, 9, 9, 0, 36, 16, 196, 25, 729, 0, 225, 1, 256, 1, 49, 0, 121, 361, 1225, 4, 625, 9, 81, 25, 64, 1, 0, 16, 0, 144, 4, 9, 0, 1, 81, 25, 0, 81, 1, 169, 36, 9, 1, 4, 49, 9, 36, 1, 361, 1, 16, 1, 100, 4, 9, 25, 16, 49, 121, 256, 36, 16, 49, 36, 1, 256, 16, 100, 225, 1, 36, 576, 1, 4, 100, 1, 324, 64, 16, 9, 16, 49, 0, 9, 1, 144, 16, 4, 16, 16, 1, 1, 9, 1, 25, 196, 2209, 1, 16, 81, 25, 36, 196, 0, 25, 4, 16, 16, 25, 25, 1, 0, 169, 1, 9, 16, 25, 1]

pred: 10407 [41, 231, 90, 135, 76, 23, 45, 106, 50, 85, 131, 26, 27, 51, 59, 26, 262, 75, 159, 53, 69, 81, 111, 50, 79, 27, 116, 43, 157, 183, 79, 94, 68, 64, 225, 69, 60, 31, 58, 43, 40, 115, 83, 46, 32, 70, 37, 63, 83, 113, 43, 89, 65, 20, 50, 21, 91, 73, 49, 98, 299, 49, 144, 96, 114, 29, 72, 207, 116, 41, 192, 94, 71, 26, 32, 20, 38, 151, 54, 37, 26, 33, 115, 107, 262, 72, 128, 95, 0, 57, 39, 43, 76, 77, 107, 58, 15, 87, 74, 111, 52, 96, 30, 167, 164, 35, 21, 33, 71, 90, 61, 214, 71, 119, 171, 48, 114, 55, 33, 45, 48, 88, 34, 48, 35, 49, 54, 37, 71, 50]
real: 11073 [46, 240, 93, 136, 73, 38, 46, 102, 54, 84, 134, 29, 30, 54, 56, 26, 268, 79, 173, 58, 96, 81, 126, 49, 95, 26, 123, 43, 168, 202, 114, 96, 93, 61, 234, 64, 68, 30, 58, 47, 40, 127, 81, 49, 32, 69, 46, 58, 83, 122, 44, 102, 71, 23, 49, 19, 98, 76, 55, 97, 280, 50, 148, 95, 124, 31, 75, 212, 120, 48, 203, 110, 77, 30, 39, 26, 39, 167, 58, 47, 41, 32, 121, 131, 263, 74, 138, 96, 18, 65, 43, 46, 72, 84, 107, 61, 16, 99, 78, 113, 56, 100, 29, 168, 167, 36, 26, 47, 118, 91, 65, 223, 76, 125, 185, 48, 119, 57, 37, 49, 43, 93, 35, 48, 48, 48, 57, 41, 76, 51]

grid_scale: 0.4
resize_scale: 0.5
confiance: 0.5

random_seed: 1011
data_augmentation: True
samples: 130
