MAE: 4.907692307692308 [2, 8, 5, 8, 2, 14, 0, 1, 4, 1, 4, 3, 0, 0, 2, 1, 7, 8, 4, 4, 16, 3, 10, 1, 17, 0, 9, 1, 5, 20, 39, 3, 15, 2, 6, 11, 3, 0, 2, 3, 2, 4, 1, 1, 6, 1, 7, 6, 3, 2, 1, 5, 4, 3, 2, 1, 1, 2, 8, 1, 20, 0, 5, 0, 5, 2, 0, 6, 2, 8, 16, 6, 4, 2, 7, 4, 2, 3, 3, 8, 2, 2, 0, 17, 3, 2, 0, 1, 18, 4, 2, 4, 1, 6, 3, 3, 1, 12, 2, 1, 1, 3, 2, 5, 4, 1, 1, 9, 31, 1, 2, 15, 1, 4, 21, 0, 5, 2, 2, 1, 4, 1, 2, 3, 13, 3, 2, 2, 3, 2]
MAPE: 6.834597744258957 [4.3478260869565215, 3.3333333333333335, 5.376344086021505, 5.88235294117647, 2.73972602739726, 36.84210526315789, 0.0, 0.9803921568627451, 7.4074074074074066, 1.1904761904761905, 2.9850746268656714, 10.344827586206897, 0.0, 0.0, 3.571428571428571, 3.8461538461538463, 2.6119402985074625, 10.126582278481013, 2.312138728323699, 6.896551724137931, 16.666666666666664, 3.7037037037037033, 7.936507936507936, 2.0408163265306123, 17.894736842105264, 0.0, 7.317073170731707, 2.3255813953488373, 2.976190476190476, 9.900990099009901, 34.21052631578947, 3.125, 16.129032258064516, 3.278688524590164, 2.564102564102564, 17.1875, 4.411764705882353, 0.0, 3.4482758620689653, 6.382978723404255, 5.0, 3.149606299212598, 1.2345679012345678, 2.0408163265306123, 18.75, 1.4492753623188406, 15.217391304347828, 10.344827586206897, 3.614457831325301, 1.639344262295082, 2.272727272727273, 4.901960784313726, 5.633802816901409, 13.043478260869565, 4.081632653061225, 5.263157894736842, 1.0204081632653061, 2.631578947368421, 14.545454545454545, 1.0309278350515463, 7.142857142857142, 0.0, 3.3783783783783785, 0.0, 4.032258064516129, 6.451612903225806, 0.0, 2.8301886792452833, 1.6666666666666667, 16.666666666666664, 7.8817733990147785, 5.454545454545454, 5.194805194805195, 6.666666666666667, 17.94871794871795, 15.384615384615385, 5.128205128205128, 1.7964071856287425, 5.172413793103448, 17.02127659574468, 4.878048780487805, 6.25, 0.0, 12.977099236641221, 1.1406844106463878, 2.7027027027027026, 0.0, 1.0416666666666665, 100.0, 6.153846153846154, 4.651162790697675, 8.695652173913043, 1.3888888888888888, 7.142857142857142, 2.803738317757009, 4.918032786885246, 6.25, 12.121212121212121, 2.564102564102564, 0.8849557522123894, 1.7857142857142856, 3.0, 6.896551724137931, 2.976190476190476, 2.3952095808383236, 2.7777777777777777, 3.8461538461538463, 19.148936170212767, 26.27118644067797, 1.098901098901099, 3.076923076923077, 6.726457399103139, 1.3157894736842104, 3.2, 11.351351351351353, 0.0, 4.201680672268908, 3.508771929824561, 5.405405405405405, 2.0408163265306123, 9.30232558139535, 1.0752688172043012, 5.714285714285714, 6.25, 27.083333333333332, 6.25, 3.508771929824561, 4.878048780487805, 3.9473684210526314, 3.9215686274509802]
RMSE: 7.785588263926151 [4, 64, 25, 64, 4, 196, 0, 1, 16, 1, 16, 9, 0, 0, 4, 1, 49, 64, 16, 16, 256, 9, 100, 1, 289, 0, 81, 1, 25, 400, 1521, 9, 225, 4, 36, 121, 9, 0, 4, 9, 4, 16, 1, 1, 36, 1, 49, 36, 9, 4, 1, 25, 16, 9, 4, 1, 1, 4, 64, 1, 400, 0, 25, 0, 25, 4, 0, 36, 4, 64, 256, 36, 16, 4, 49, 16, 4, 9, 9, 64, 4, 4, 0, 289, 9, 4, 0, 1, 324, 16, 4, 16, 1, 36, 9, 9, 1, 144, 4, 1, 1, 9, 4, 25, 16, 1, 1, 81, 961, 1, 4, 225, 1, 16, 441, 0, 25, 4, 4, 1, 16, 1, 4, 9, 169, 9, 4, 4, 9, 4]

pred: 10647 [44, 232, 88, 128, 75, 24, 46, 103, 50, 85, 130, 26, 30, 54, 58, 27, 261, 87, 169, 54, 80, 78, 116, 48, 78, 26, 114, 42, 163, 182, 75, 93, 78, 63, 228, 75, 65, 30, 60, 50, 42, 123, 80, 48, 26, 70, 39, 64, 86, 120, 45, 97, 75, 20, 51, 20, 99, 74, 47, 96, 300, 50, 143, 95, 119, 29, 75, 206, 118, 40, 187, 104, 73, 28, 32, 22, 37, 164, 55, 39, 39, 34, 121, 114, 260, 76, 138, 95, 0, 69, 41, 42, 73, 78, 104, 64, 15, 87, 76, 114, 55, 97, 31, 163, 171, 35, 27, 38, 87, 92, 63, 208, 75, 121, 164, 48, 114, 55, 35, 50, 47, 92, 33, 51, 35, 51, 55, 39, 73, 49]
real: 11073 [46, 240, 93, 136, 73, 38, 46, 102, 54, 84, 134, 29, 30, 54, 56, 26, 268, 79, 173, 58, 96, 81, 126, 49, 95, 26, 123, 43, 168, 202, 114, 96, 93, 61, 234, 64, 68, 30, 58, 47, 40, 127, 81, 49, 32, 69, 46, 58, 83, 122, 44, 102, 71, 23, 49, 19, 98, 76, 55, 97, 280, 50, 148, 95, 124, 31, 75, 212, 120, 48, 203, 110, 77, 30, 39, 26, 39, 167, 58, 47, 41, 32, 121, 131, 263, 74, 138, 96, 18, 65, 43, 46, 72, 84, 107, 61, 16, 99, 78, 113, 56, 100, 29, 168, 167, 36, 26, 47, 118, 91, 65, 223, 76, 125, 185, 48, 119, 57, 37, 49, 43, 93, 35, 48, 48, 48, 57, 41, 76, 51]

grid_scale: 0.4
resize_scale: 0.5
confiance: 0.45

random_seed: 1011
data_augmentation: True
samples: 130
