MAE: 4.092307692307692 [3, 5, 1, 4, 5, 13, 2, 8, 2, 3, 4, 0, 0, 2, 4, 2, 29, 7, 4, 1, 2, 6, 8, 4, 2, 0, 1, 4, 1, 4, 2, 3, 1, 4, 17, 12, 9, 4, 2, 1, 5, 7, 10, 1, 2, 3, 3, 6, 3, 3, 2, 2, 0, 2, 10, 3, 2, 3, 6, 3, 32, 1, 1, 5, 3, 2, 3, 8, 1, 2, 4, 9, 3, 1, 0, 1, 3, 1, 0, 7, 1, 4, 2, 7, 12, 2, 4, 2, 12, 3, 1, 4, 6, 1, 0, 3, 2, 2, 1, 5, 8, 2, 9, 1, 6, 0, 3, 0, 13, 8, 1, 5, 1, 1, 4, 5, 0, 3, 1, 3, 2, 7, 0, 4, 4, 3, 3, 6, 1, 5]
MAPE: 6.025349801699942 [6.521739130434782, 2.083333333333333, 1.0752688172043012, 2.941176470588235, 6.8493150684931505, 34.21052631578947, 4.3478260869565215, 7.8431372549019605, 3.7037037037037033, 3.571428571428571, 2.9850746268656714, 0.0, 0.0, 3.7037037037037033, 7.142857142857142, 7.6923076923076925, 10.820895522388058, 8.860759493670885, 2.312138728323699, 1.7241379310344827, 2.083333333333333, 7.4074074074074066, 6.349206349206349, 8.16326530612245, 2.1052631578947367, 0.0, 0.8130081300813009, 9.30232558139535, 0.5952380952380952, 1.9801980198019802, 1.7543859649122806, 3.125, 1.0752688172043012, 6.557377049180328, 7.264957264957266, 18.75, 13.23529411764706, 13.333333333333334, 3.4482758620689653, 2.127659574468085, 12.5, 5.511811023622047, 12.345679012345679, 2.0408163265306123, 6.25, 4.3478260869565215, 6.521739130434782, 10.344827586206897, 3.614457831325301, 2.459016393442623, 4.545454545454546, 1.9607843137254901, 0.0, 8.695652173913043, 20.408163265306122, 15.789473684210526, 2.0408163265306123, 3.9473684210526314, 10.909090909090908, 3.0927835051546393, 11.428571428571429, 2.0, 0.6756756756756757, 5.263157894736842, 2.4193548387096775, 6.451612903225806, 4.0, 3.7735849056603774, 0.8333333333333334, 4.166666666666666, 1.9704433497536946, 8.181818181818182, 3.896103896103896, 3.3333333333333335, 0.0, 3.8461538461538463, 7.6923076923076925, 0.5988023952095809, 0.0, 14.893617021276595, 2.4390243902439024, 12.5, 1.6528925619834711, 5.343511450381679, 4.562737642585551, 2.7027027027027026, 2.898550724637681, 2.083333333333333, 66.66666666666666, 4.615384615384616, 2.3255813953488373, 8.695652173913043, 8.333333333333332, 1.1904761904761905, 0.0, 4.918032786885246, 12.5, 2.0202020202020203, 1.282051282051282, 4.424778761061947, 14.285714285714285, 2.0, 31.03448275862069, 0.5952380952380952, 3.592814371257485, 0.0, 11.538461538461538, 0.0, 11.016949152542372, 8.791208791208792, 1.5384615384615385, 2.242152466367713, 1.3157894736842104, 0.8, 2.1621621621621623, 10.416666666666668, 0.0, 5.263157894736842, 2.7027027027027026, 6.122448979591836, 4.651162790697675, 7.526881720430108, 0.0, 8.333333333333332, 8.333333333333332, 6.25, 5.263157894736842, 14.634146341463413, 1.3157894736842104, 9.803921568627452]
RMSE: 6.141911504008904 [9, 25, 1, 16, 25, 169, 4, 64, 4, 9, 16, 0, 0, 4, 16, 4, 841, 49, 16, 1, 4, 36, 64, 16, 4, 0, 1, 16, 1, 16, 4, 9, 1, 16, 289, 144, 81, 16, 4, 1, 25, 49, 100, 1, 4, 9, 9, 36, 9, 9, 4, 4, 0, 4, 100, 9, 4, 9, 36, 9, 1024, 1, 1, 25, 9, 4, 9, 64, 1, 4, 16, 81, 9, 1, 0, 1, 9, 1, 0, 49, 1, 16, 4, 49, 144, 4, 16, 4, 144, 9, 1, 16, 36, 1, 0, 9, 4, 4, 1, 25, 64, 4, 81, 1, 36, 0, 9, 0, 169, 64, 1, 25, 1, 1, 16, 25, 0, 9, 1, 9, 4, 49, 0, 16, 16, 9, 9, 36, 1, 25]

pred: 11347 [49, 245, 94, 140, 78, 25, 48, 110, 52, 87, 138, 29, 30, 56, 60, 28, 297, 86, 169, 57, 94, 87, 118, 53, 93, 26, 124, 47, 167, 198, 116, 99, 92, 65, 251, 76, 77, 34, 60, 48, 45, 120, 91, 48, 30, 72, 43, 64, 86, 125, 46, 104, 71, 21, 59, 22, 100, 79, 49, 100, 312, 51, 149, 100, 127, 33, 78, 220, 121, 46, 207, 101, 80, 31, 39, 27, 42, 168, 58, 40, 40, 36, 123, 124, 275, 76, 142, 98, 6, 62, 44, 50, 78, 83, 107, 64, 18, 97, 77, 118, 64, 102, 38, 169, 173, 36, 29, 47, 105, 99, 66, 228, 77, 126, 181, 53, 119, 54, 36, 52, 45, 100, 35, 52, 44, 51, 60, 47, 77, 56]
real: 11073 [46, 240, 93, 136, 73, 38, 46, 102, 54, 84, 134, 29, 30, 54, 56, 26, 268, 79, 173, 58, 96, 81, 126, 49, 95, 26, 123, 43, 168, 202, 114, 96, 93, 61, 234, 64, 68, 30, 58, 47, 40, 127, 81, 49, 32, 69, 46, 58, 83, 122, 44, 102, 71, 23, 49, 19, 98, 76, 55, 97, 280, 50, 148, 95, 124, 31, 75, 212, 120, 48, 203, 110, 77, 30, 39, 26, 39, 167, 58, 47, 41, 32, 121, 131, 263, 74, 138, 96, 18, 65, 43, 46, 72, 84, 107, 61, 16, 99, 78, 113, 56, 100, 29, 168, 167, 36, 26, 47, 118, 91, 65, 223, 76, 125, 185, 48, 119, 57, 37, 49, 43, 93, 35, 48, 48, 48, 57, 41, 76, 51]

grid_scale: 0.45
resize_scale: 0.5
confiance: 0.35

random_seed: 1011
data_augmentation: True
samples: 130
