MAE: 5.2 [4, 7, 3, 6, 7, 7, 5, 9, 2, 3, 12, 1, 1, 5, 4, 0, 34, 7, 6, 1, 4, 6, 9, 6, 7, 0, 0, 4, 10, 4, 16, 1, 4, 4, 16, 18, 11, 1, 5, 4, 3, 7, 15, 1, 1, 2, 4, 7, 8, 11, 4, 3, 1, 0, 7, 1, 1, 3, 3, 3, 28, 1, 5, 6, 8, 3, 4, 16, 6, 2, 6, 3, 1, 1, 1, 1, 2, 10, 0, 1, 4, 1, 7, 1, 18, 4, 11, 3, 14, 5, 1, 6, 4, 1, 2, 6, 2, 0, 2, 15, 2, 7, 4, 4, 4, 5, 8, 2, 9, 6, 4, 3, 3, 3, 2, 8, 1, 5, 2, 4, 4, 10, 0, 4, 5, 2, 3, 4, 3, 4]
MAPE: 6.990803332182081 [8.695652173913043, 2.9166666666666665, 3.225806451612903, 4.411764705882353, 9.58904109589041, 18.421052631578945, 10.869565217391305, 8.823529411764707, 3.7037037037037033, 3.571428571428571, 8.955223880597014, 3.4482758620689653, 3.3333333333333335, 9.25925925925926, 7.142857142857142, 0.0, 12.686567164179104, 8.860759493670885, 3.4682080924855487, 1.7241379310344827, 4.166666666666666, 7.4074074074074066, 7.142857142857142, 12.244897959183673, 7.368421052631578, 0.0, 0.0, 9.30232558139535, 5.952380952380952, 1.9801980198019802, 14.035087719298245, 1.0416666666666665, 4.301075268817205, 6.557377049180328, 6.837606837606838, 28.125, 16.176470588235293, 3.3333333333333335, 8.620689655172415, 8.51063829787234, 7.5, 5.511811023622047, 18.51851851851852, 2.0408163265306123, 3.125, 2.898550724637681, 8.695652173913043, 12.068965517241379, 9.63855421686747, 9.01639344262295, 9.090909090909092, 2.941176470588235, 1.4084507042253522, 0.0, 14.285714285714285, 5.263157894736842, 1.0204081632653061, 3.9473684210526314, 5.454545454545454, 3.0927835051546393, 10.0, 2.0, 3.3783783783783785, 6.315789473684211, 6.451612903225806, 9.67741935483871, 5.333333333333334, 7.547169811320755, 5.0, 4.166666666666666, 2.955665024630542, 2.727272727272727, 1.2987012987012987, 3.3333333333333335, 2.564102564102564, 3.8461538461538463, 5.128205128205128, 5.9880239520958085, 0.0, 2.127659574468085, 9.75609756097561, 3.125, 5.785123966942149, 0.7633587786259541, 6.844106463878327, 5.405405405405405, 7.971014492753622, 3.125, 77.77777777777779, 7.6923076923076925, 2.3255813953488373, 13.043478260869565, 5.555555555555555, 1.1904761904761905, 1.8691588785046727, 9.836065573770492, 12.5, 0.0, 2.564102564102564, 13.274336283185843, 3.571428571428571, 7.000000000000001, 13.793103448275861, 2.380952380952381, 2.3952095808383236, 13.88888888888889, 30.76923076923077, 4.25531914893617, 7.627118644067797, 6.593406593406594, 6.153846153846154, 1.345291479820628, 3.9473684210526314, 2.4, 1.0810810810810811, 16.666666666666664, 0.8403361344537815, 8.771929824561402, 5.405405405405405, 8.16326530612245, 9.30232558139535, 10.75268817204301, 0.0, 8.333333333333332, 10.416666666666668, 4.166666666666666, 5.263157894736842, 9.75609756097561, 3.9473684210526314, 7.8431372549019605]
RMSE: 7.3012117013337114 [16, 49, 9, 36, 49, 49, 25, 81, 4, 9, 144, 1, 1, 25, 16, 0, 1156, 49, 36, 1, 16, 36, 81, 36, 49, 0, 0, 16, 100, 16, 256, 1, 16, 16, 256, 324, 121, 1, 25, 16, 9, 49, 225, 1, 1, 4, 16, 49, 64, 121, 16, 9, 1, 0, 49, 1, 1, 9, 9, 9, 784, 1, 25, 36, 64, 9, 16, 256, 36, 4, 36, 9, 1, 1, 1, 1, 4, 100, 0, 1, 16, 1, 49, 1, 324, 16, 121, 9, 196, 25, 1, 36, 16, 1, 4, 36, 4, 0, 4, 225, 4, 49, 16, 16, 16, 25, 64, 4, 81, 36, 16, 9, 9, 9, 4, 64, 1, 25, 4, 16, 16, 100, 0, 16, 25, 4, 9, 16, 9, 16]

pred: 11581 [50, 247, 96, 142, 80, 31, 51, 111, 56, 87, 146, 30, 31, 59, 60, 26, 302, 86, 179, 59, 92, 87, 135, 55, 88, 26, 123, 47, 178, 198, 98, 97, 89, 65, 250, 82, 79, 31, 63, 51, 43, 134, 96, 50, 33, 71, 50, 65, 91, 133, 48, 105, 72, 23, 56, 20, 99, 79, 52, 100, 308, 51, 153, 101, 132, 34, 79, 228, 126, 50, 209, 107, 78, 29, 38, 25, 41, 177, 58, 46, 45, 33, 128, 130, 281, 78, 149, 99, 4, 70, 42, 52, 76, 85, 109, 67, 18, 99, 80, 128, 58, 107, 33, 172, 171, 41, 34, 49, 109, 97, 69, 226, 79, 128, 187, 56, 120, 62, 35, 53, 47, 103, 35, 52, 43, 50, 60, 45, 79, 55]
real: 11073 [46, 240, 93, 136, 73, 38, 46, 102, 54, 84, 134, 29, 30, 54, 56, 26, 268, 79, 173, 58, 96, 81, 126, 49, 95, 26, 123, 43, 168, 202, 114, 96, 93, 61, 234, 64, 68, 30, 58, 47, 40, 127, 81, 49, 32, 69, 46, 58, 83, 122, 44, 102, 71, 23, 49, 19, 98, 76, 55, 97, 280, 50, 148, 95, 124, 31, 75, 212, 120, 48, 203, 110, 77, 30, 39, 26, 39, 167, 58, 47, 41, 32, 121, 131, 263, 74, 138, 96, 18, 65, 43, 46, 72, 84, 107, 61, 16, 99, 78, 113, 56, 100, 29, 168, 167, 36, 26, 47, 118, 91, 65, 223, 76, 125, 185, 48, 119, 57, 37, 49, 43, 93, 35, 48, 48, 48, 57, 41, 76, 51]

grid_scale: 0.3
resize_scale: 0.5
confiance: 0.4

random_seed: 1011
data_augmentation: True
samples: 130
