MAE: 10.584615384615384 [6, 25, 17, 11, 1, 15, 3, 6, 7, 3, 10, 7, 5, 9, 0, 0, 23, 8, 25, 9, 28, 3, 26, 4, 24, 1, 13, 3, 20, 36, 57, 4, 28, 4, 18, 0, 12, 0, 4, 6, 2, 17, 6, 5, 0, 2, 15, 4, 2, 16, 5, 18, 7, 4, 5, 1, 14, 6, 9, 8, 11, 6, 11, 1, 20, 5, 3, 18, 10, 16, 32, 18, 10, 6, 7, 7, 5, 25, 12, 11, 14, 6, 8, 33, 21, 7, 26, 7, 18, 2, 2, 9, 4, 12, 6, 4, 2, 19, 9, 16, 4, 9, 2, 13, 11, 4, 5, 11, 42, 9, 5, 28, 7, 18, 37, 3, 11, 6, 2, 7, 0, 5, 5, 4, 15, 5, 8, 4, 7, 3]
MAPE: 13.168642505682849 [13.043478260869565, 10.416666666666668, 18.27956989247312, 8.088235294117647, 1.36986301369863, 39.473684210526315, 6.521739130434782, 5.88235294117647, 12.962962962962962, 3.571428571428571, 7.462686567164178, 24.137931034482758, 16.666666666666664, 16.666666666666664, 0.0, 0.0, 8.582089552238806, 10.126582278481013, 14.450867052023122, 15.517241379310345, 29.166666666666668, 3.7037037037037033, 20.634920634920633, 8.16326530612245, 25.263157894736842, 3.8461538461538463, 10.569105691056912, 6.976744186046512, 11.904761904761903, 17.82178217821782, 50.0, 4.166666666666666, 30.107526881720432, 6.557377049180328, 7.6923076923076925, 0.0, 17.647058823529413, 0.0, 6.896551724137931, 12.76595744680851, 5.0, 13.385826771653544, 7.4074074074074066, 10.204081632653061, 0.0, 2.898550724637681, 32.608695652173914, 6.896551724137931, 2.4096385542168677, 13.114754098360656, 11.363636363636363, 17.647058823529413, 9.859154929577464, 17.391304347826086, 10.204081632653061, 5.263157894736842, 14.285714285714285, 7.894736842105263, 16.363636363636363, 8.24742268041237, 3.9285714285714284, 12.0, 7.4324324324324325, 1.0526315789473684, 16.129032258064516, 16.129032258064516, 4.0, 8.49056603773585, 8.333333333333332, 33.33333333333333, 15.763546798029557, 16.363636363636363, 12.987012987012985, 20.0, 17.94871794871795, 26.923076923076923, 12.82051282051282, 14.97005988023952, 20.689655172413794, 23.404255319148938, 34.146341463414636, 18.75, 6.6115702479338845, 25.190839694656486, 7.984790874524715, 9.45945945945946, 18.84057971014493, 7.291666666666667, 100.0, 3.076923076923077, 4.651162790697675, 19.565217391304348, 5.555555555555555, 14.285714285714285, 5.607476635514018, 6.557377049180328, 12.5, 19.19191919191919, 11.538461538461538, 14.15929203539823, 7.142857142857142, 9.0, 6.896551724137931, 7.738095238095238, 6.58682634730539, 11.11111111111111, 19.230769230769234, 23.404255319148938, 35.59322033898305, 9.89010989010989, 7.6923076923076925, 12.556053811659194, 9.210526315789473, 14.399999999999999, 20.0, 6.25, 9.243697478991598, 10.526315789473683, 5.405405405405405, 14.285714285714285, 0.0, 5.376344086021505, 14.285714285714285, 8.333333333333332, 31.25, 10.416666666666668, 14.035087719298245, 9.75609756097561, 9.210526315789473, 5.88235294117647]
RMSE: 14.30169435900731 [36, 625, 289, 121, 1, 225, 9, 36, 49, 9, 100, 49, 25, 81, 0, 0, 529, 64, 625, 81, 784, 9, 676, 16, 576, 1, 169, 9, 400, 1296, 3249, 16, 784, 16, 324, 0, 144, 0, 16, 36, 4, 289, 36, 25, 0, 4, 225, 16, 4, 256, 25, 324, 49, 16, 25, 1, 196, 36, 81, 64, 121, 36, 121, 1, 400, 25, 9, 324, 100, 256, 1024, 324, 100, 36, 49, 49, 25, 625, 144, 121, 196, 36, 64, 1089, 441, 49, 676, 49, 324, 4, 4, 81, 16, 144, 36, 16, 4, 361, 81, 256, 16, 81, 4, 169, 121, 16, 25, 121, 1764, 81, 25, 784, 49, 324, 1369, 9, 121, 36, 4, 49, 0, 25, 25, 16, 225, 25, 64, 16, 49, 9]

pred: 9707 [40, 215, 76, 125, 72, 23, 43, 96, 47, 81, 124, 22, 25, 45, 56, 26, 245, 71, 148, 49, 68, 78, 100, 45, 71, 25, 110, 40, 148, 166, 57, 92, 65, 57, 216, 64, 56, 30, 54, 41, 38, 110, 75, 44, 32, 67, 31, 62, 81, 106, 39, 84, 64, 19, 44, 20, 84, 70, 46, 89, 269, 44, 137, 94, 104, 26, 72, 194, 110, 32, 171, 92, 67, 24, 32, 19, 34, 142, 46, 36, 27, 26, 113, 98, 242, 67, 112, 89, 0, 63, 41, 37, 68, 72, 101, 57, 14, 80, 69, 97, 52, 91, 27, 155, 156, 32, 21, 36, 76, 82, 60, 195, 69, 107, 148, 45, 108, 51, 35, 42, 43, 88, 30, 44, 33, 43, 49, 37, 69, 48]
real: 11073 [46, 240, 93, 136, 73, 38, 46, 102, 54, 84, 134, 29, 30, 54, 56, 26, 268, 79, 173, 58, 96, 81, 126, 49, 95, 26, 123, 43, 168, 202, 114, 96, 93, 61, 234, 64, 68, 30, 58, 47, 40, 127, 81, 49, 32, 69, 46, 58, 83, 122, 44, 102, 71, 23, 49, 19, 98, 76, 55, 97, 280, 50, 148, 95, 124, 31, 75, 212, 120, 48, 203, 110, 77, 30, 39, 26, 39, 167, 58, 47, 41, 32, 121, 131, 263, 74, 138, 96, 18, 65, 43, 46, 72, 84, 107, 61, 16, 99, 78, 113, 56, 100, 29, 168, 167, 36, 26, 47, 118, 91, 65, 223, 76, 125, 185, 48, 119, 57, 37, 49, 43, 93, 35, 48, 48, 48, 57, 41, 76, 51]

grid_scale: 0.4
resize_scale: 0.5
confiance: 0.55

random_seed: 1011
data_augmentation: True
samples: 130
