MAE: 4.361538461538461 [2, 11, 2, 1, 3, 11, 0, 4, 4, 7, 3, 1, 2, 6, 7, 3, 17, 2, 2, 2, 11, 2, 3, 1, 10, 1, 4, 2, 3, 5, 31, 4, 7, 2, 22, 15, 12, 3, 1, 1, 3, 5, 11, 1, 4, 0, 6, 8, 3, 5, 1, 3, 1, 1, 7, 1, 2, 1, 3, 2, 31, 2, 8, 5, 2, 1, 0, 12, 6, 4, 3, 4, 1, 0, 7, 1, 1, 5, 3, 4, 2, 0, 4, 12, 16, 1, 5, 0, 14, 1, 3, 3, 4, 3, 2, 3, 1, 5, 1, 11, 0, 1, 1, 1, 4, 2, 0, 1, 11, 5, 5, 2, 0, 2, 1, 5, 2, 3, 0, 4, 3, 6, 2, 4, 5, 0, 2, 5, 0, 1]
MAPE: 5.927895768728819 [4.3478260869565215, 4.583333333333333, 2.1505376344086025, 0.7352941176470588, 4.10958904109589, 28.947368421052634, 0.0, 3.9215686274509802, 7.4074074074074066, 8.333333333333332, 2.2388059701492535, 3.4482758620689653, 6.666666666666667, 11.11111111111111, 12.5, 11.538461538461538, 6.343283582089552, 2.5316455696202533, 1.1560693641618496, 3.4482758620689653, 11.458333333333332, 2.4691358024691357, 2.380952380952381, 2.0408163265306123, 10.526315789473683, 3.8461538461538463, 3.2520325203252036, 4.651162790697675, 1.7857142857142856, 2.4752475247524752, 27.192982456140353, 4.166666666666666, 7.526881720430108, 3.278688524590164, 9.401709401709402, 23.4375, 17.647058823529413, 10.0, 1.7241379310344827, 2.127659574468085, 7.5, 3.937007874015748, 13.580246913580247, 2.0408163265306123, 12.5, 0.0, 13.043478260869565, 13.793103448275861, 3.614457831325301, 4.098360655737705, 2.272727272727273, 2.941176470588235, 1.4084507042253522, 4.3478260869565215, 14.285714285714285, 5.263157894736842, 2.0408163265306123, 1.3157894736842104, 5.454545454545454, 2.0618556701030926, 11.071428571428571, 4.0, 5.405405405405405, 5.263157894736842, 1.6129032258064515, 3.225806451612903, 0.0, 5.660377358490567, 5.0, 8.333333333333332, 1.477832512315271, 3.6363636363636362, 1.2987012987012987, 0.0, 17.94871794871795, 3.8461538461538463, 2.564102564102564, 2.9940119760479043, 5.172413793103448, 8.51063829787234, 4.878048780487805, 0.0, 3.3057851239669422, 9.16030534351145, 6.083650190114068, 1.3513513513513513, 3.6231884057971016, 0.0, 77.77777777777779, 1.5384615384615385, 6.976744186046512, 6.521739130434782, 5.555555555555555, 3.571428571428571, 1.8691588785046727, 4.918032786885246, 6.25, 5.05050505050505, 1.282051282051282, 9.734513274336283, 0.0, 1.0, 3.4482758620689653, 0.5952380952380952, 2.3952095808383236, 5.555555555555555, 0.0, 2.127659574468085, 9.322033898305085, 5.4945054945054945, 7.6923076923076925, 0.8968609865470852, 0.0, 1.6, 0.5405405405405406, 10.416666666666668, 1.680672268907563, 5.263157894736842, 0.0, 8.16326530612245, 6.976744186046512, 6.451612903225806, 5.714285714285714, 8.333333333333332, 10.416666666666668, 0.0, 3.508771929824561, 12.195121951219512, 0.0, 1.9607843137254901]
RMSE: 6.752207616202844 [4, 121, 4, 1, 9, 121, 0, 16, 16, 49, 9, 1, 4, 36, 49, 9, 289, 4, 4, 4, 121, 4, 9, 1, 100, 1, 16, 4, 9, 25, 961, 16, 49, 4, 484, 225, 144, 9, 1, 1, 9, 25, 121, 1, 16, 0, 36, 64, 9, 25, 1, 9, 1, 1, 49, 1, 4, 1, 9, 4, 961, 4, 64, 25, 4, 1, 0, 144, 36, 16, 9, 16, 1, 0, 49, 1, 1, 25, 9, 16, 4, 0, 16, 144, 256, 1, 25, 0, 196, 1, 9, 9, 16, 9, 4, 9, 1, 25, 1, 121, 0, 1, 1, 1, 16, 4, 0, 1, 121, 25, 25, 4, 0, 4, 1, 25, 4, 9, 0, 16, 9, 36, 4, 16, 25, 0, 4, 25, 0, 1]

pred: 11238 [48, 251, 95, 137, 76, 27, 46, 106, 50, 91, 137, 30, 28, 60, 63, 29, 285, 77, 175, 60, 85, 83, 123, 50, 85, 27, 119, 45, 171, 197, 83, 100, 86, 63, 256, 79, 80, 27, 57, 46, 43, 132, 92, 50, 28, 69, 40, 66, 86, 127, 45, 99, 70, 24, 56, 20, 100, 77, 52, 99, 311, 48, 156, 100, 122, 32, 75, 224, 126, 44, 200, 106, 78, 30, 32, 27, 40, 172, 61, 43, 39, 32, 125, 119, 279, 75, 143, 96, 4, 66, 46, 43, 76, 81, 105, 64, 17, 94, 77, 124, 56, 99, 30, 169, 171, 38, 26, 46, 107, 96, 70, 221, 76, 127, 184, 53, 121, 60, 37, 53, 46, 99, 37, 52, 43, 48, 59, 46, 76, 52]
real: 11073 [46, 240, 93, 136, 73, 38, 46, 102, 54, 84, 134, 29, 30, 54, 56, 26, 268, 79, 173, 58, 96, 81, 126, 49, 95, 26, 123, 43, 168, 202, 114, 96, 93, 61, 234, 64, 68, 30, 58, 47, 40, 127, 81, 49, 32, 69, 46, 58, 83, 122, 44, 102, 71, 23, 49, 19, 98, 76, 55, 97, 280, 50, 148, 95, 124, 31, 75, 212, 120, 48, 203, 110, 77, 30, 39, 26, 39, 167, 58, 47, 41, 32, 121, 131, 263, 74, 138, 96, 18, 65, 43, 46, 72, 84, 107, 61, 16, 99, 78, 113, 56, 100, 29, 168, 167, 36, 26, 47, 118, 91, 65, 223, 76, 125, 185, 48, 119, 57, 37, 49, 43, 93, 35, 48, 48, 48, 57, 41, 76, 51]

grid_scale: 0.3
resize_scale: 0.5
confiance: 0.45

random_seed: 1011
data_augmentation: True
samples: 130
