MAE: 8.876923076923077 [2, 23, 8, 10, 0, 17, 1, 2, 10, 9, 4, 5, 1, 3, 0, 0, 18, 7, 20, 9, 35, 8, 20, 3, 25, 0, 13, 1, 13, 42, 55, 9, 25, 5, 10, 6, 3, 1, 0, 4, 2, 19, 6, 5, 0, 2, 12, 0, 8, 16, 2, 7, 5, 5, 3, 1, 8, 6, 7, 10, 9, 4, 23, 1, 14, 4, 3, 11, 12, 11, 22, 17, 13, 4, 3, 4, 4, 16, 7, 10, 19, 1, 5, 23, 3, 1, 17, 5, 18, 3, 4, 2, 1, 7, 8, 2, 1, 14, 13, 2, 5, 10, 1, 18, 12, 3, 0, 18, 52, 5, 3, 22, 10, 7, 28, 3, 5, 6, 2, 3, 1, 5, 2, 4, 15, 3, 6, 3, 7, 3]
MAPE: 10.9505583535154 [4.3478260869565215, 9.583333333333334, 8.60215053763441, 7.352941176470589, 0.0, 44.73684210526316, 2.1739130434782608, 1.9607843137254901, 18.51851851851852, 10.714285714285714, 2.9850746268656714, 17.24137931034483, 3.3333333333333335, 5.555555555555555, 0.0, 0.0, 6.7164179104477615, 8.860759493670885, 11.560693641618498, 15.517241379310345, 36.45833333333333, 9.876543209876543, 15.873015873015872, 6.122448979591836, 26.31578947368421, 0.0, 10.569105691056912, 2.3255813953488373, 7.738095238095238, 20.792079207920793, 48.24561403508772, 9.375, 26.881720430107524, 8.19672131147541, 4.273504273504273, 9.375, 4.411764705882353, 3.3333333333333335, 0.0, 8.51063829787234, 5.0, 14.960629921259844, 7.4074074074074066, 10.204081632653061, 0.0, 2.898550724637681, 26.08695652173913, 0.0, 9.63855421686747, 13.114754098360656, 4.545454545454546, 6.862745098039216, 7.042253521126761, 21.73913043478261, 6.122448979591836, 5.263157894736842, 8.16326530612245, 7.894736842105263, 12.727272727272727, 10.309278350515463, 3.214285714285714, 8.0, 15.54054054054054, 1.0526315789473684, 11.29032258064516, 12.903225806451612, 4.0, 5.188679245283019, 10.0, 22.916666666666664, 10.83743842364532, 15.454545454545453, 16.883116883116884, 13.333333333333334, 7.6923076923076925, 15.384615384615385, 10.256410256410255, 9.580838323353294, 12.068965517241379, 21.27659574468085, 46.34146341463415, 3.125, 4.132231404958678, 17.557251908396946, 1.1406844106463878, 1.3513513513513513, 12.318840579710146, 5.208333333333334, 100.0, 4.615384615384616, 9.30232558139535, 4.3478260869565215, 1.3888888888888888, 8.333333333333332, 7.476635514018691, 3.278688524590164, 6.25, 14.14141414141414, 16.666666666666664, 1.7699115044247788, 8.928571428571429, 10.0, 3.4482758620689653, 10.714285714285714, 7.18562874251497, 8.333333333333332, 0.0, 38.297872340425535, 44.06779661016949, 5.4945054945054945, 4.615384615384616, 9.865470852017937, 13.157894736842104, 5.6000000000000005, 15.135135135135137, 6.25, 4.201680672268908, 10.526315789473683, 5.405405405405405, 6.122448979591836, 2.3255813953488373, 5.376344086021505, 5.714285714285714, 8.333333333333332, 31.25, 6.25, 10.526315789473683, 7.317073170731707, 9.210526315789473, 5.88235294117647]
RMSE: 12.992305415129373 [4, 529, 64, 100, 0, 289, 1, 4, 100, 81, 16, 25, 1, 9, 0, 0, 324, 49, 400, 81, 1225, 64, 400, 9, 625, 0, 169, 1, 169, 1764, 3025, 81, 625, 25, 100, 36, 9, 1, 0, 16, 4, 361, 36, 25, 0, 4, 144, 0, 64, 256, 4, 49, 25, 25, 9, 1, 64, 36, 49, 100, 81, 16, 529, 1, 196, 16, 9, 121, 144, 121, 484, 289, 169, 16, 9, 16, 16, 256, 49, 100, 361, 1, 25, 529, 9, 1, 289, 25, 324, 9, 16, 4, 1, 49, 64, 4, 1, 196, 169, 4, 25, 100, 1, 324, 144, 9, 0, 324, 2704, 25, 9, 484, 100, 49, 784, 9, 25, 36, 4, 9, 1, 25, 4, 16, 225, 9, 36, 9, 49, 9]

pred: 9945 [44, 217, 85, 126, 73, 21, 45, 100, 44, 75, 130, 24, 29, 51, 56, 26, 250, 72, 153, 49, 61, 73, 106, 46, 70, 26, 110, 42, 155, 160, 59, 87, 68, 56, 224, 70, 65, 29, 58, 43, 42, 108, 75, 44, 32, 67, 34, 58, 75, 106, 42, 95, 66, 18, 46, 20, 90, 70, 48, 87, 271, 46, 125, 94, 110, 27, 72, 201, 108, 37, 181, 93, 64, 26, 36, 22, 35, 151, 51, 37, 22, 31, 116, 108, 260, 73, 121, 91, 0, 62, 39, 44, 71, 77, 99, 63, 15, 85, 65, 111, 51, 90, 30, 150, 155, 33, 26, 29, 66, 86, 62, 201, 66, 118, 157, 45, 114, 51, 35, 46, 44, 88, 33, 44, 33, 45, 51, 38, 69, 48]
real: 11073 [46, 240, 93, 136, 73, 38, 46, 102, 54, 84, 134, 29, 30, 54, 56, 26, 268, 79, 173, 58, 96, 81, 126, 49, 95, 26, 123, 43, 168, 202, 114, 96, 93, 61, 234, 64, 68, 30, 58, 47, 40, 127, 81, 49, 32, 69, 46, 58, 83, 122, 44, 102, 71, 23, 49, 19, 98, 76, 55, 97, 280, 50, 148, 95, 124, 31, 75, 212, 120, 48, 203, 110, 77, 30, 39, 26, 39, 167, 58, 47, 41, 32, 121, 131, 263, 74, 138, 96, 18, 65, 43, 46, 72, 84, 107, 61, 16, 99, 78, 113, 56, 100, 29, 168, 167, 36, 26, 47, 118, 91, 65, 223, 76, 125, 185, 48, 119, 57, 37, 49, 43, 93, 35, 48, 48, 48, 57, 41, 76, 51]

grid_scale: 0.3
resize_scale: 0.5
confiance: 0.55

random_seed: 1011
data_augmentation: True
samples: 130
