MAE: 4.8307692307692305 [4, 7, 4, 0, 4, 10, 7, 11, 4, 6, 5, 0, 0, 4, 4, 0, 14, 10, 2, 3, 10, 3, 3, 3, 6, 2, 2, 3, 8, 1, 20, 0, 9, 8, 29, 12, 7, 0, 2, 2, 4, 6, 10, 1, 2, 3, 2, 7, 4, 3, 2, 3, 0, 1, 10, 3, 11, 4, 7, 0, 43, 2, 6, 6, 3, 1, 5, 12, 5, 3, 3, 5, 5, 1, 1, 1, 3, 9, 0, 4, 7, 3, 2, 1, 6, 2, 11, 2, 18, 0, 0, 1, 5, 2, 6, 4, 0, 1, 2, 13, 4, 1, 5, 0, 9, 0, 2, 2, 5, 8, 1, 10, 1, 2, 2, 3, 5, 6, 4, 2, 10, 3, 1, 9, 4, 2, 0, 2, 2, 7]
MAPE: 6.764997764020604 [8.695652173913043, 2.9166666666666665, 4.301075268817205, 0.0, 5.47945205479452, 26.31578947368421, 15.217391304347828, 10.784313725490197, 7.4074074074074066, 7.142857142857142, 3.731343283582089, 0.0, 0.0, 7.4074074074074066, 7.142857142857142, 0.0, 5.223880597014925, 12.658227848101266, 1.1560693641618496, 5.172413793103448, 10.416666666666668, 3.7037037037037033, 2.380952380952381, 6.122448979591836, 6.315789473684211, 7.6923076923076925, 1.6260162601626018, 6.976744186046512, 4.761904761904762, 0.49504950495049505, 17.543859649122805, 0.0, 9.67741935483871, 13.114754098360656, 12.393162393162394, 18.75, 10.294117647058822, 0.0, 3.4482758620689653, 4.25531914893617, 10.0, 4.724409448818897, 12.345679012345679, 2.0408163265306123, 6.25, 4.3478260869565215, 4.3478260869565215, 12.068965517241379, 4.819277108433735, 2.459016393442623, 4.545454545454546, 2.941176470588235, 0.0, 4.3478260869565215, 20.408163265306122, 15.789473684210526, 11.224489795918368, 5.263157894736842, 12.727272727272727, 0.0, 15.357142857142858, 4.0, 4.054054054054054, 6.315789473684211, 2.4193548387096775, 3.225806451612903, 6.666666666666667, 5.660377358490567, 4.166666666666666, 6.25, 1.477832512315271, 4.545454545454546, 6.493506493506493, 3.3333333333333335, 2.564102564102564, 3.8461538461538463, 7.6923076923076925, 5.389221556886228, 0.0, 8.51063829787234, 17.073170731707318, 9.375, 1.6528925619834711, 0.7633587786259541, 2.2813688212927756, 2.7027027027027026, 7.971014492753622, 2.083333333333333, 100.0, 0.0, 0.0, 2.1739130434782608, 6.944444444444445, 2.380952380952381, 5.607476635514018, 6.557377049180328, 0.0, 1.0101010101010102, 2.564102564102564, 11.504424778761061, 7.142857142857142, 1.0, 17.24137931034483, 0.0, 5.389221556886228, 0.0, 7.6923076923076925, 4.25531914893617, 4.23728813559322, 8.791208791208792, 1.5384615384615385, 4.484304932735426, 1.3157894736842104, 1.6, 1.0810810810810811, 6.25, 4.201680672268908, 10.526315789473683, 10.81081081081081, 4.081632653061225, 23.25581395348837, 3.225806451612903, 2.857142857142857, 18.75, 8.333333333333332, 4.166666666666666, 0.0, 4.878048780487805, 2.631578947368421, 13.725490196078432]
RMSE: 7.323303163926046 [16, 49, 16, 0, 16, 100, 49, 121, 16, 36, 25, 0, 0, 16, 16, 0, 196, 100, 4, 9, 100, 9, 9, 9, 36, 4, 4, 9, 64, 1, 400, 0, 81, 64, 841, 144, 49, 0, 4, 4, 16, 36, 100, 1, 4, 9, 4, 49, 16, 9, 4, 9, 0, 1, 100, 9, 121, 16, 49, 0, 1849, 4, 36, 36, 9, 1, 25, 144, 25, 9, 9, 25, 25, 1, 1, 1, 9, 81, 0, 16, 49, 9, 4, 1, 36, 4, 121, 4, 324, 0, 0, 1, 25, 4, 36, 16, 0, 1, 4, 169, 16, 1, 25, 0, 81, 0, 4, 4, 25, 64, 1, 100, 1, 4, 4, 9, 25, 36, 16, 4, 100, 9, 1, 81, 16, 4, 0, 4, 4, 49]

pred: 11415 [50, 247, 97, 136, 77, 28, 53, 113, 50, 90, 139, 29, 30, 58, 60, 26, 282, 89, 175, 55, 86, 84, 129, 52, 89, 28, 125, 46, 176, 201, 94, 96, 84, 69, 263, 76, 75, 30, 60, 45, 44, 121, 91, 48, 30, 72, 44, 65, 87, 125, 46, 105, 71, 22, 59, 22, 109, 80, 48, 97, 323, 52, 154, 101, 127, 32, 80, 224, 125, 45, 206, 105, 82, 29, 40, 25, 42, 176, 58, 43, 34, 35, 123, 132, 269, 76, 149, 98, 0, 65, 43, 47, 77, 86, 113, 65, 16, 100, 76, 126, 60, 101, 34, 168, 176, 36, 28, 45, 113, 99, 66, 233, 75, 127, 183, 51, 124, 63, 41, 51, 53, 96, 36, 57, 44, 50, 57, 39, 74, 58]
real: 11073 [46, 240, 93, 136, 73, 38, 46, 102, 54, 84, 134, 29, 30, 54, 56, 26, 268, 79, 173, 58, 96, 81, 126, 49, 95, 26, 123, 43, 168, 202, 114, 96, 93, 61, 234, 64, 68, 30, 58, 47, 40, 127, 81, 49, 32, 69, 46, 58, 83, 122, 44, 102, 71, 23, 49, 19, 98, 76, 55, 97, 280, 50, 148, 95, 124, 31, 75, 212, 120, 48, 203, 110, 77, 30, 39, 26, 39, 167, 58, 47, 41, 32, 121, 131, 263, 74, 138, 96, 18, 65, 43, 46, 72, 84, 107, 61, 16, 99, 78, 113, 56, 100, 29, 168, 167, 36, 26, 47, 118, 91, 65, 223, 76, 125, 185, 48, 119, 57, 37, 49, 43, 93, 35, 48, 48, 48, 57, 41, 76, 51]

grid_scale: 0.4
resize_scale: 0.5
confiance: 0.4

random_seed: 1011
data_augmentation: True
samples: 130
