MAE: 4.546153846153846 [1, 1, 6, 2, 5, 11, 2, 7, 3, 2, 4, 1, 4, 8, 6, 2, 10, 12, 4, 3, 8, 2, 3, 11, 14, 2, 0, 1, 7, 10, 40, 8, 13, 4, 2, 10, 8, 1, 3, 8, 4, 3, 5, 1, 0, 9, 1, 11, 2, 3, 3, 1, 3, 0, 5, 3, 2, 1, 3, 3, 31, 1, 3, 6, 2, 2, 4, 5, 1, 1, 4, 6, 0, 1, 6, 2, 2, 4, 2, 3, 1, 2, 1, 2, 6, 5, 3, 3, 17, 1, 3, 1, 6, 1, 2, 10, 2, 0, 1, 9, 3, 2, 7, 1, 2, 1, 5, 2, 31, 2, 2, 1, 2, 0, 11, 3, 5, 1, 3, 3, 6, 3, 0, 3, 5, 5, 1, 4, 1, 2]
MAPE: 6.927120443723921 [2.1739130434782608, 0.4166666666666667, 6.451612903225806, 1.4705882352941175, 6.8493150684931505, 28.947368421052634, 4.3478260869565215, 6.862745098039216, 5.555555555555555, 2.380952380952381, 2.9850746268656714, 3.4482758620689653, 13.333333333333334, 14.814814814814813, 10.714285714285714, 7.6923076923076925, 3.731343283582089, 15.18987341772152, 2.312138728323699, 5.172413793103448, 8.333333333333332, 2.4691358024691357, 2.380952380952381, 22.448979591836736, 14.736842105263156, 7.6923076923076925, 0.0, 2.3255813953488373, 4.166666666666666, 4.9504950495049505, 35.08771929824561, 8.333333333333332, 13.978494623655912, 6.557377049180328, 0.8547008547008548, 15.625, 11.76470588235294, 3.3333333333333335, 5.172413793103448, 17.02127659574468, 10.0, 2.3622047244094486, 6.172839506172839, 2.0408163265306123, 0.0, 13.043478260869565, 2.1739130434782608, 18.96551724137931, 2.4096385542168677, 2.459016393442623, 6.8181818181818175, 0.9803921568627451, 4.225352112676056, 0.0, 10.204081632653061, 15.789473684210526, 2.0408163265306123, 1.3157894736842104, 5.454545454545454, 3.0927835051546393, 11.071428571428571, 2.0, 2.027027027027027, 6.315789473684211, 1.6129032258064515, 6.451612903225806, 5.333333333333334, 2.358490566037736, 0.8333333333333334, 2.083333333333333, 1.9704433497536946, 5.454545454545454, 0.0, 3.3333333333333335, 15.384615384615385, 7.6923076923076925, 5.128205128205128, 2.3952095808383236, 3.4482758620689653, 6.382978723404255, 2.4390243902439024, 6.25, 0.8264462809917356, 1.5267175572519083, 2.2813688212927756, 6.756756756756757, 2.1739130434782608, 3.125, 94.44444444444444, 1.5384615384615385, 6.976744186046512, 2.1739130434782608, 8.333333333333332, 1.1904761904761905, 1.8691588785046727, 16.39344262295082, 12.5, 0.0, 1.282051282051282, 7.964601769911504, 5.357142857142857, 2.0, 24.137931034482758, 0.5952380952380952, 1.1976047904191618, 2.7777777777777777, 19.230769230769234, 4.25531914893617, 26.27118644067797, 2.197802197802198, 3.076923076923077, 0.4484304932735426, 2.631578947368421, 0.0, 5.9459459459459465, 6.25, 4.201680672268908, 1.7543859649122806, 8.108108108108109, 6.122448979591836, 13.953488372093023, 3.225806451612903, 0.0, 6.25, 10.416666666666668, 10.416666666666668, 1.7543859649122806, 9.75609756097561, 1.3157894736842104, 3.9215686274509802]
RMSE: 7.239315734770263 [1, 1, 36, 4, 25, 121, 4, 49, 9, 4, 16, 1, 16, 64, 36, 4, 100, 144, 16, 9, 64, 4, 9, 121, 196, 4, 0, 1, 49, 100, 1600, 64, 169, 16, 4, 100, 64, 1, 9, 64, 16, 9, 25, 1, 0, 81, 1, 121, 4, 9, 9, 1, 9, 0, 25, 9, 4, 1, 9, 9, 961, 1, 9, 36, 4, 4, 16, 25, 1, 1, 16, 36, 0, 1, 36, 4, 4, 16, 4, 9, 1, 4, 1, 4, 36, 25, 9, 9, 289, 1, 9, 1, 36, 1, 4, 100, 4, 0, 1, 81, 9, 4, 49, 1, 4, 1, 25, 4, 961, 4, 4, 1, 4, 0, 121, 9, 25, 1, 9, 9, 36, 9, 0, 9, 25, 25, 1, 16, 1, 4]

pred: 11220 [47, 239, 87, 138, 78, 27, 48, 109, 51, 86, 138, 30, 34, 62, 62, 28, 278, 91, 169, 55, 88, 83, 123, 60, 81, 28, 123, 44, 175, 192, 74, 104, 80, 65, 236, 74, 76, 31, 61, 55, 44, 124, 86, 48, 32, 78, 47, 69, 85, 125, 47, 103, 74, 23, 54, 22, 100, 75, 52, 100, 311, 51, 151, 101, 122, 33, 79, 217, 121, 47, 207, 104, 77, 31, 33, 24, 41, 171, 56, 44, 40, 34, 122, 129, 269, 79, 141, 93, 1, 64, 46, 45, 78, 83, 109, 71, 18, 99, 79, 122, 59, 102, 36, 169, 169, 35, 31, 45, 87, 93, 67, 224, 78, 125, 174, 51, 124, 58, 40, 52, 49, 96, 35, 51, 43, 53, 58, 45, 77, 53]
real: 11073 [46, 240, 93, 136, 73, 38, 46, 102, 54, 84, 134, 29, 30, 54, 56, 26, 268, 79, 173, 58, 96, 81, 126, 49, 95, 26, 123, 43, 168, 202, 114, 96, 93, 61, 234, 64, 68, 30, 58, 47, 40, 127, 81, 49, 32, 69, 46, 58, 83, 122, 44, 102, 71, 23, 49, 19, 98, 76, 55, 97, 280, 50, 148, 95, 124, 31, 75, 212, 120, 48, 203, 110, 77, 30, 39, 26, 39, 167, 58, 47, 41, 32, 121, 131, 263, 74, 138, 96, 18, 65, 43, 46, 72, 84, 107, 61, 16, 99, 78, 113, 56, 100, 29, 168, 167, 36, 26, 47, 118, 91, 65, 223, 76, 125, 185, 48, 119, 57, 37, 49, 43, 93, 35, 48, 48, 48, 57, 41, 76, 51]

grid_scale: 0.3
resize_scale: 0.5
confiance: 0.4

random_seed: 1011
data_augmentation: True
samples: 130
