MAE: 4.246153846153846 [2, 3, 2, 1, 7, 15, 2, 3, 6, 1, 4, 2, 0, 4, 5, 2, 5, 3, 7, 3, 11, 3, 6, 3, 14, 0, 6, 0, 4, 11, 37, 2, 9, 3, 9, 12, 1, 2, 0, 2, 5, 4, 4, 2, 0, 3, 3, 7, 2, 1, 2, 1, 0, 3, 0, 2, 0, 0, 4, 3, 33, 2, 12, 6, 0, 1, 2, 8, 1, 6, 1, 9, 2, 1, 0, 3, 1, 7, 2, 8, 10, 2, 0, 11, 12, 3, 4, 1, 18, 6, 1, 0, 4, 1, 0, 1, 1, 6, 3, 5, 2, 2, 2, 0, 7, 0, 1, 8, 17, 2, 3, 2, 3, 3, 16, 1, 0, 0, 2, 0, 2, 1, 1, 3, 11, 4, 2, 1, 2, 2]
MAPE: 6.101900875156768 [4.3478260869565215, 1.25, 2.1505376344086025, 0.7352941176470588, 9.58904109589041, 39.473684210526315, 4.3478260869565215, 2.941176470588235, 11.11111111111111, 1.1904761904761905, 2.9850746268656714, 6.896551724137931, 0.0, 7.4074074074074066, 8.928571428571429, 7.6923076923076925, 1.8656716417910446, 3.79746835443038, 4.046242774566474, 5.172413793103448, 11.458333333333332, 3.7037037037037033, 4.761904761904762, 6.122448979591836, 14.736842105263156, 0.0, 4.878048780487805, 0.0, 2.380952380952381, 5.445544554455446, 32.45614035087719, 2.083333333333333, 9.67741935483871, 4.918032786885246, 3.8461538461538463, 18.75, 1.4705882352941175, 6.666666666666667, 0.0, 4.25531914893617, 12.5, 3.149606299212598, 4.938271604938271, 4.081632653061225, 0.0, 4.3478260869565215, 6.521739130434782, 12.068965517241379, 2.4096385542168677, 0.819672131147541, 4.545454545454546, 0.9803921568627451, 0.0, 13.043478260869565, 0.0, 10.526315789473683, 0.0, 0.0, 7.2727272727272725, 3.0927835051546393, 11.785714285714285, 4.0, 8.108108108108109, 6.315789473684211, 0.0, 3.225806451612903, 2.666666666666667, 3.7735849056603774, 0.8333333333333334, 12.5, 0.49261083743842365, 8.181818181818182, 2.5974025974025974, 3.3333333333333335, 0.0, 11.538461538461538, 2.564102564102564, 4.191616766467066, 3.4482758620689653, 17.02127659574468, 24.390243902439025, 6.25, 0.0, 8.396946564885496, 4.562737642585551, 4.054054054054054, 2.898550724637681, 1.0416666666666665, 100.0, 9.230769230769232, 2.3255813953488373, 0.0, 5.555555555555555, 1.1904761904761905, 0.0, 1.639344262295082, 6.25, 6.0606060606060606, 3.8461538461538463, 4.424778761061947, 3.571428571428571, 2.0, 6.896551724137931, 0.0, 4.191616766467066, 0.0, 3.8461538461538463, 17.02127659574468, 14.40677966101695, 2.197802197802198, 4.615384615384616, 0.8968609865470852, 3.9473684210526314, 2.4, 8.64864864864865, 2.083333333333333, 0.0, 0.0, 5.405405405405405, 0.0, 4.651162790697675, 1.0752688172043012, 2.857142857142857, 6.25, 22.916666666666664, 8.333333333333332, 3.508771929824561, 2.4390243902439024, 2.631578947368421, 3.9215686274509802]
RMSE: 6.922649559458931 [4, 9, 4, 1, 49, 225, 4, 9, 36, 1, 16, 4, 0, 16, 25, 4, 25, 9, 49, 9, 121, 9, 36, 9, 196, 0, 36, 0, 16, 121, 1369, 4, 81, 9, 81, 144, 1, 4, 0, 4, 25, 16, 16, 4, 0, 9, 9, 49, 4, 1, 4, 1, 0, 9, 0, 4, 0, 0, 16, 9, 1089, 4, 144, 36, 0, 1, 4, 64, 1, 36, 1, 81, 4, 1, 0, 9, 1, 49, 4, 64, 100, 4, 0, 121, 144, 9, 16, 1, 324, 36, 1, 0, 16, 1, 0, 1, 1, 36, 9, 25, 4, 4, 4, 0, 49, 0, 1, 64, 289, 4, 9, 4, 9, 9, 256, 1, 0, 0, 4, 0, 4, 1, 1, 9, 121, 16, 4, 1, 4, 4]

pred: 11013 [48, 243, 91, 135, 80, 23, 48, 105, 48, 85, 138, 27, 30, 58, 61, 28, 273, 82, 166, 55, 85, 84, 120, 52, 81, 26, 117, 43, 164, 191, 77, 98, 84, 64, 243, 76, 67, 32, 58, 45, 45, 123, 85, 51, 32, 72, 43, 65, 85, 121, 46, 103, 71, 20, 49, 21, 98, 76, 51, 100, 313, 48, 160, 101, 124, 32, 73, 220, 121, 42, 204, 101, 75, 29, 39, 23, 40, 160, 56, 39, 31, 34, 121, 120, 275, 77, 142, 95, 0, 71, 42, 46, 76, 85, 107, 62, 17, 93, 75, 118, 58, 98, 31, 168, 174, 36, 25, 39, 101, 93, 68, 225, 73, 128, 169, 49, 119, 57, 39, 49, 45, 92, 36, 51, 37, 52, 55, 40, 78, 53]
real: 11073 [46, 240, 93, 136, 73, 38, 46, 102, 54, 84, 134, 29, 30, 54, 56, 26, 268, 79, 173, 58, 96, 81, 126, 49, 95, 26, 123, 43, 168, 202, 114, 96, 93, 61, 234, 64, 68, 30, 58, 47, 40, 127, 81, 49, 32, 69, 46, 58, 83, 122, 44, 102, 71, 23, 49, 19, 98, 76, 55, 97, 280, 50, 148, 95, 124, 31, 75, 212, 120, 48, 203, 110, 77, 30, 39, 26, 39, 167, 58, 47, 41, 32, 121, 131, 263, 74, 138, 96, 18, 65, 43, 46, 72, 84, 107, 61, 16, 99, 78, 113, 56, 100, 29, 168, 167, 36, 26, 47, 118, 91, 65, 223, 76, 125, 185, 48, 119, 57, 37, 49, 43, 93, 35, 48, 48, 48, 57, 41, 76, 51]

grid_scale: 0.45
resize_scale: 0.5
confiance: 0.4

random_seed: 1011
data_augmentation: True
samples: 130
