MAE: 3.9846153846153847 [4, 4, 4, 4, 11, 11, 2, 4, 4, 4, 2, 2, 0, 3, 2, 4, 4, 3, 11, 4, 5, 1, 2, 3, 5, 0, 4, 1, 2, 18, 6, 3, 5, 4, 7, 8, 13, 1, 3, 2, 4, 4, 14, 0, 4, 3, 7, 8, 1, 2, 3, 3, 3, 2, 5, 2, 3, 1, 7, 0, 32, 0, 7, 5, 3, 1, 0, 1, 0, 2, 7, 12, 0, 4, 0, 2, 0, 5, 4, 7, 0, 5, 3, 12, 1, 2, 6, 4, 12, 4, 2, 1, 3, 4, 3, 4, 0, 5, 4, 14, 3, 1, 3, 2, 5, 1, 4, 6, 17, 4, 2, 5, 2, 2, 1, 3, 0, 2, 1, 1, 4, 1, 0, 3, 2, 1, 2, 1, 0, 2]
MAPE: 5.808753360795508 [8.695652173913043, 1.6666666666666667, 4.301075268817205, 2.941176470588235, 15.068493150684931, 28.947368421052634, 4.3478260869565215, 3.9215686274509802, 7.4074074074074066, 4.761904761904762, 1.4925373134328357, 6.896551724137931, 0.0, 5.555555555555555, 3.571428571428571, 15.384615384615385, 1.4925373134328357, 3.79746835443038, 6.358381502890173, 6.896551724137931, 5.208333333333334, 1.2345679012345678, 1.5873015873015872, 6.122448979591836, 5.263157894736842, 0.0, 3.2520325203252036, 2.3255813953488373, 1.1904761904761905, 8.91089108910891, 5.263157894736842, 3.125, 5.376344086021505, 6.557377049180328, 2.9914529914529915, 12.5, 19.11764705882353, 3.3333333333333335, 5.172413793103448, 4.25531914893617, 10.0, 3.149606299212598, 17.28395061728395, 0.0, 12.5, 4.3478260869565215, 15.217391304347828, 13.793103448275861, 1.2048192771084338, 1.639344262295082, 6.8181818181818175, 2.941176470588235, 4.225352112676056, 8.695652173913043, 10.204081632653061, 10.526315789473683, 3.061224489795918, 1.3157894736842104, 12.727272727272727, 0.0, 11.428571428571429, 0.0, 4.72972972972973, 5.263157894736842, 2.4193548387096775, 3.225806451612903, 0.0, 0.4716981132075472, 0.0, 4.166666666666666, 3.4482758620689653, 10.909090909090908, 0.0, 13.333333333333334, 0.0, 7.6923076923076925, 0.0, 2.9940119760479043, 6.896551724137931, 14.893617021276595, 0.0, 15.625, 2.479338842975207, 9.16030534351145, 0.38022813688212925, 2.7027027027027026, 4.3478260869565215, 4.166666666666666, 66.66666666666666, 6.153846153846154, 4.651162790697675, 2.1739130434782608, 4.166666666666666, 4.761904761904762, 2.803738317757009, 6.557377049180328, 0.0, 5.05050505050505, 5.128205128205128, 12.389380530973451, 5.357142857142857, 1.0, 10.344827586206897, 1.1904761904761905, 2.9940119760479043, 2.7777777777777777, 15.384615384615385, 12.76595744680851, 14.40677966101695, 4.395604395604396, 3.076923076923077, 2.242152466367713, 2.631578947368421, 1.6, 0.5405405405405406, 6.25, 0.0, 3.508771929824561, 2.7027027027027026, 2.0408163265306123, 9.30232558139535, 1.0752688172043012, 0.0, 6.25, 4.166666666666666, 2.083333333333333, 3.508771929824561, 2.4390243902439024, 0.0, 3.9215686274509802]
RMSE: 5.844129204068486 [16, 16, 16, 16, 121, 121, 4, 16, 16, 16, 4, 4, 0, 9, 4, 16, 16, 9, 121, 16, 25, 1, 4, 9, 25, 0, 16, 1, 4, 324, 36, 9, 25, 16, 49, 64, 169, 1, 9, 4, 16, 16, 196, 0, 16, 9, 49, 64, 1, 4, 9, 9, 9, 4, 25, 4, 9, 1, 49, 0, 1024, 0, 49, 25, 9, 1, 0, 1, 0, 4, 49, 144, 0, 16, 0, 4, 0, 25, 16, 49, 0, 25, 9, 144, 1, 4, 36, 16, 144, 16, 4, 1, 9, 16, 9, 16, 0, 25, 16, 196, 9, 1, 9, 4, 25, 1, 16, 36, 289, 16, 4, 25, 4, 4, 1, 9, 0, 4, 1, 1, 16, 1, 0, 9, 4, 1, 4, 1, 0, 4]

pred: 11105 [42, 236, 97, 132, 84, 27, 48, 106, 50, 88, 136, 31, 30, 57, 58, 30, 272, 82, 162, 54, 91, 82, 124, 52, 90, 26, 119, 44, 166, 184, 108, 99, 98, 65, 241, 72, 81, 29, 61, 49, 44, 123, 95, 49, 36, 72, 39, 66, 84, 124, 47, 99, 68, 21, 54, 21, 95, 77, 48, 97, 312, 50, 155, 100, 127, 30, 75, 213, 120, 46, 196, 98, 77, 26, 39, 28, 39, 162, 54, 40, 41, 37, 124, 119, 264, 76, 144, 92, 6, 69, 41, 47, 75, 80, 110, 65, 16, 94, 74, 127, 59, 99, 32, 170, 172, 37, 30, 41, 101, 95, 63, 218, 74, 127, 184, 51, 119, 55, 38, 50, 47, 92, 35, 51, 46, 49, 55, 40, 76, 49]
real: 11073 [46, 240, 93, 136, 73, 38, 46, 102, 54, 84, 134, 29, 30, 54, 56, 26, 268, 79, 173, 58, 96, 81, 126, 49, 95, 26, 123, 43, 168, 202, 114, 96, 93, 61, 234, 64, 68, 30, 58, 47, 40, 127, 81, 49, 32, 69, 46, 58, 83, 122, 44, 102, 71, 23, 49, 19, 98, 76, 55, 97, 280, 50, 148, 95, 124, 31, 75, 212, 120, 48, 203, 110, 77, 30, 39, 26, 39, 167, 58, 47, 41, 32, 121, 131, 263, 74, 138, 96, 18, 65, 43, 46, 72, 84, 107, 61, 16, 99, 78, 113, 56, 100, 29, 168, 167, 36, 26, 47, 118, 91, 65, 223, 76, 125, 185, 48, 119, 57, 37, 49, 43, 93, 35, 48, 48, 48, 57, 41, 76, 51]

grid_scale: 0.45
resize_scale: 0.5
confiance: 0.4

random_seed: 1011
data_augmentation: True
samples: 130
