MAE: 4.107692307692307 [1, 3, 6, 6, 6, 13, 0, 12, 4, 4, 3, 0, 1, 3, 2, 2, 3, 10, 2, 1, 11, 2, 10, 4, 6, 0, 5, 0, 2, 15, 33, 2, 11, 4, 14, 11, 10, 0, 2, 2, 1, 6, 7, 1, 0, 0, 3, 5, 0, 1, 0, 0, 1, 1, 3, 2, 2, 3, 7, 3, 26, 2, 5, 2, 0, 0, 2, 12, 1, 5, 11, 4, 0, 1, 6, 1, 1, 4, 3, 7, 2, 1, 6, 17, 8, 0, 4, 3, 18, 7, 1, 2, 2, 4, 1, 3, 1, 6, 2, 2, 1, 1, 1, 3, 2, 2, 1, 4, 15, 3, 1, 1, 2, 3, 7, 4, 1, 2, 1, 1, 4, 3, 0, 5, 6, 3, 0, 1, 1, 0]
MAPE: 5.66226009668955 [2.1739130434782608, 1.25, 6.451612903225806, 4.411764705882353, 8.21917808219178, 34.21052631578947, 0.0, 11.76470588235294, 7.4074074074074066, 4.761904761904762, 2.2388059701492535, 0.0, 3.3333333333333335, 5.555555555555555, 3.571428571428571, 7.6923076923076925, 1.1194029850746268, 12.658227848101266, 1.1560693641618496, 1.7241379310344827, 11.458333333333332, 2.4691358024691357, 7.936507936507936, 8.16326530612245, 6.315789473684211, 0.0, 4.0650406504065035, 0.0, 1.1904761904761905, 7.425742574257425, 28.947368421052634, 2.083333333333333, 11.827956989247312, 6.557377049180328, 5.982905982905983, 17.1875, 14.705882352941178, 0.0, 3.4482758620689653, 4.25531914893617, 2.5, 4.724409448818897, 8.641975308641975, 2.0408163265306123, 0.0, 0.0, 6.521739130434782, 8.620689655172415, 0.0, 0.819672131147541, 0.0, 0.0, 1.4084507042253522, 4.3478260869565215, 6.122448979591836, 10.526315789473683, 2.0408163265306123, 3.9473684210526314, 12.727272727272727, 3.0927835051546393, 9.285714285714286, 4.0, 3.3783783783783785, 2.1052631578947367, 0.0, 0.0, 2.666666666666667, 5.660377358490567, 0.8333333333333334, 10.416666666666668, 5.41871921182266, 3.6363636363636362, 0.0, 3.3333333333333335, 15.384615384615385, 3.8461538461538463, 2.564102564102564, 2.3952095808383236, 5.172413793103448, 14.893617021276595, 4.878048780487805, 3.125, 4.958677685950414, 12.977099236641221, 3.041825095057034, 0.0, 2.898550724637681, 3.125, 100.0, 10.76923076923077, 2.3255813953488373, 4.3478260869565215, 2.7777777777777777, 4.761904761904762, 0.9345794392523363, 4.918032786885246, 6.25, 6.0606060606060606, 2.564102564102564, 1.7699115044247788, 1.7857142857142856, 1.0, 3.4482758620689653, 1.7857142857142856, 1.1976047904191618, 5.555555555555555, 3.8461538461538463, 8.51063829787234, 12.711864406779661, 3.296703296703297, 1.5384615384615385, 0.4484304932735426, 2.631578947368421, 2.4, 3.783783783783784, 8.333333333333332, 0.8403361344537815, 3.508771929824561, 2.7027027027027026, 2.0408163265306123, 9.30232558139535, 3.225806451612903, 0.0, 10.416666666666668, 12.5, 6.25, 0.0, 2.4390243902439024, 1.3157894736842104, 0.0]
RMSE: 6.479553640847136 [1, 9, 36, 36, 36, 169, 0, 144, 16, 16, 9, 0, 1, 9, 4, 4, 9, 100, 4, 1, 121, 4, 100, 16, 36, 0, 25, 0, 4, 225, 1089, 4, 121, 16, 196, 121, 100, 0, 4, 4, 1, 36, 49, 1, 0, 0, 9, 25, 0, 1, 0, 0, 1, 1, 9, 4, 4, 9, 49, 9, 676, 4, 25, 4, 0, 0, 4, 144, 1, 25, 121, 16, 0, 1, 36, 1, 1, 16, 9, 49, 4, 1, 36, 289, 64, 0, 16, 9, 324, 49, 1, 4, 4, 16, 1, 9, 1, 36, 4, 4, 1, 1, 1, 9, 4, 4, 1, 16, 225, 9, 1, 1, 4, 9, 49, 16, 1, 4, 1, 1, 16, 9, 0, 25, 36, 9, 0, 1, 1, 0]

pred: 10991 [45, 237, 99, 130, 79, 25, 46, 114, 50, 88, 137, 29, 29, 57, 58, 28, 265, 89, 171, 57, 85, 83, 116, 53, 89, 26, 118, 43, 166, 187, 81, 98, 82, 65, 248, 75, 78, 30, 56, 49, 41, 121, 88, 50, 32, 69, 43, 63, 83, 121, 44, 102, 72, 22, 52, 21, 100, 79, 48, 100, 306, 48, 153, 97, 124, 31, 77, 224, 121, 43, 192, 106, 77, 29, 33, 25, 38, 163, 55, 40, 39, 31, 115, 114, 271, 74, 142, 93, 0, 58, 42, 44, 74, 80, 106, 64, 17, 93, 76, 111, 55, 99, 30, 171, 169, 38, 27, 43, 103, 94, 64, 222, 78, 122, 178, 52, 120, 59, 36, 48, 47, 90, 35, 53, 42, 51, 57, 42, 77, 51]
real: 11073 [46, 240, 93, 136, 73, 38, 46, 102, 54, 84, 134, 29, 30, 54, 56, 26, 268, 79, 173, 58, 96, 81, 126, 49, 95, 26, 123, 43, 168, 202, 114, 96, 93, 61, 234, 64, 68, 30, 58, 47, 40, 127, 81, 49, 32, 69, 46, 58, 83, 122, 44, 102, 71, 23, 49, 19, 98, 76, 55, 97, 280, 50, 148, 95, 124, 31, 75, 212, 120, 48, 203, 110, 77, 30, 39, 26, 39, 167, 58, 47, 41, 32, 121, 131, 263, 74, 138, 96, 18, 65, 43, 46, 72, 84, 107, 61, 16, 99, 78, 113, 56, 100, 29, 168, 167, 36, 26, 47, 118, 91, 65, 223, 76, 125, 185, 48, 119, 57, 37, 49, 43, 93, 35, 48, 48, 48, 57, 41, 76, 51]

grid_scale: 0.45
resize_scale: 0.5
confiance: 0.45

random_seed: 1011
data_augmentation: True
samples: 130
