MAE: 8.423076923076923 [2, 22, 13, 11, 3, 13, 1, 1, 5, 2, 9, 2, 3, 1, 0, 1, 27, 6, 22, 6, 29, 4, 24, 2, 27, 1, 14, 0, 14, 42, 59, 12, 24, 1, 13, 6, 2, 2, 0, 1, 3, 14, 1, 3, 1, 1, 7, 6, 2, 7, 4, 12, 7, 2, 1, 1, 7, 3, 7, 9, 0, 3, 11, 0, 14, 4, 5, 17, 6, 4, 28, 18, 5, 3, 6, 4, 1, 16, 7, 14, 5, 1, 6, 29, 24, 1, 11, 5, 18, 1, 1, 1, 0, 9, 1, 2, 1, 27, 6, 14, 2, 11, 1, 12, 6, 2, 0, 18, 45, 1, 5, 25, 4, 10, 38, 0, 12, 5, 3, 1, 0, 5, 0, 0, 17, 0, 3, 6, 6, 3]
MAPE: 9.675843577512765 [4.3478260869565215, 9.166666666666666, 13.978494623655912, 8.088235294117647, 4.10958904109589, 34.21052631578947, 2.1739130434782608, 0.9803921568627451, 9.25925925925926, 2.380952380952381, 6.7164179104477615, 6.896551724137931, 10.0, 1.8518518518518516, 0.0, 3.8461538461538463, 10.074626865671641, 7.59493670886076, 12.716763005780345, 10.344827586206897, 30.208333333333332, 4.938271604938271, 19.047619047619047, 4.081632653061225, 28.421052631578945, 3.8461538461538463, 11.38211382113821, 0.0, 8.333333333333332, 20.792079207920793, 51.75438596491229, 12.5, 25.806451612903224, 1.639344262295082, 5.555555555555555, 9.375, 2.941176470588235, 6.666666666666667, 0.0, 2.127659574468085, 7.5, 11.023622047244094, 1.2345679012345678, 6.122448979591836, 3.125, 1.4492753623188406, 15.217391304347828, 10.344827586206897, 2.4096385542168677, 5.737704918032787, 9.090909090909092, 11.76470588235294, 9.859154929577464, 8.695652173913043, 2.0408163265306123, 5.263157894736842, 7.142857142857142, 3.9473684210526314, 12.727272727272727, 9.278350515463918, 0.0, 6.0, 7.4324324324324325, 0.0, 11.29032258064516, 12.903225806451612, 6.666666666666667, 8.018867924528301, 5.0, 8.333333333333332, 13.793103448275861, 16.363636363636363, 6.493506493506493, 10.0, 15.384615384615385, 15.384615384615385, 2.564102564102564, 9.580838323353294, 12.068965517241379, 29.78723404255319, 12.195121951219512, 3.125, 4.958677685950414, 22.137404580152673, 9.125475285171103, 1.3513513513513513, 7.971014492753622, 5.208333333333334, 100.0, 1.5384615384615385, 2.3255813953488373, 2.1739130434782608, 0.0, 10.714285714285714, 0.9345794392523363, 3.278688524590164, 6.25, 27.27272727272727, 7.6923076923076925, 12.389380530973451, 3.571428571428571, 11.0, 3.4482758620689653, 7.142857142857142, 3.592814371257485, 5.555555555555555, 0.0, 38.297872340425535, 38.13559322033898, 1.098901098901099, 7.6923076923076925, 11.210762331838566, 5.263157894736842, 8.0, 20.54054054054054, 0.0, 10.084033613445378, 8.771929824561402, 8.108108108108109, 2.0408163265306123, 0.0, 5.376344086021505, 0.0, 0.0, 35.41666666666667, 0.0, 5.263157894736842, 14.634146341463413, 7.894736842105263, 5.88235294117647]
RMSE: 13.220904193447122 [4, 484, 169, 121, 9, 169, 1, 1, 25, 4, 81, 4, 9, 1, 0, 1, 729, 36, 484, 36, 841, 16, 576, 4, 729, 1, 196, 0, 196, 1764, 3481, 144, 576, 1, 169, 36, 4, 4, 0, 1, 9, 196, 1, 9, 1, 1, 49, 36, 4, 49, 16, 144, 49, 4, 1, 1, 49, 9, 49, 81, 0, 9, 121, 0, 196, 16, 25, 289, 36, 16, 784, 324, 25, 9, 36, 16, 1, 256, 49, 196, 25, 1, 36, 841, 576, 1, 121, 25, 324, 1, 1, 1, 0, 81, 1, 4, 1, 729, 36, 196, 4, 121, 1, 144, 36, 4, 0, 324, 2025, 1, 25, 625, 16, 100, 1444, 0, 144, 25, 9, 1, 0, 25, 0, 0, 289, 0, 9, 36, 36, 9]

pred: 10030 [44, 218, 80, 125, 76, 25, 45, 101, 49, 82, 125, 27, 27, 55, 56, 25, 241, 73, 151, 52, 67, 77, 102, 47, 68, 25, 109, 43, 154, 160, 55, 84, 69, 60, 221, 70, 70, 28, 58, 46, 43, 113, 82, 46, 31, 68, 39, 64, 81, 115, 40, 90, 64, 21, 48, 20, 91, 73, 48, 88, 280, 47, 137, 95, 110, 27, 70, 195, 114, 44, 175, 92, 72, 27, 33, 22, 38, 151, 51, 33, 36, 31, 115, 102, 239, 73, 127, 91, 0, 64, 42, 45, 72, 75, 106, 59, 15, 72, 72, 99, 54, 89, 30, 156, 161, 34, 26, 29, 73, 92, 60, 198, 72, 115, 147, 48, 107, 52, 34, 50, 43, 88, 35, 48, 31, 48, 54, 35, 70, 48]
real: 11073 [46, 240, 93, 136, 73, 38, 46, 102, 54, 84, 134, 29, 30, 54, 56, 26, 268, 79, 173, 58, 96, 81, 126, 49, 95, 26, 123, 43, 168, 202, 114, 96, 93, 61, 234, 64, 68, 30, 58, 47, 40, 127, 81, 49, 32, 69, 46, 58, 83, 122, 44, 102, 71, 23, 49, 19, 98, 76, 55, 97, 280, 50, 148, 95, 124, 31, 75, 212, 120, 48, 203, 110, 77, 30, 39, 26, 39, 167, 58, 47, 41, 32, 121, 131, 263, 74, 138, 96, 18, 65, 43, 46, 72, 84, 107, 61, 16, 99, 78, 113, 56, 100, 29, 168, 167, 36, 26, 47, 118, 91, 65, 223, 76, 125, 185, 48, 119, 57, 37, 49, 43, 93, 35, 48, 48, 48, 57, 41, 76, 51]

grid_scale: 0.45
resize_scale: 0.5
confiance: 0.5

random_seed: 1011
data_augmentation: True
samples: 130
