MAE: 4.315384615384615 [0, 6, 5, 3, 2, 14, 1, 2, 3, 2, 4, 4, 0, 2, 7, 0, 4, 1, 6, 0, 15, 1, 6, 5, 15, 0, 3, 1, 4, 18, 44, 3, 10, 3, 9, 12, 4, 1, 1, 1, 3, 5, 1, 3, 6, 2, 4, 6, 3, 4, 1, 3, 0, 1, 2, 1, 0, 1, 7, 1, 18, 0, 6, 5, 4, 0, 2, 0, 2, 5, 14, 10, 4, 0, 6, 3, 0, 1, 2, 10, 3, 1, 0, 11, 2, 1, 2, 1, 18, 9, 1, 3, 0, 1, 1, 8, 1, 5, 4, 3, 2, 1, 0, 7, 0, 1, 3, 7, 29, 3, 1, 7, 4, 4, 14, 1, 1, 1, 1, 0, 7, 6, 0, 0, 9, 1, 1, 2, 3, 2]
MAPE: 6.135478939891672 [0.0, 2.5, 5.376344086021505, 2.2058823529411766, 2.73972602739726, 36.84210526315789, 2.1739130434782608, 1.9607843137254901, 5.555555555555555, 2.380952380952381, 2.9850746268656714, 13.793103448275861, 0.0, 3.7037037037037033, 12.5, 0.0, 1.4925373134328357, 1.2658227848101267, 3.4682080924855487, 0.0, 15.625, 1.2345679012345678, 4.761904761904762, 10.204081632653061, 15.789473684210526, 0.0, 2.4390243902439024, 2.3255813953488373, 2.380952380952381, 8.91089108910891, 38.59649122807017, 3.125, 10.75268817204301, 4.918032786885246, 3.8461538461538463, 18.75, 5.88235294117647, 3.3333333333333335, 1.7241379310344827, 2.127659574468085, 7.5, 3.937007874015748, 1.2345679012345678, 6.122448979591836, 18.75, 2.898550724637681, 8.695652173913043, 10.344827586206897, 3.614457831325301, 3.278688524590164, 2.272727272727273, 2.941176470588235, 0.0, 4.3478260869565215, 4.081632653061225, 5.263157894736842, 0.0, 1.3157894736842104, 12.727272727272727, 1.0309278350515463, 6.428571428571428, 0.0, 4.054054054054054, 5.263157894736842, 3.225806451612903, 0.0, 2.666666666666667, 0.0, 1.6666666666666667, 10.416666666666668, 6.896551724137931, 9.090909090909092, 5.194805194805195, 0.0, 15.384615384615385, 11.538461538461538, 0.0, 0.5988023952095809, 3.4482758620689653, 21.27659574468085, 7.317073170731707, 3.125, 0.0, 8.396946564885496, 0.7604562737642585, 1.3513513513513513, 1.4492753623188406, 1.0416666666666665, 100.0, 13.846153846153847, 2.3255813953488373, 6.521739130434782, 0.0, 1.1904761904761905, 0.9345794392523363, 13.114754098360656, 6.25, 5.05050505050505, 5.128205128205128, 2.6548672566371683, 3.571428571428571, 1.0, 0.0, 4.166666666666666, 0.0, 2.7777777777777777, 11.538461538461538, 14.893617021276595, 24.576271186440678, 3.296703296703297, 1.5384615384615385, 3.1390134529147984, 5.263157894736842, 3.2, 7.567567567567568, 2.083333333333333, 0.8403361344537815, 1.7543859649122806, 2.7027027027027026, 0.0, 16.27906976744186, 6.451612903225806, 0.0, 0.0, 18.75, 2.083333333333333, 1.7543859649122806, 4.878048780487805, 3.9473684210526314, 3.9215686274509802]
RMSE: 7.239315734770263 [0, 36, 25, 9, 4, 196, 1, 4, 9, 4, 16, 16, 0, 4, 49, 0, 16, 1, 36, 0, 225, 1, 36, 25, 225, 0, 9, 1, 16, 324, 1936, 9, 100, 9, 81, 144, 16, 1, 1, 1, 9, 25, 1, 9, 36, 4, 16, 36, 9, 16, 1, 9, 0, 1, 4, 1, 0, 1, 49, 1, 324, 0, 36, 25, 16, 0, 4, 0, 4, 25, 196, 100, 16, 0, 36, 9, 0, 1, 4, 100, 9, 1, 0, 121, 4, 1, 4, 1, 324, 81, 1, 9, 0, 1, 1, 64, 1, 25, 16, 9, 4, 1, 0, 49, 0, 1, 9, 49, 841, 9, 1, 49, 16, 16, 196, 1, 1, 1, 1, 0, 49, 36, 0, 0, 81, 1, 1, 4, 9, 4]

pred: 10814 [46, 234, 88, 133, 75, 24, 47, 104, 51, 86, 138, 25, 30, 56, 63, 26, 264, 78, 167, 58, 81, 80, 120, 54, 80, 26, 120, 44, 164, 184, 70, 93, 83, 64, 243, 76, 72, 31, 59, 48, 43, 122, 82, 46, 26, 71, 42, 64, 86, 118, 45, 99, 71, 24, 51, 20, 98, 75, 48, 98, 298, 50, 142, 100, 120, 31, 77, 212, 118, 43, 189, 100, 73, 30, 33, 23, 39, 166, 56, 37, 38, 31, 121, 120, 265, 75, 140, 97, 0, 56, 42, 43, 72, 85, 106, 69, 17, 94, 74, 116, 58, 99, 29, 161, 167, 37, 29, 40, 89, 94, 64, 216, 72, 121, 171, 49, 118, 56, 38, 49, 50, 99, 35, 48, 39, 49, 56, 43, 73, 53]
real: 11073 [46, 240, 93, 136, 73, 38, 46, 102, 54, 84, 134, 29, 30, 54, 56, 26, 268, 79, 173, 58, 96, 81, 126, 49, 95, 26, 123, 43, 168, 202, 114, 96, 93, 61, 234, 64, 68, 30, 58, 47, 40, 127, 81, 49, 32, 69, 46, 58, 83, 122, 44, 102, 71, 23, 49, 19, 98, 76, 55, 97, 280, 50, 148, 95, 124, 31, 75, 212, 120, 48, 203, 110, 77, 30, 39, 26, 39, 167, 58, 47, 41, 32, 121, 131, 263, 74, 138, 96, 18, 65, 43, 46, 72, 84, 107, 61, 16, 99, 78, 113, 56, 100, 29, 168, 167, 36, 26, 47, 118, 91, 65, 223, 76, 125, 185, 48, 119, 57, 37, 49, 43, 93, 35, 48, 48, 48, 57, 41, 76, 51]

grid_scale: 0.35
resize_scale: 0.5
confiance: 0.45

random_seed: 1011
data_augmentation: True
samples: 130
