MAE: 7.753846153846154 [5, 32, 5, 10, 5, 9, 6, 20, 2, 6, 7, 2, 4, 8, 6, 1, 43, 10, 11, 9, 3, 10, 13, 7, 1, 8, 1, 4, 16, 11, 9, 6, 3, 10, 30, 20, 15, 3, 6, 3, 7, 2, 12, 4, 4, 13, 3, 10, 7, 2, 7, 2, 4, 2, 10, 3, 7, 1, 2, 8, 47, 6, 14, 9, 10, 2, 12, 48, 6, 2, 10, 0, 0, 0, 0, 1, 1, 4, 4, 2, 0, 4, 15, 3, 25, 10, 11, 12, 18, 1, 2, 2, 5, 4, 4, 9, 0, 2, 7, 8, 2, 12, 4, 12, 2, 1, 3, 3, 4, 7, 5, 24, 3, 10, 6, 10, 25, 9, 5, 4, 12, 8, 2, 1, 3, 7, 5, 6, 0, 3]
MAPE: 9.824799723057433 [10.869565217391305, 13.333333333333334, 5.376344086021505, 7.352941176470589, 6.8493150684931505, 23.684210526315788, 13.043478260869565, 19.607843137254903, 3.7037037037037033, 7.142857142857142, 5.223880597014925, 6.896551724137931, 13.333333333333334, 14.814814814814813, 10.714285714285714, 3.8461538461538463, 16.044776119402986, 12.658227848101266, 6.358381502890173, 15.517241379310345, 3.125, 12.345679012345679, 10.317460317460316, 14.285714285714285, 1.0526315789473684, 30.76923076923077, 0.8130081300813009, 9.30232558139535, 9.523809523809524, 5.445544554455446, 7.894736842105263, 6.25, 3.225806451612903, 16.39344262295082, 12.82051282051282, 31.25, 22.058823529411764, 10.0, 10.344827586206897, 6.382978723404255, 17.5, 1.574803149606299, 14.814814814814813, 8.16326530612245, 12.5, 18.84057971014493, 6.521739130434782, 17.24137931034483, 8.433734939759036, 1.639344262295082, 15.909090909090908, 1.9607843137254901, 5.633802816901409, 8.695652173913043, 20.408163265306122, 15.789473684210526, 7.142857142857142, 1.3157894736842104, 3.6363636363636362, 8.24742268041237, 16.785714285714285, 12.0, 9.45945945945946, 9.473684210526317, 8.064516129032258, 6.451612903225806, 16.0, 22.641509433962266, 5.0, 4.166666666666666, 4.926108374384237, 0.0, 0.0, 0.0, 0.0, 3.8461538461538463, 2.564102564102564, 2.3952095808383236, 6.896551724137931, 4.25531914893617, 0.0, 12.5, 12.396694214876034, 2.2900763358778624, 9.505703422053232, 13.513513513513514, 7.971014492753622, 12.5, 100.0, 1.5384615384615385, 4.651162790697675, 4.3478260869565215, 6.944444444444445, 4.761904761904762, 3.7383177570093453, 14.754098360655737, 0.0, 2.0202020202020203, 8.974358974358974, 7.079646017699115, 3.571428571428571, 12.0, 13.793103448275861, 7.142857142857142, 1.1976047904191618, 2.7777777777777777, 11.538461538461538, 6.382978723404255, 3.389830508474576, 7.6923076923076925, 7.6923076923076925, 10.762331838565023, 3.9473684210526314, 8.0, 3.2432432432432434, 20.833333333333336, 21.008403361344538, 15.789473684210526, 13.513513513513514, 8.16326530612245, 27.906976744186046, 8.60215053763441, 5.714285714285714, 2.083333333333333, 6.25, 14.583333333333334, 8.771929824561402, 14.634146341463413, 0.0, 5.88235294117647]
RMSE: 11.414565593674938 [25, 1024, 25, 100, 25, 81, 36, 400, 4, 36, 49, 4, 16, 64, 36, 1, 1849, 100, 121, 81, 9, 100, 169, 49, 1, 64, 1, 16, 256, 121, 81, 36, 9, 100, 900, 400, 225, 9, 36, 9, 49, 4, 144, 16, 16, 169, 9, 100, 49, 4, 49, 4, 16, 4, 100, 9, 49, 1, 4, 64, 2209, 36, 196, 81, 100, 4, 144, 2304, 36, 4, 100, 0, 0, 0, 0, 1, 1, 16, 16, 4, 0, 16, 225, 9, 625, 100, 121, 144, 324, 1, 4, 4, 25, 16, 16, 81, 0, 4, 49, 64, 4, 144, 16, 144, 4, 1, 9, 9, 16, 49, 25, 576, 9, 100, 36, 100, 625, 81, 25, 16, 144, 64, 4, 1, 9, 49, 25, 36, 0, 9]

pred: 11937 [51, 272, 98, 146, 78, 29, 52, 122, 56, 90, 141, 31, 34, 62, 62, 27, 311, 89, 184, 67, 93, 91, 139, 56, 94, 34, 124, 47, 184, 213, 105, 102, 96, 71, 264, 84, 83, 33, 64, 50, 47, 125, 93, 53, 36, 82, 49, 68, 90, 124, 51, 100, 75, 25, 59, 22, 105, 77, 53, 105, 327, 56, 162, 104, 134, 33, 87, 260, 126, 46, 213, 110, 77, 30, 39, 25, 40, 171, 62, 45, 41, 36, 136, 134, 288, 84, 149, 108, 0, 64, 41, 44, 77, 88, 111, 70, 16, 101, 85, 121, 58, 112, 33, 180, 169, 37, 29, 44, 114, 98, 70, 247, 79, 135, 179, 58, 144, 66, 42, 53, 55, 101, 37, 49, 45, 55, 62, 47, 76, 54]
real: 11073 [46, 240, 93, 136, 73, 38, 46, 102, 54, 84, 134, 29, 30, 54, 56, 26, 268, 79, 173, 58, 96, 81, 126, 49, 95, 26, 123, 43, 168, 202, 114, 96, 93, 61, 234, 64, 68, 30, 58, 47, 40, 127, 81, 49, 32, 69, 46, 58, 83, 122, 44, 102, 71, 23, 49, 19, 98, 76, 55, 97, 280, 50, 148, 95, 124, 31, 75, 212, 120, 48, 203, 110, 77, 30, 39, 26, 39, 167, 58, 47, 41, 32, 121, 131, 263, 74, 138, 96, 18, 65, 43, 46, 72, 84, 107, 61, 16, 99, 78, 113, 56, 100, 29, 168, 167, 36, 26, 47, 118, 91, 65, 223, 76, 125, 185, 48, 119, 57, 37, 49, 43, 93, 35, 48, 48, 48, 57, 41, 76, 51]

grid_scale: 0.4
resize_scale: 0.5
confiance: 0.3

random_seed: 1011
data_augmentation: True
samples: 130
