MAE: 4.5 [0, 1, 0, 1, 2, 10, 0, 9, 2, 4, 1, 4, 3, 1, 2, 2, 2, 4, 1, 5, 15, 2, 8, 0, 10, 0, 13, 1, 3, 9, 48, 0, 11, 2, 4, 13, 0, 0, 1, 0, 1, 13, 1, 1, 2, 6, 3, 6, 1, 5, 2, 1, 3, 1, 2, 2, 2, 3, 3, 3, 30, 1, 0, 2, 12, 2, 4, 12, 2, 3, 6, 14, 2, 3, 2, 5, 0, 9, 4, 7, 9, 0, 2, 18, 2, 5, 4, 2, 18, 1, 2, 3, 3, 2, 2, 3, 0, 7, 2, 2, 2, 2, 3, 5, 9, 1, 4, 6, 24, 2, 2, 5, 5, 3, 10, 1, 3, 2, 1, 2, 3, 1, 1, 0, 12, 3, 4, 3, 3, 1]
MAPE: 6.33318950203488 [0.0, 0.4166666666666667, 0.0, 0.7352941176470588, 2.73972602739726, 26.31578947368421, 0.0, 8.823529411764707, 3.7037037037037033, 4.761904761904762, 0.7462686567164178, 13.793103448275861, 10.0, 1.8518518518518516, 3.571428571428571, 7.6923076923076925, 0.7462686567164178, 5.063291139240507, 0.5780346820809248, 8.620689655172415, 15.625, 2.4691358024691357, 6.349206349206349, 0.0, 10.526315789473683, 0.0, 10.569105691056912, 2.3255813953488373, 1.7857142857142856, 4.455445544554455, 42.10526315789473, 0.0, 11.827956989247312, 3.278688524590164, 1.7094017094017095, 20.3125, 0.0, 0.0, 1.7241379310344827, 0.0, 2.5, 10.236220472440944, 1.2345679012345678, 2.0408163265306123, 6.25, 8.695652173913043, 6.521739130434782, 10.344827586206897, 1.2048192771084338, 4.098360655737705, 4.545454545454546, 0.9803921568627451, 4.225352112676056, 4.3478260869565215, 4.081632653061225, 10.526315789473683, 2.0408163265306123, 3.9473684210526314, 5.454545454545454, 3.0927835051546393, 10.714285714285714, 2.0, 0.0, 2.1052631578947367, 9.67741935483871, 6.451612903225806, 5.333333333333334, 5.660377358490567, 1.6666666666666667, 6.25, 2.955665024630542, 12.727272727272727, 2.5974025974025974, 10.0, 5.128205128205128, 19.230769230769234, 0.0, 5.389221556886228, 6.896551724137931, 14.893617021276595, 21.951219512195124, 0.0, 1.6528925619834711, 13.740458015267176, 0.7604562737642585, 6.756756756756757, 2.898550724637681, 2.083333333333333, 100.0, 1.5384615384615385, 4.651162790697675, 6.521739130434782, 4.166666666666666, 2.380952380952381, 1.8691588785046727, 4.918032786885246, 0.0, 7.07070707070707, 2.564102564102564, 1.7699115044247788, 3.571428571428571, 2.0, 10.344827586206897, 2.976190476190476, 5.389221556886228, 2.7777777777777777, 15.384615384615385, 12.76595744680851, 20.33898305084746, 2.197802197802198, 3.076923076923077, 2.242152466367713, 6.578947368421052, 2.4, 5.405405405405405, 2.083333333333333, 2.5210084033613445, 3.508771929824561, 2.7027027027027026, 4.081632653061225, 6.976744186046512, 1.0752688172043012, 2.857142857142857, 0.0, 25.0, 6.25, 7.017543859649122, 7.317073170731707, 3.9473684210526314, 1.9607843137254901]
RMSE: 7.623344713141641 [0, 1, 0, 1, 4, 100, 0, 81, 4, 16, 1, 16, 9, 1, 4, 4, 4, 16, 1, 25, 225, 4, 64, 0, 100, 0, 169, 1, 9, 81, 2304, 0, 121, 4, 16, 169, 0, 0, 1, 0, 1, 169, 1, 1, 4, 36, 9, 36, 1, 25, 4, 1, 9, 1, 4, 4, 4, 9, 9, 9, 900, 1, 0, 4, 144, 4, 16, 144, 4, 9, 36, 196, 4, 9, 4, 25, 0, 81, 16, 49, 81, 0, 4, 324, 4, 25, 16, 4, 324, 1, 4, 9, 9, 4, 4, 9, 0, 49, 4, 4, 4, 4, 9, 25, 81, 1, 16, 36, 576, 4, 4, 25, 25, 9, 100, 1, 9, 4, 1, 4, 9, 1, 1, 0, 144, 9, 16, 9, 9, 1]

pred: 10802 [46, 239, 93, 135, 75, 28, 46, 111, 52, 88, 135, 25, 33, 55, 58, 28, 266, 83, 172, 53, 81, 83, 118, 49, 85, 26, 110, 44, 165, 193, 66, 96, 82, 63, 238, 77, 68, 30, 57, 47, 41, 114, 80, 50, 30, 75, 43, 64, 84, 117, 46, 101, 68, 22, 47, 21, 100, 79, 52, 94, 310, 49, 148, 97, 112, 29, 71, 224, 118, 45, 197, 96, 75, 27, 37, 21, 39, 158, 54, 40, 32, 32, 123, 113, 261, 79, 134, 94, 0, 64, 41, 43, 75, 82, 105, 64, 16, 92, 76, 115, 54, 98, 32, 163, 176, 35, 22, 41, 94, 93, 67, 218, 71, 122, 175, 47, 116, 55, 38, 47, 46, 94, 34, 48, 36, 51, 53, 38, 73, 50]
real: 11073 [46, 240, 93, 136, 73, 38, 46, 102, 54, 84, 134, 29, 30, 54, 56, 26, 268, 79, 173, 58, 96, 81, 126, 49, 95, 26, 123, 43, 168, 202, 114, 96, 93, 61, 234, 64, 68, 30, 58, 47, 40, 127, 81, 49, 32, 69, 46, 58, 83, 122, 44, 102, 71, 23, 49, 19, 98, 76, 55, 97, 280, 50, 148, 95, 124, 31, 75, 212, 120, 48, 203, 110, 77, 30, 39, 26, 39, 167, 58, 47, 41, 32, 121, 131, 263, 74, 138, 96, 18, 65, 43, 46, 72, 84, 107, 61, 16, 99, 78, 113, 56, 100, 29, 168, 167, 36, 26, 47, 118, 91, 65, 223, 76, 125, 185, 48, 119, 57, 37, 49, 43, 93, 35, 48, 48, 48, 57, 41, 76, 51]

grid_scale: 0.4
resize_scale: 0.5
confiance: 0.45

random_seed: 1011
data_augmentation: True
samples: 130
