MAE: 7.046153846153846 [6, 17, 7, 6, 11, 3, 9, 25, 2, 6, 7, 1, 3, 4, 6, 3, 18, 12, 16, 9, 1, 6, 12, 7, 2, 5, 8, 4, 13, 0, 13, 5, 1, 7, 28, 21, 12, 1, 3, 6, 5, 2, 20, 2, 2, 5, 3, 12, 7, 12, 1, 6, 5, 2, 8, 2, 8, 0, 2, 5, 65, 8, 11, 18, 7, 2, 11, 32, 3, 2, 9, 3, 6, 0, 2, 0, 2, 11, 0, 2, 2, 0, 6, 8, 19, 4, 19, 7, 18, 3, 6, 0, 9, 0, 7, 14, 2, 11, 3, 14, 6, 5, 2, 3, 9, 1, 5, 3, 0, 11, 4, 5, 7, 6, 2, 4, 4, 6, 2, 3, 6, 8, 2, 5, 1, 2, 4, 5, 9, 5]
MAPE: 9.06144136312485 [13.043478260869565, 7.083333333333333, 7.526881720430108, 4.411764705882353, 15.068493150684931, 7.894736842105263, 19.565217391304348, 24.509803921568626, 3.7037037037037033, 7.142857142857142, 5.223880597014925, 3.4482758620689653, 10.0, 7.4074074074074066, 10.714285714285714, 11.538461538461538, 6.7164179104477615, 15.18987341772152, 9.248554913294797, 15.517241379310345, 1.0416666666666665, 7.4074074074074066, 9.523809523809524, 14.285714285714285, 2.1052631578947367, 19.230769230769234, 6.504065040650407, 9.30232558139535, 7.738095238095238, 0.0, 11.403508771929824, 5.208333333333334, 1.0752688172043012, 11.475409836065573, 11.965811965811966, 32.8125, 17.647058823529413, 3.3333333333333335, 5.172413793103448, 12.76595744680851, 12.5, 1.574803149606299, 24.691358024691358, 4.081632653061225, 6.25, 7.246376811594203, 6.521739130434782, 20.689655172413794, 8.433734939759036, 9.836065573770492, 2.272727272727273, 5.88235294117647, 7.042253521126761, 8.695652173913043, 16.3265306122449, 10.526315789473683, 8.16326530612245, 0.0, 3.6363636363636362, 5.154639175257731, 23.214285714285715, 16.0, 7.4324324324324325, 18.947368421052634, 5.64516129032258, 6.451612903225806, 14.666666666666666, 15.09433962264151, 2.5, 4.166666666666666, 4.433497536945813, 2.727272727272727, 7.792207792207792, 0.0, 5.128205128205128, 0.0, 5.128205128205128, 6.58682634730539, 0.0, 4.25531914893617, 4.878048780487805, 0.0, 4.958677685950414, 6.106870229007633, 7.224334600760455, 5.405405405405405, 13.768115942028986, 7.291666666666667, 100.0, 4.615384615384616, 13.953488372093023, 0.0, 12.5, 0.0, 6.5420560747663545, 22.950819672131146, 12.5, 11.11111111111111, 3.8461538461538463, 12.389380530973451, 10.714285714285714, 5.0, 6.896551724137931, 1.7857142857142856, 5.389221556886228, 2.7777777777777777, 19.230769230769234, 6.382978723404255, 0.0, 12.087912087912088, 6.153846153846154, 2.242152466367713, 9.210526315789473, 4.8, 1.0810810810810811, 8.333333333333332, 3.361344537815126, 10.526315789473683, 5.405405405405405, 6.122448979591836, 13.953488372093023, 8.60215053763441, 5.714285714285714, 10.416666666666668, 2.083333333333333, 4.166666666666666, 7.017543859649122, 12.195121951219512, 11.842105263157894, 9.803921568627452]
RMSE: 10.501281973022298 [36, 289, 49, 36, 121, 9, 81, 625, 4, 36, 49, 1, 9, 16, 36, 9, 324, 144, 256, 81, 1, 36, 144, 49, 4, 25, 64, 16, 169, 0, 169, 25, 1, 49, 784, 441, 144, 1, 9, 36, 25, 4, 400, 4, 4, 25, 9, 144, 49, 144, 1, 36, 25, 4, 64, 4, 64, 0, 4, 25, 4225, 64, 121, 324, 49, 4, 121, 1024, 9, 4, 81, 9, 36, 0, 4, 0, 4, 121, 0, 4, 4, 0, 36, 64, 361, 16, 361, 49, 324, 9, 36, 0, 81, 0, 49, 196, 4, 121, 9, 196, 36, 25, 4, 9, 81, 1, 25, 9, 0, 121, 16, 25, 49, 36, 4, 16, 16, 36, 4, 9, 36, 64, 4, 25, 1, 4, 16, 25, 81, 25]

pred: 11893 [52, 257, 100, 142, 84, 35, 55, 127, 56, 90, 141, 30, 33, 58, 62, 29, 286, 91, 189, 67, 95, 87, 138, 56, 93, 31, 131, 47, 181, 202, 101, 101, 92, 68, 262, 85, 80, 31, 61, 53, 45, 129, 101, 51, 30, 74, 49, 70, 90, 134, 45, 108, 76, 25, 57, 21, 106, 76, 57, 102, 345, 58, 159, 113, 131, 33, 86, 244, 123, 50, 212, 107, 83, 30, 41, 26, 41, 178, 58, 45, 43, 32, 127, 139, 282, 78, 157, 103, 0, 68, 49, 46, 81, 84, 114, 75, 18, 110, 81, 127, 62, 105, 31, 171, 176, 37, 31, 44, 118, 102, 69, 228, 83, 131, 187, 52, 123, 63, 39, 52, 49, 101, 37, 53, 49, 50, 61, 46, 85, 56]
real: 11073 [46, 240, 93, 136, 73, 38, 46, 102, 54, 84, 134, 29, 30, 54, 56, 26, 268, 79, 173, 58, 96, 81, 126, 49, 95, 26, 123, 43, 168, 202, 114, 96, 93, 61, 234, 64, 68, 30, 58, 47, 40, 127, 81, 49, 32, 69, 46, 58, 83, 122, 44, 102, 71, 23, 49, 19, 98, 76, 55, 97, 280, 50, 148, 95, 124, 31, 75, 212, 120, 48, 203, 110, 77, 30, 39, 26, 39, 167, 58, 47, 41, 32, 121, 131, 263, 74, 138, 96, 18, 65, 43, 46, 72, 84, 107, 61, 16, 99, 78, 113, 56, 100, 29, 168, 167, 36, 26, 47, 118, 91, 65, 223, 76, 125, 185, 48, 119, 57, 37, 49, 43, 93, 35, 48, 48, 48, 57, 41, 76, 51]

grid_scale: 0.4
resize_scale: 0.5
confiance: 0.3

random_seed: 1011
data_augmentation: True
samples: 130
