MAE: 6.130769230769231 [5, 12, 3, 9, 8, 6, 3, 17, 5, 6, 7, 1, 2, 6, 3, 3, 27, 10, 6, 3, 5, 6, 11, 5, 6, 1, 1, 2, 17, 1, 15, 3, 5, 9, 26, 17, 7, 2, 5, 4, 5, 3, 21, 3, 1, 5, 1, 6, 4, 4, 1, 3, 1, 1, 6, 2, 9, 3, 4, 7, 52, 8, 14, 13, 8, 2, 7, 21, 8, 3, 4, 1, 2, 1, 3, 1, 2, 13, 3, 3, 2, 3, 10, 5, 23, 3, 12, 5, 18, 3, 0, 2, 11, 1, 1, 7, 3, 2, 2, 13, 4, 1, 7, 8, 18, 1, 3, 1, 0, 6, 4, 2, 1, 4, 1, 5, 4, 4, 4, 2, 6, 5, 2, 3, 6, 5, 4, 5, 2, 4]
MAPE: 8.06046671387469 [10.869565217391305, 5.0, 3.225806451612903, 6.61764705882353, 10.95890410958904, 15.789473684210526, 6.521739130434782, 16.666666666666664, 9.25925925925926, 7.142857142857142, 5.223880597014925, 3.4482758620689653, 6.666666666666667, 11.11111111111111, 5.357142857142857, 11.538461538461538, 10.074626865671641, 12.658227848101266, 3.4682080924855487, 5.172413793103448, 5.208333333333334, 7.4074074074074066, 8.73015873015873, 10.204081632653061, 6.315789473684211, 3.8461538461538463, 0.8130081300813009, 4.651162790697675, 10.119047619047619, 0.49504950495049505, 13.157894736842104, 3.125, 5.376344086021505, 14.754098360655737, 11.11111111111111, 26.5625, 10.294117647058822, 6.666666666666667, 8.620689655172415, 8.51063829787234, 12.5, 2.3622047244094486, 25.925925925925924, 6.122448979591836, 3.125, 7.246376811594203, 2.1739130434782608, 10.344827586206897, 4.819277108433735, 3.278688524590164, 2.272727272727273, 2.941176470588235, 1.4084507042253522, 4.3478260869565215, 12.244897959183673, 10.526315789473683, 9.183673469387756, 3.9473684210526314, 7.2727272727272725, 7.216494845360824, 18.571428571428573, 16.0, 9.45945945945946, 13.684210526315791, 6.451612903225806, 6.451612903225806, 9.333333333333334, 9.90566037735849, 6.666666666666667, 6.25, 1.9704433497536946, 0.9090909090909091, 2.5974025974025974, 3.3333333333333335, 7.6923076923076925, 3.8461538461538463, 5.128205128205128, 7.784431137724551, 5.172413793103448, 6.382978723404255, 4.878048780487805, 9.375, 8.264462809917356, 3.816793893129771, 8.745247148288973, 4.054054054054054, 8.695652173913043, 5.208333333333334, 100.0, 4.615384615384616, 0.0, 4.3478260869565215, 15.277777777777779, 1.1904761904761905, 0.9345794392523363, 11.475409836065573, 18.75, 2.0202020202020203, 2.564102564102564, 11.504424778761061, 7.142857142857142, 1.0, 24.137931034482758, 4.761904761904762, 10.778443113772456, 2.7777777777777777, 11.538461538461538, 2.127659574468085, 0.0, 6.593406593406594, 6.153846153846154, 0.8968609865470852, 1.3157894736842104, 3.2, 0.5405405405405406, 10.416666666666668, 3.361344537815126, 7.017543859649122, 10.81081081081081, 4.081632653061225, 13.953488372093023, 5.376344086021505, 5.714285714285714, 6.25, 12.5, 10.416666666666668, 7.017543859649122, 12.195121951219512, 2.631578947368421, 7.8431372549019605]
RMSE: 9.099027843253788 [25, 144, 9, 81, 64, 36, 9, 289, 25, 36, 49, 1, 4, 36, 9, 9, 729, 100, 36, 9, 25, 36, 121, 25, 36, 1, 1, 4, 289, 1, 225, 9, 25, 81, 676, 289, 49, 4, 25, 16, 25, 9, 441, 9, 1, 25, 1, 36, 16, 16, 1, 9, 1, 1, 36, 4, 81, 9, 16, 49, 2704, 64, 196, 169, 64, 4, 49, 441, 64, 9, 16, 1, 4, 1, 9, 1, 4, 169, 9, 9, 4, 9, 100, 25, 529, 9, 144, 25, 324, 9, 0, 4, 121, 1, 1, 49, 9, 4, 4, 169, 16, 1, 49, 64, 324, 1, 9, 1, 0, 36, 16, 4, 1, 16, 1, 25, 16, 16, 16, 4, 36, 25, 4, 9, 36, 25, 16, 25, 4, 16]

pred: 11680 [51, 252, 96, 145, 81, 32, 49, 119, 49, 90, 141, 30, 32, 60, 59, 29, 295, 89, 179, 61, 91, 87, 137, 54, 89, 25, 122, 45, 185, 201, 99, 99, 88, 70, 260, 81, 75, 32, 63, 51, 45, 130, 102, 52, 33, 74, 47, 64, 87, 126, 45, 105, 72, 24, 55, 21, 107, 79, 51, 104, 332, 58, 162, 108, 132, 33, 82, 233, 128, 51, 207, 109, 79, 31, 36, 25, 41, 180, 61, 44, 39, 35, 131, 126, 286, 77, 150, 101, 0, 68, 43, 48, 83, 85, 108, 68, 19, 97, 80, 126, 60, 101, 36, 176, 185, 37, 29, 46, 118, 97, 69, 221, 75, 129, 184, 53, 123, 61, 41, 51, 49, 98, 37, 51, 42, 53, 61, 46, 78, 55]
real: 11073 [46, 240, 93, 136, 73, 38, 46, 102, 54, 84, 134, 29, 30, 54, 56, 26, 268, 79, 173, 58, 96, 81, 126, 49, 95, 26, 123, 43, 168, 202, 114, 96, 93, 61, 234, 64, 68, 30, 58, 47, 40, 127, 81, 49, 32, 69, 46, 58, 83, 122, 44, 102, 71, 23, 49, 19, 98, 76, 55, 97, 280, 50, 148, 95, 124, 31, 75, 212, 120, 48, 203, 110, 77, 30, 39, 26, 39, 167, 58, 47, 41, 32, 121, 131, 263, 74, 138, 96, 18, 65, 43, 46, 72, 84, 107, 61, 16, 99, 78, 113, 56, 100, 29, 168, 167, 36, 26, 47, 118, 91, 65, 223, 76, 125, 185, 48, 119, 57, 37, 49, 43, 93, 35, 48, 48, 48, 57, 41, 76, 51]

grid_scale: 0.4
resize_scale: 0.5
confiance: 0.35

random_seed: 1011
data_augmentation: True
samples: 130
