MAE: 4.776923076923077 [1, 13, 4, 5, 14, 11, 2, 8, 3, 1, 3, 0, 0, 6, 2, 4, 13, 8, 2, 3, 8, 5, 1, 4, 4, 0, 3, 0, 9, 3, 20, 4, 5, 4, 14, 12, 2, 1, 3, 2, 3, 3, 6, 5, 3, 6, 2, 9, 5, 2, 2, 2, 2, 1, 3, 2, 5, 0, 6, 4, 52, 0, 9, 8, 4, 0, 3, 23, 2, 1, 2, 2, 1, 3, 2, 2, 0, 1, 2, 5, 3, 2, 2, 9, 7, 1, 16, 0, 18, 5, 0, 1, 7, 2, 2, 8, 1, 2, 6, 7, 1, 10, 4, 7, 8, 0, 1, 5, 24, 5, 0, 5, 3, 1, 10, 4, 1, 4, 1, 2, 3, 0, 2, 2, 6, 4, 3, 1, 2, 3]
MAPE: 6.371152581909515 [2.1739130434782608, 5.416666666666667, 4.301075268817205, 3.6764705882352944, 19.17808219178082, 28.947368421052634, 4.3478260869565215, 7.8431372549019605, 5.555555555555555, 1.1904761904761905, 2.2388059701492535, 0.0, 0.0, 11.11111111111111, 3.571428571428571, 15.384615384615385, 4.850746268656716, 10.126582278481013, 1.1560693641618496, 5.172413793103448, 8.333333333333332, 6.172839506172839, 0.7936507936507936, 8.16326530612245, 4.2105263157894735, 0.0, 2.4390243902439024, 0.0, 5.357142857142857, 1.4851485148514851, 17.543859649122805, 4.166666666666666, 5.376344086021505, 6.557377049180328, 5.982905982905983, 18.75, 2.941176470588235, 3.3333333333333335, 5.172413793103448, 4.25531914893617, 7.5, 2.3622047244094486, 7.4074074074074066, 10.204081632653061, 9.375, 8.695652173913043, 4.3478260869565215, 15.517241379310345, 6.024096385542169, 1.639344262295082, 4.545454545454546, 1.9607843137254901, 2.8169014084507045, 4.3478260869565215, 6.122448979591836, 10.526315789473683, 5.1020408163265305, 0.0, 10.909090909090908, 4.123711340206185, 18.571428571428573, 0.0, 6.081081081081082, 8.421052631578947, 3.225806451612903, 0.0, 4.0, 10.849056603773585, 1.6666666666666667, 2.083333333333333, 0.9852216748768473, 1.8181818181818181, 1.2987012987012987, 10.0, 5.128205128205128, 7.6923076923076925, 0.0, 0.5988023952095809, 3.4482758620689653, 10.638297872340425, 7.317073170731707, 6.25, 1.6528925619834711, 6.870229007633588, 2.6615969581749046, 1.3513513513513513, 11.594202898550725, 0.0, 100.0, 7.6923076923076925, 0.0, 2.1739130434782608, 9.722222222222223, 2.380952380952381, 1.8691588785046727, 13.114754098360656, 6.25, 2.0202020202020203, 7.6923076923076925, 6.1946902654867255, 1.7857142857142856, 10.0, 13.793103448275861, 4.166666666666666, 4.790419161676647, 0.0, 3.8461538461538463, 10.638297872340425, 20.33898305084746, 5.4945054945054945, 0.0, 2.242152466367713, 3.9473684210526314, 0.8, 5.405405405405405, 8.333333333333332, 0.8403361344537815, 7.017543859649122, 2.7027027027027026, 4.081632653061225, 6.976744186046512, 0.0, 5.714285714285714, 4.166666666666666, 12.5, 8.333333333333332, 5.263157894736842, 2.4390243902439024, 2.631578947368421, 5.88235294117647]
RMSE: 7.768278692616135 [1, 169, 16, 25, 196, 121, 4, 64, 9, 1, 9, 0, 0, 36, 4, 16, 169, 64, 4, 9, 64, 25, 1, 16, 16, 0, 9, 0, 81, 9, 400, 16, 25, 16, 196, 144, 4, 1, 9, 4, 9, 9, 36, 25, 9, 36, 4, 81, 25, 4, 4, 4, 4, 1, 9, 4, 25, 0, 36, 16, 2704, 0, 81, 64, 16, 0, 9, 529, 4, 1, 4, 4, 1, 9, 4, 4, 0, 1, 4, 25, 9, 4, 4, 81, 49, 1, 256, 0, 324, 25, 0, 1, 49, 4, 4, 64, 1, 4, 36, 49, 1, 100, 16, 49, 64, 0, 1, 25, 576, 25, 0, 25, 9, 1, 100, 16, 1, 16, 1, 4, 9, 0, 4, 4, 36, 16, 9, 1, 4, 9]

pred: 11322 [47, 253, 97, 141, 87, 27, 48, 110, 51, 85, 137, 29, 30, 60, 58, 30, 281, 87, 175, 61, 88, 86, 127, 53, 91, 26, 120, 43, 177, 205, 94, 100, 88, 65, 248, 76, 70, 31, 61, 45, 43, 124, 87, 54, 35, 75, 48, 67, 88, 120, 46, 100, 69, 22, 52, 21, 103, 76, 49, 101, 332, 50, 157, 103, 128, 31, 78, 235, 118, 47, 201, 108, 76, 27, 37, 24, 39, 166, 56, 42, 38, 34, 123, 122, 270, 75, 154, 96, 0, 60, 43, 45, 79, 86, 109, 69, 17, 97, 72, 120, 57, 110, 33, 175, 175, 36, 25, 42, 94, 96, 65, 228, 79, 126, 175, 52, 120, 61, 38, 51, 46, 93, 37, 50, 42, 52, 60, 40, 78, 54]
real: 11073 [46, 240, 93, 136, 73, 38, 46, 102, 54, 84, 134, 29, 30, 54, 56, 26, 268, 79, 173, 58, 96, 81, 126, 49, 95, 26, 123, 43, 168, 202, 114, 96, 93, 61, 234, 64, 68, 30, 58, 47, 40, 127, 81, 49, 32, 69, 46, 58, 83, 122, 44, 102, 71, 23, 49, 19, 98, 76, 55, 97, 280, 50, 148, 95, 124, 31, 75, 212, 120, 48, 203, 110, 77, 30, 39, 26, 39, 167, 58, 47, 41, 32, 121, 131, 263, 74, 138, 96, 18, 65, 43, 46, 72, 84, 107, 61, 16, 99, 78, 113, 56, 100, 29, 168, 167, 36, 26, 47, 118, 91, 65, 223, 76, 125, 185, 48, 119, 57, 37, 49, 43, 93, 35, 48, 48, 48, 57, 41, 76, 51]

grid_scale: 0.45
resize_scale: 0.5
confiance: 0.35

random_seed: 1011
data_augmentation: True
samples: 130
