MAE: 8.73076923076923 [7, 25, 6, 8, 13, 13, 7, 18, 2, 7, 9, 6, 1, 6, 7, 1, 23, 15, 8, 6, 3, 6, 13, 12, 8, 5, 3, 6, 19, 5, 27, 11, 4, 10, 25, 21, 16, 3, 6, 12, 10, 10, 21, 6, 4, 13, 1, 18, 2, 9, 2, 8, 6, 1, 13, 2, 10, 4, 2, 7, 55, 5, 11, 10, 8, 1, 5, 28, 7, 2, 19, 8, 1, 5, 6, 2, 7, 12, 2, 0, 4, 4, 6, 10, 17, 7, 17, 6, 17, 3, 2, 1, 16, 2, 9, 15, 3, 10, 6, 14, 4, 9, 9, 14, 14, 5, 3, 0, 9, 7, 8, 24, 9, 2, 1, 7, 14, 3, 7, 3, 13, 6, 3, 6, 2, 15, 4, 8, 5, 6]
MAPE: 11.792624015236411 [15.217391304347828, 10.416666666666668, 6.451612903225806, 5.88235294117647, 17.80821917808219, 34.21052631578947, 15.217391304347828, 17.647058823529413, 3.7037037037037033, 8.333333333333332, 6.7164179104477615, 20.689655172413794, 3.3333333333333335, 11.11111111111111, 12.5, 3.8461538461538463, 8.582089552238806, 18.9873417721519, 4.624277456647398, 10.344827586206897, 3.125, 7.4074074074074066, 10.317460317460316, 24.489795918367346, 8.421052631578947, 19.230769230769234, 2.4390243902439024, 13.953488372093023, 11.30952380952381, 2.4752475247524752, 23.684210526315788, 11.458333333333332, 4.301075268817205, 16.39344262295082, 10.683760683760683, 32.8125, 23.52941176470588, 10.0, 10.344827586206897, 25.53191489361702, 25.0, 7.874015748031496, 25.925925925925924, 12.244897959183673, 12.5, 18.84057971014493, 2.1739130434782608, 31.03448275862069, 2.4096385542168677, 7.377049180327869, 4.545454545454546, 7.8431372549019605, 8.450704225352112, 4.3478260869565215, 26.53061224489796, 10.526315789473683, 10.204081632653061, 5.263157894736842, 3.6363636363636362, 7.216494845360824, 19.642857142857142, 10.0, 7.4324324324324325, 10.526315789473683, 6.451612903225806, 3.225806451612903, 6.666666666666667, 13.20754716981132, 5.833333333333333, 4.166666666666666, 9.35960591133005, 7.2727272727272725, 1.2987012987012987, 16.666666666666664, 15.384615384615385, 7.6923076923076925, 17.94871794871795, 7.18562874251497, 3.4482758620689653, 0.0, 9.75609756097561, 12.5, 4.958677685950414, 7.633587786259542, 6.4638783269961975, 9.45945945945946, 12.318840579710146, 6.25, 94.44444444444444, 4.615384615384616, 4.651162790697675, 2.1739130434782608, 22.22222222222222, 2.380952380952381, 8.411214953271028, 24.59016393442623, 18.75, 10.1010101010101, 7.6923076923076925, 12.389380530973451, 7.142857142857142, 9.0, 31.03448275862069, 8.333333333333332, 8.383233532934131, 13.88888888888889, 11.538461538461538, 0.0, 7.627118644067797, 7.6923076923076925, 12.307692307692308, 10.762331838565023, 11.842105263157894, 1.6, 0.5405405405405406, 14.583333333333334, 11.76470588235294, 5.263157894736842, 18.91891891891892, 6.122448979591836, 30.23255813953488, 6.451612903225806, 8.571428571428571, 12.5, 4.166666666666666, 31.25, 7.017543859649122, 19.51219512195122, 6.578947368421052, 11.76470588235294]
RMSE: 11.431737198895686 [49, 625, 36, 64, 169, 169, 49, 324, 4, 49, 81, 36, 1, 36, 49, 1, 529, 225, 64, 36, 9, 36, 169, 144, 64, 25, 9, 36, 361, 25, 729, 121, 16, 100, 625, 441, 256, 9, 36, 144, 100, 100, 441, 36, 16, 169, 1, 324, 4, 81, 4, 64, 36, 1, 169, 4, 100, 16, 4, 49, 3025, 25, 121, 100, 64, 1, 25, 784, 49, 4, 361, 64, 1, 25, 36, 4, 49, 144, 4, 0, 16, 16, 36, 100, 289, 49, 289, 36, 289, 9, 4, 1, 256, 4, 81, 225, 9, 100, 36, 196, 16, 81, 81, 196, 196, 25, 9, 0, 81, 49, 64, 576, 81, 4, 1, 49, 196, 9, 49, 9, 169, 36, 9, 36, 4, 225, 16, 64, 25, 36]

pred: 12030 [53, 265, 99, 144, 86, 25, 53, 120, 52, 91, 143, 35, 31, 60, 63, 27, 291, 94, 181, 64, 93, 87, 139, 61, 87, 31, 126, 49, 187, 207, 87, 107, 89, 71, 259, 85, 84, 33, 64, 59, 50, 137, 102, 55, 36, 82, 47, 76, 85, 131, 46, 110, 77, 22, 62, 21, 108, 80, 53, 104, 335, 55, 159, 105, 132, 32, 80, 240, 127, 50, 222, 118, 76, 35, 45, 24, 46, 179, 60, 47, 45, 36, 127, 141, 280, 81, 155, 102, 1, 68, 45, 47, 88, 86, 116, 76, 19, 109, 84, 127, 60, 109, 38, 182, 181, 41, 29, 47, 109, 98, 73, 247, 85, 127, 186, 55, 133, 60, 44, 52, 56, 99, 38, 54, 50, 63, 61, 49, 81, 57]
real: 11073 [46, 240, 93, 136, 73, 38, 46, 102, 54, 84, 134, 29, 30, 54, 56, 26, 268, 79, 173, 58, 96, 81, 126, 49, 95, 26, 123, 43, 168, 202, 114, 96, 93, 61, 234, 64, 68, 30, 58, 47, 40, 127, 81, 49, 32, 69, 46, 58, 83, 122, 44, 102, 71, 23, 49, 19, 98, 76, 55, 97, 280, 50, 148, 95, 124, 31, 75, 212, 120, 48, 203, 110, 77, 30, 39, 26, 39, 167, 58, 47, 41, 32, 121, 131, 263, 74, 138, 96, 18, 65, 43, 46, 72, 84, 107, 61, 16, 99, 78, 113, 56, 100, 29, 168, 167, 36, 26, 47, 118, 91, 65, 223, 76, 125, 185, 48, 119, 57, 37, 49, 43, 93, 35, 48, 48, 48, 57, 41, 76, 51]

grid_scale: 0.3
resize_scale: 0.5
confiance: 0.3

random_seed: 1011
data_augmentation: True
samples: 130
