MAE: 11.26923076923077 [9, 23, 13, 9, 0, 14, 3, 5, 5, 6, 10, 4, 4, 6, 1, 3, 46, 2, 25, 6, 36, 9, 30, 5, 35, 1, 20, 1, 24, 40, 49, 7, 28, 1, 19, 5, 14, 1, 5, 4, 3, 16, 10, 6, 0, 1, 10, 3, 2, 15, 3, 8, 7, 6, 1, 0, 1, 10, 7, 5, 26, 4, 13, 3, 12, 4, 3, 31, 10, 12, 42, 21, 6, 7, 6, 10, 3, 24, 9, 16, 20, 1, 14, 41, 30, 8, 21, 6, 18, 3, 4, 7, 4, 12, 9, 4, 3, 22, 12, 15, 4, 8, 0, 15, 6, 1, 9, 18, 55, 3, 5, 30, 6, 10, 48, 1, 16, 6, 5, 0, 1, 9, 3, 2, 14, 3, 7, 11, 8, 3]
MAPE: 13.454240532210763 [19.565217391304348, 9.583333333333334, 13.978494623655912, 6.61764705882353, 0.0, 36.84210526315789, 6.521739130434782, 4.901960784313726, 9.25925925925926, 7.142857142857142, 7.462686567164178, 13.793103448275861, 13.333333333333334, 11.11111111111111, 1.7857142857142856, 11.538461538461538, 17.16417910447761, 2.5316455696202533, 14.450867052023122, 10.344827586206897, 37.5, 11.11111111111111, 23.809523809523807, 10.204081632653061, 36.84210526315789, 3.8461538461538463, 16.260162601626014, 2.3255813953488373, 14.285714285714285, 19.801980198019802, 42.98245614035088, 7.291666666666667, 30.107526881720432, 1.639344262295082, 8.11965811965812, 7.8125, 20.588235294117645, 3.3333333333333335, 8.620689655172415, 8.51063829787234, 7.5, 12.598425196850393, 12.345679012345679, 12.244897959183673, 0.0, 1.4492753623188406, 21.73913043478261, 5.172413793103448, 2.4096385542168677, 12.295081967213115, 6.8181818181818175, 7.8431372549019605, 9.859154929577464, 26.08695652173913, 2.0408163265306123, 0.0, 1.0204081632653061, 13.157894736842104, 12.727272727272727, 5.154639175257731, 9.285714285714286, 8.0, 8.783783783783784, 3.1578947368421053, 9.67741935483871, 12.903225806451612, 4.0, 14.622641509433961, 8.333333333333332, 25.0, 20.689655172413794, 19.090909090909093, 7.792207792207792, 23.333333333333332, 15.384615384615385, 38.46153846153847, 7.6923076923076925, 14.37125748502994, 15.517241379310345, 34.04255319148936, 48.78048780487805, 3.125, 11.570247933884298, 31.297709923664126, 11.406844106463879, 10.81081081081081, 15.217391304347828, 6.25, 100.0, 4.615384615384616, 9.30232558139535, 15.217391304347828, 5.555555555555555, 14.285714285714285, 8.411214953271028, 6.557377049180328, 18.75, 22.22222222222222, 15.384615384615385, 13.274336283185843, 7.142857142857142, 8.0, 0.0, 8.928571428571429, 3.592814371257485, 2.7777777777777777, 34.61538461538461, 38.297872340425535, 46.61016949152542, 3.296703296703297, 7.6923076923076925, 13.452914798206278, 7.894736842105263, 8.0, 25.945945945945947, 2.083333333333333, 13.445378151260504, 10.526315789473683, 13.513513513513514, 0.0, 2.3255813953488373, 9.67741935483871, 8.571428571428571, 4.166666666666666, 29.166666666666668, 6.25, 12.280701754385964, 26.82926829268293, 10.526315789473683, 5.88235294117647]
RMSE: 16.168107258046387 [81, 529, 169, 81, 0, 196, 9, 25, 25, 36, 100, 16, 16, 36, 1, 9, 2116, 4, 625, 36, 1296, 81, 900, 25, 1225, 1, 400, 1, 576, 1600, 2401, 49, 784, 1, 361, 25, 196, 1, 25, 16, 9, 256, 100, 36, 0, 1, 100, 9, 4, 225, 9, 64, 49, 36, 1, 0, 1, 100, 49, 25, 676, 16, 169, 9, 144, 16, 9, 961, 100, 144, 1764, 441, 36, 49, 36, 100, 9, 576, 81, 256, 400, 1, 196, 1681, 900, 64, 441, 36, 324, 9, 16, 49, 16, 144, 81, 16, 9, 484, 144, 225, 16, 64, 0, 225, 36, 1, 81, 324, 3025, 9, 25, 900, 36, 100, 2304, 1, 256, 36, 25, 0, 1, 81, 9, 4, 196, 9, 49, 121, 64, 9]

pred: 9622 [37, 217, 80, 127, 73, 24, 43, 97, 49, 78, 124, 25, 26, 48, 57, 23, 222, 77, 148, 52, 60, 72, 96, 44, 60, 25, 103, 42, 144, 162, 65, 89, 65, 60, 215, 59, 54, 29, 53, 43, 37, 111, 71, 43, 32, 68, 36, 61, 81, 107, 41, 94, 64, 17, 48, 19, 97, 66, 48, 92, 254, 46, 135, 98, 112, 27, 72, 181, 110, 36, 161, 89, 71, 23, 33, 16, 36, 143, 49, 31, 21, 31, 107, 90, 233, 66, 117, 90, 0, 62, 39, 39, 68, 72, 98, 57, 13, 77, 66, 98, 52, 92, 29, 153, 161, 35, 17, 29, 63, 88, 60, 193, 70, 115, 137, 47, 103, 51, 32, 49, 42, 84, 32, 46, 34, 45, 50, 30, 68, 48]
real: 11073 [46, 240, 93, 136, 73, 38, 46, 102, 54, 84, 134, 29, 30, 54, 56, 26, 268, 79, 173, 58, 96, 81, 126, 49, 95, 26, 123, 43, 168, 202, 114, 96, 93, 61, 234, 64, 68, 30, 58, 47, 40, 127, 81, 49, 32, 69, 46, 58, 83, 122, 44, 102, 71, 23, 49, 19, 98, 76, 55, 97, 280, 50, 148, 95, 124, 31, 75, 212, 120, 48, 203, 110, 77, 30, 39, 26, 39, 167, 58, 47, 41, 32, 121, 131, 263, 74, 138, 96, 18, 65, 43, 46, 72, 84, 107, 61, 16, 99, 78, 113, 56, 100, 29, 168, 167, 36, 26, 47, 118, 91, 65, 223, 76, 125, 185, 48, 119, 57, 37, 49, 43, 93, 35, 48, 48, 48, 57, 41, 76, 51]

grid_scale: 0.45
resize_scale: 0.5
confiance: 0.55

random_seed: 1011
data_augmentation: True
samples: 130
