MAE: 3.8923076923076922 [2, 1, 2, 2, 3, 17, 1, 5, 4, 2, 10, 4, 0, 1, 1, 3, 8, 7, 10, 13, 3, 4, 0, 1, 11, 2, 0, 2, 3, 6, 3, 5, 1, 3, 0, 8, 1, 9, 1, 2, 1, 1, 2, 3, 3, 2, 5, 5, 13, 11, 0, 2, 0, 6, 3, 0, 2, 2, 3, 0, 4, 11, 1, 3, 2, 9, 1, 1, 3, 15, 5, 1, 2, 7, 4, 30, 4, 1, 5, 1, 0, 2, 0, 3, 4, 1, 2, 0, 16, 3, 0, 1, 1, 3, 1, 2, 4, 1, 2, 2, 8, 5, 0, 6, 2, 1, 1, 8, 6, 2, 2, 7, 15, 2, 0, 1, 11, 1, 6, 8, 6, 1, 2, 5, 2, 1, 2, 7, 3, 2]
MAPE: 5.676251421091639 [2.0618556701030926, 0.8849557522123894, 2.898550724637681, 4.081632653061225, 3.296703296703297, 94.44444444444444, 0.5952380952380952, 1.8656716417910446, 13.793103448275861, 4.651162790697675, 10.416666666666668, 10.0, 0.0, 2.7027027027027026, 2.857142857142857, 2.631578947368421, 4.761904761904762, 5.072463768115942, 8.064516129032258, 9.923664122137405, 4.615384615384616, 5.333333333333334, 0.0, 1.3888888888888888, 6.358381502890173, 3.278688524590164, 0.0, 1.639344262295082, 6.0, 4.054054054054054, 5.555555555555555, 8.620689655172415, 0.9345794392523363, 2.2058823529411766, 0.0, 3.7735849056603774, 2.0408163265306123, 19.148936170212767, 2.7777777777777777, 6.451612903225806, 2.1739130434782608, 1.2345679012345678, 4.651162790697675, 6.382978723404255, 2.941176470588235, 1.4925373134328357, 5.376344086021505, 5.05050505050505, 7.027027027027027, 4.932735426008969, 0.0, 5.128205128205128, 0.0, 7.142857142857142, 10.0, 0.0, 6.666666666666667, 2.1505376344086025, 3.1578947368421053, 0.0, 3.2520325203252036, 8.73015873015873, 3.8461538461538463, 2.941176470588235, 3.508771929824561, 7.086614173228346, 2.272727272727273, 1.2048192771084338, 9.375, 5.357142857142857, 2.4630541871921183, 2.3255813953488373, 4.878048780487805, 12.068965517241379, 5.633802816901409, 25.423728813559322, 8.333333333333332, 2.127659574468085, 2.9940119760479043, 3.3333333333333335, 0.0, 8.695652173913043, 0.0, 6.122448979591836, 5.194805194805195, 1.7543859649122806, 12.5, 0.0, 7.920792079207921, 1.7964071856287425, 0.0, 2.083333333333333, 5.263157894736842, 11.538461538461538, 1.4705882352941175, 3.7037037037037033, 1.7094017094017095, 0.8264462809917356, 5.128205128205128, 4.3478260869565215, 17.391304347826086, 4.201680672268908, 0.0, 7.4074074074074066, 3.571428571428571, 1.0, 1.3157894736842104, 7.2727272727272725, 7.6923076923076925, 2.1505376344086025, 1.6666666666666667, 14.583333333333334, 39.473684210526315, 2.73972602739726, 0.0, 2.083333333333333, 17.1875, 3.4482758620689653, 6.315789473684211, 3.3333333333333335, 10.344827586206897, 3.8461538461538463, 3.4482758620689653, 9.090909090909092, 3.9215686274509802, 2.1739130434782608, 0.7604562737642585, 11.475409836065573, 3.9473684210526314, 4.166666666666666]
RMSE: 5.829632525692797 [4, 1, 4, 4, 9, 289, 1, 25, 16, 4, 100, 16, 0, 1, 1, 9, 64, 49, 100, 169, 9, 16, 0, 1, 121, 4, 0, 4, 9, 36, 9, 25, 1, 9, 0, 64, 1, 81, 1, 4, 1, 1, 4, 9, 9, 4, 25, 25, 169, 121, 0, 4, 0, 36, 9, 0, 4, 4, 9, 0, 16, 121, 1, 9, 4, 81, 1, 1, 9, 225, 25, 1, 4, 49, 16, 900, 16, 1, 25, 1, 0, 4, 0, 9, 16, 1, 4, 0, 256, 9, 0, 1, 1, 9, 1, 4, 16, 1, 4, 4, 64, 25, 0, 36, 4, 1, 1, 64, 36, 4, 4, 49, 225, 4, 0, 1, 121, 1, 36, 64, 36, 1, 4, 25, 4, 1, 4, 49, 9, 4]

pred: 10819 [95, 114, 71, 47, 94, 1, 169, 263, 33, 45, 86, 44, 96, 38, 36, 111, 160, 131, 114, 118, 68, 79, 65, 73, 162, 63, 32, 120, 47, 142, 51, 53, 106, 133, 49, 204, 50, 38, 35, 29, 47, 80, 45, 44, 105, 132, 88, 94, 172, 212, 56, 37, 96, 78, 33, 125, 28, 95, 98, 98, 119, 115, 25, 99, 55, 118, 43, 82, 29, 295, 198, 42, 39, 51, 67, 88, 52, 46, 162, 29, 84, 21, 74, 52, 73, 56, 14, 41, 186, 170, 79, 47, 20, 29, 69, 56, 238, 120, 37, 44, 38, 114, 26, 87, 58, 99, 75, 102, 72, 95, 118, 55, 23, 75, 76, 47, 75, 28, 89, 232, 64, 27, 56, 50, 49, 45, 265, 68, 73, 46]
real: 11073 [97, 113, 69, 49, 91, 18, 168, 268, 29, 43, 96, 40, 96, 37, 35, 114, 168, 138, 124, 131, 65, 75, 65, 72, 173, 61, 32, 122, 50, 148, 54, 58, 107, 136, 49, 212, 49, 47, 36, 31, 46, 81, 43, 47, 102, 134, 93, 99, 185, 223, 56, 39, 96, 84, 30, 125, 30, 93, 95, 98, 123, 126, 26, 102, 57, 127, 44, 83, 32, 280, 203, 43, 41, 58, 71, 118, 48, 47, 167, 30, 84, 23, 74, 49, 77, 57, 16, 41, 202, 167, 79, 48, 19, 26, 68, 54, 234, 121, 39, 46, 46, 119, 26, 81, 56, 100, 76, 110, 78, 93, 120, 48, 38, 73, 76, 48, 64, 29, 95, 240, 58, 26, 58, 55, 51, 46, 263, 61, 76, 48]

grid_scale: 0.45
resize_scale: 0.5
confiance: 0.45

random_seed: 1011
data_augmentation: True
samples: 130
