MAE: 5.253846153846154 [1, 11, 5, 0, 8, 10, 3, 10, 4, 4, 2, 3, 1, 8, 5, 4, 22, 8, 1, 1, 8, 6, 2, 5, 10, 1, 0, 2, 1, 3, 31, 2, 6, 7, 18, 13, 3, 3, 3, 1, 8, 4, 11, 3, 5, 6, 5, 11, 3, 2, 7, 2, 1, 3, 6, 2, 6, 7, 3, 6, 44, 2, 8, 11, 4, 1, 1, 29, 3, 5, 4, 9, 2, 1, 1, 3, 1, 4, 2, 7, 1, 2, 5, 2, 19, 4, 7, 2, 18, 2, 1, 1, 2, 0, 7, 6, 2, 0, 2, 5, 1, 5, 4, 6, 10, 1, 1, 5, 24, 7, 1, 11, 2, 0, 7, 3, 1, 1, 2, 3, 3, 5, 0, 1, 6, 3, 1, 1, 1, 0]
MAPE: 7.192548145415741 [2.1739130434782608, 4.583333333333333, 5.376344086021505, 0.0, 10.95890410958904, 26.31578947368421, 6.521739130434782, 9.803921568627452, 7.4074074074074066, 4.761904761904762, 1.4925373134328357, 10.344827586206897, 3.3333333333333335, 14.814814814814813, 8.928571428571429, 15.384615384615385, 8.208955223880597, 10.126582278481013, 0.5780346820809248, 1.7241379310344827, 8.333333333333332, 7.4074074074074066, 1.5873015873015872, 10.204081632653061, 10.526315789473683, 3.8461538461538463, 0.0, 4.651162790697675, 0.5952380952380952, 1.4851485148514851, 27.192982456140353, 2.083333333333333, 6.451612903225806, 11.475409836065573, 7.6923076923076925, 20.3125, 4.411764705882353, 10.0, 5.172413793103448, 2.127659574468085, 20.0, 3.149606299212598, 13.580246913580247, 6.122448979591836, 15.625, 8.695652173913043, 10.869565217391305, 18.96551724137931, 3.614457831325301, 1.639344262295082, 15.909090909090908, 1.9607843137254901, 1.4084507042253522, 13.043478260869565, 12.244897959183673, 10.526315789473683, 6.122448979591836, 9.210526315789473, 5.454545454545454, 6.185567010309279, 15.714285714285714, 4.0, 5.405405405405405, 11.578947368421053, 3.225806451612903, 3.225806451612903, 1.3333333333333335, 13.679245283018867, 2.5, 10.416666666666668, 1.9704433497536946, 8.181818181818182, 2.5974025974025974, 3.3333333333333335, 2.564102564102564, 11.538461538461538, 2.564102564102564, 2.3952095808383236, 3.4482758620689653, 14.893617021276595, 2.4390243902439024, 6.25, 4.132231404958678, 1.5267175572519083, 7.224334600760455, 5.405405405405405, 5.072463768115942, 2.083333333333333, 100.0, 3.076923076923077, 2.3255813953488373, 2.1739130434782608, 2.7777777777777777, 0.0, 6.5420560747663545, 9.836065573770492, 12.5, 0.0, 2.564102564102564, 4.424778761061947, 1.7857142857142856, 5.0, 13.793103448275861, 3.571428571428571, 5.9880239520958085, 2.7777777777777777, 3.8461538461538463, 10.638297872340425, 20.33898305084746, 7.6923076923076925, 1.5384615384615385, 4.932735426008969, 2.631578947368421, 0.0, 3.783783783783784, 6.25, 0.8403361344537815, 1.7543859649122806, 5.405405405405405, 6.122448979591836, 6.976744186046512, 5.376344086021505, 0.0, 2.083333333333333, 12.5, 6.25, 1.7543859649122806, 2.4390243902439024, 1.3157894736842104, 0.0]
RMSE: 8.240145629781066 [1, 121, 25, 0, 64, 100, 9, 100, 16, 16, 4, 9, 1, 64, 25, 16, 484, 64, 1, 1, 64, 36, 4, 25, 100, 1, 0, 4, 1, 9, 961, 4, 36, 49, 324, 169, 9, 9, 9, 1, 64, 16, 121, 9, 25, 36, 25, 121, 9, 4, 49, 4, 1, 9, 36, 4, 36, 49, 9, 36, 1936, 4, 64, 121, 16, 1, 1, 841, 9, 25, 16, 81, 4, 1, 1, 9, 1, 16, 4, 49, 1, 4, 25, 4, 361, 16, 49, 4, 324, 4, 1, 1, 4, 0, 49, 36, 4, 0, 4, 25, 1, 25, 16, 36, 100, 1, 1, 25, 576, 49, 1, 121, 4, 0, 49, 9, 1, 1, 4, 9, 9, 25, 0, 1, 36, 9, 1, 1, 1, 0]

pred: 11366 [47, 251, 98, 136, 81, 28, 49, 112, 50, 88, 136, 32, 31, 62, 61, 30, 290, 87, 174, 57, 88, 87, 124, 54, 85, 27, 123, 45, 169, 199, 83, 98, 87, 68, 252, 77, 71, 33, 61, 48, 48, 123, 92, 52, 37, 75, 41, 69, 86, 124, 51, 104, 70, 20, 55, 21, 104, 83, 52, 103, 324, 52, 156, 106, 128, 30, 74, 241, 123, 43, 199, 101, 75, 31, 38, 23, 40, 171, 60, 40, 40, 34, 126, 133, 282, 78, 145, 98, 0, 67, 44, 45, 74, 84, 114, 67, 14, 99, 76, 118, 57, 105, 33, 174, 177, 35, 25, 42, 94, 98, 66, 234, 78, 125, 178, 51, 120, 58, 35, 52, 46, 98, 35, 49, 42, 51, 58, 42, 75, 51]
real: 11073 [46, 240, 93, 136, 73, 38, 46, 102, 54, 84, 134, 29, 30, 54, 56, 26, 268, 79, 173, 58, 96, 81, 126, 49, 95, 26, 123, 43, 168, 202, 114, 96, 93, 61, 234, 64, 68, 30, 58, 47, 40, 127, 81, 49, 32, 69, 46, 58, 83, 122, 44, 102, 71, 23, 49, 19, 98, 76, 55, 97, 280, 50, 148, 95, 124, 31, 75, 212, 120, 48, 203, 110, 77, 30, 39, 26, 39, 167, 58, 47, 41, 32, 121, 131, 263, 74, 138, 96, 18, 65, 43, 46, 72, 84, 107, 61, 16, 99, 78, 113, 56, 100, 29, 168, 167, 36, 26, 47, 118, 91, 65, 223, 76, 125, 185, 48, 119, 57, 37, 49, 43, 93, 35, 48, 48, 48, 57, 41, 76, 51]

grid_scale: 0.45
resize_scale: 0.5
confiance: 0.35

random_seed: 1011
data_augmentation: True
samples: 130
