MAE: 6.907692307692308 [6, 15, 6, 10, 6, 9, 0, 18, 2, 4, 10, 2, 3, 8, 6, 3, 22, 12, 13, 5, 7, 6, 15, 7, 1, 3, 0, 5, 22, 4, 11, 10, 5, 9, 27, 19, 14, 3, 6, 9, 3, 1, 23, 8, 0, 5, 1, 9, 5, 8, 1, 4, 2, 2, 12, 2, 9, 2, 3, 8, 43, 5, 14, 6, 12, 2, 3, 26, 7, 2, 5, 1, 4, 1, 2, 0, 9, 16, 1, 1, 1, 4, 6, 6, 31, 7, 14, 7, 18, 6, 4, 2, 7, 2, 4, 9, 3, 2, 7, 8, 6, 4, 6, 5, 6, 4, 4, 0, 3, 10, 8, 7, 1, 1, 4, 4, 7, 4, 6, 2, 6, 8, 1, 10, 2, 4, 6, 6, 1, 3]
MAPE: 9.287823470406238 [13.043478260869565, 6.25, 6.451612903225806, 7.352941176470589, 8.21917808219178, 23.684210526315788, 0.0, 17.647058823529413, 3.7037037037037033, 4.761904761904762, 7.462686567164178, 6.896551724137931, 10.0, 14.814814814814813, 10.714285714285714, 11.538461538461538, 8.208955223880597, 15.18987341772152, 7.514450867052023, 8.620689655172415, 7.291666666666667, 7.4074074074074066, 11.904761904761903, 14.285714285714285, 1.0526315789473684, 11.538461538461538, 0.0, 11.627906976744185, 13.095238095238097, 1.9801980198019802, 9.649122807017543, 10.416666666666668, 5.376344086021505, 14.754098360655737, 11.538461538461538, 29.6875, 20.588235294117645, 10.0, 10.344827586206897, 19.148936170212767, 7.5, 0.7874015748031495, 28.39506172839506, 16.3265306122449, 0.0, 7.246376811594203, 2.1739130434782608, 15.517241379310345, 6.024096385542169, 6.557377049180328, 2.272727272727273, 3.9215686274509802, 2.8169014084507045, 8.695652173913043, 24.489795918367346, 10.526315789473683, 9.183673469387756, 2.631578947368421, 5.454545454545454, 8.24742268041237, 15.357142857142858, 10.0, 9.45945945945946, 6.315789473684211, 9.67741935483871, 6.451612903225806, 4.0, 12.264150943396226, 5.833333333333333, 4.166666666666666, 2.4630541871921183, 0.9090909090909091, 5.194805194805195, 3.3333333333333335, 5.128205128205128, 0.0, 23.076923076923077, 9.580838323353294, 1.7241379310344827, 2.127659574468085, 2.4390243902439024, 12.5, 4.958677685950414, 4.580152671755725, 11.787072243346007, 9.45945945945946, 10.144927536231885, 7.291666666666667, 100.0, 9.230769230769232, 9.30232558139535, 4.3478260869565215, 9.722222222222223, 2.380952380952381, 3.7383177570093453, 14.754098360655737, 18.75, 2.0202020202020203, 8.974358974358974, 7.079646017699115, 10.714285714285714, 4.0, 20.689655172413794, 2.976190476190476, 3.592814371257485, 11.11111111111111, 15.384615384615385, 0.0, 2.5423728813559325, 10.989010989010989, 12.307692307692308, 3.1390134529147984, 1.3157894736842104, 0.8, 2.1621621621621623, 8.333333333333332, 5.88235294117647, 7.017543859649122, 16.216216216216218, 4.081632653061225, 13.953488372093023, 8.60215053763441, 2.857142857142857, 20.833333333333336, 4.166666666666666, 8.333333333333332, 10.526315789473683, 14.634146341463413, 1.3157894736842104, 5.88235294117647]
RMSE: 9.562748237099722 [36, 225, 36, 100, 36, 81, 0, 324, 4, 16, 100, 4, 9, 64, 36, 9, 484, 144, 169, 25, 49, 36, 225, 49, 1, 9, 0, 25, 484, 16, 121, 100, 25, 81, 729, 361, 196, 9, 36, 81, 9, 1, 529, 64, 0, 25, 1, 81, 25, 64, 1, 16, 4, 4, 144, 4, 81, 4, 9, 64, 1849, 25, 196, 36, 144, 4, 9, 676, 49, 4, 25, 1, 16, 1, 4, 0, 81, 256, 1, 1, 1, 16, 36, 36, 961, 49, 196, 49, 324, 36, 16, 4, 49, 4, 16, 81, 9, 4, 49, 64, 36, 16, 36, 25, 36, 16, 16, 0, 9, 100, 64, 49, 1, 1, 16, 16, 49, 16, 36, 4, 36, 64, 1, 100, 4, 16, 36, 36, 1, 9]

pred: 11837 [52, 255, 99, 146, 79, 29, 46, 120, 52, 88, 144, 31, 33, 62, 62, 29, 290, 91, 186, 63, 89, 87, 141, 56, 94, 29, 123, 48, 190, 198, 103, 106, 88, 70, 261, 83, 82, 33, 64, 56, 43, 128, 104, 57, 32, 74, 45, 67, 88, 130, 45, 106, 73, 25, 61, 21, 107, 78, 52, 105, 323, 55, 162, 101, 136, 33, 78, 238, 127, 50, 208, 111, 81, 31, 37, 26, 48, 183, 59, 48, 40, 36, 127, 137, 294, 81, 152, 103, 0, 71, 47, 48, 79, 86, 111, 70, 19, 101, 85, 121, 62, 104, 35, 173, 173, 40, 30, 47, 115, 101, 73, 230, 77, 126, 189, 52, 126, 61, 43, 51, 49, 101, 36, 58, 50, 52, 63, 47, 77, 54]
real: 11073 [46, 240, 93, 136, 73, 38, 46, 102, 54, 84, 134, 29, 30, 54, 56, 26, 268, 79, 173, 58, 96, 81, 126, 49, 95, 26, 123, 43, 168, 202, 114, 96, 93, 61, 234, 64, 68, 30, 58, 47, 40, 127, 81, 49, 32, 69, 46, 58, 83, 122, 44, 102, 71, 23, 49, 19, 98, 76, 55, 97, 280, 50, 148, 95, 124, 31, 75, 212, 120, 48, 203, 110, 77, 30, 39, 26, 39, 167, 58, 47, 41, 32, 121, 131, 263, 74, 138, 96, 18, 65, 43, 46, 72, 84, 107, 61, 16, 99, 78, 113, 56, 100, 29, 168, 167, 36, 26, 47, 118, 91, 65, 223, 76, 125, 185, 48, 119, 57, 37, 49, 43, 93, 35, 48, 48, 48, 57, 41, 76, 51]

grid_scale: 0.3
resize_scale: 0.5
confiance: 0.35

random_seed: 1011
data_augmentation: True
samples: 130
