MAE: 7.953846153846154 [5, 30, 4, 7, 15, 7, 4, 14, 2, 6, 10, 2, 0, 8, 6, 2, 31, 13, 12, 2, 3, 6, 7, 7, 4, 2, 6, 2, 27, 10, 21, 10, 0, 6, 41, 16, 5, 6, 2, 2, 5, 1, 9, 3, 2, 8, 0, 15, 9, 6, 5, 4, 12, 0, 9, 3, 2, 3, 5, 4, 60, 4, 12, 13, 11, 0, 4, 41, 6, 1, 20, 3, 0, 0, 4, 1, 5, 12, 1, 5, 3, 1, 6, 3, 33, 4, 23, 9, 18, 9, 3, 3, 4, 5, 12, 13, 1, 5, 5, 13, 8, 10, 4, 9, 13, 2, 3, 1, 8, 5, 4, 25, 4, 5, 4, 5, 9, 5, 3, 7, 8, 4, 5, 6, 2, 12, 4, 9, 3, 3]
MAPE: 9.593410826798404 [10.869565217391305, 12.5, 4.301075268817205, 5.147058823529411, 20.54794520547945, 18.421052631578945, 8.695652173913043, 13.725490196078432, 3.7037037037037033, 7.142857142857142, 7.462686567164178, 6.896551724137931, 0.0, 14.814814814814813, 10.714285714285714, 7.6923076923076925, 11.567164179104477, 16.455696202531644, 6.9364161849710975, 3.4482758620689653, 3.125, 7.4074074074074066, 5.555555555555555, 14.285714285714285, 4.2105263157894735, 7.6923076923076925, 4.878048780487805, 4.651162790697675, 16.071428571428573, 4.9504950495049505, 18.421052631578945, 10.416666666666668, 0.0, 9.836065573770492, 17.52136752136752, 25.0, 7.352941176470589, 20.0, 3.4482758620689653, 4.25531914893617, 12.5, 0.7874015748031495, 11.11111111111111, 6.122448979591836, 6.25, 11.594202898550725, 0.0, 25.862068965517242, 10.843373493975903, 4.918032786885246, 11.363636363636363, 3.9215686274509802, 16.901408450704224, 0.0, 18.367346938775512, 15.789473684210526, 2.0408163265306123, 3.9473684210526314, 9.090909090909092, 4.123711340206185, 21.428571428571427, 8.0, 8.108108108108109, 13.684210526315791, 8.870967741935484, 0.0, 5.333333333333334, 19.339622641509436, 5.0, 2.083333333333333, 9.852216748768473, 2.727272727272727, 0.0, 0.0, 10.256410256410255, 3.8461538461538463, 12.82051282051282, 7.18562874251497, 1.7241379310344827, 10.638297872340425, 7.317073170731707, 3.125, 4.958677685950414, 2.2900763358778624, 12.547528517110266, 5.405405405405405, 16.666666666666664, 9.375, 100.0, 13.846153846153847, 6.976744186046512, 6.521739130434782, 5.555555555555555, 5.952380952380952, 11.214953271028037, 21.311475409836063, 6.25, 5.05050505050505, 6.41025641025641, 11.504424778761061, 14.285714285714285, 10.0, 13.793103448275861, 5.357142857142857, 7.784431137724551, 5.555555555555555, 11.538461538461538, 2.127659574468085, 6.779661016949152, 5.4945054945054945, 6.153846153846154, 11.210762331838566, 5.263157894736842, 4.0, 2.1621621621621623, 10.416666666666668, 7.563025210084033, 8.771929824561402, 8.108108108108109, 14.285714285714285, 18.6046511627907, 4.301075268817205, 14.285714285714285, 12.5, 4.166666666666666, 25.0, 7.017543859649122, 21.951219512195124, 3.9473684210526314, 5.88235294117647]
RMSE: 11.918957104610222 [25, 900, 16, 49, 225, 49, 16, 196, 4, 36, 100, 4, 0, 64, 36, 4, 961, 169, 144, 4, 9, 36, 49, 49, 16, 4, 36, 4, 729, 100, 441, 100, 0, 36, 1681, 256, 25, 36, 4, 4, 25, 1, 81, 9, 4, 64, 0, 225, 81, 36, 25, 16, 144, 0, 81, 9, 4, 9, 25, 16, 3600, 16, 144, 169, 121, 0, 16, 1681, 36, 1, 400, 9, 0, 0, 16, 1, 25, 144, 1, 25, 9, 1, 36, 9, 1089, 16, 529, 81, 324, 81, 9, 9, 16, 25, 144, 169, 1, 25, 25, 169, 64, 100, 16, 81, 169, 4, 9, 1, 64, 25, 16, 625, 16, 25, 16, 25, 81, 25, 9, 49, 64, 16, 25, 36, 4, 144, 16, 81, 9, 9]

pred: 11953 [51, 270, 97, 143, 88, 31, 50, 116, 56, 90, 144, 31, 30, 62, 62, 28, 299, 92, 185, 60, 93, 87, 133, 56, 91, 28, 129, 45, 195, 212, 93, 106, 93, 67, 275, 80, 73, 36, 60, 49, 45, 126, 90, 52, 34, 77, 46, 73, 92, 128, 49, 106, 83, 23, 58, 22, 100, 79, 50, 101, 340, 54, 160, 108, 135, 31, 79, 253, 126, 47, 223, 113, 77, 30, 43, 25, 44, 179, 59, 42, 44, 33, 127, 134, 296, 78, 161, 105, 0, 74, 46, 49, 76, 89, 119, 74, 17, 104, 83, 126, 64, 110, 33, 177, 180, 38, 29, 46, 110, 96, 69, 248, 80, 130, 189, 53, 128, 62, 40, 56, 51, 97, 40, 54, 46, 60, 61, 50, 79, 54]
real: 11073 [46, 240, 93, 136, 73, 38, 46, 102, 54, 84, 134, 29, 30, 54, 56, 26, 268, 79, 173, 58, 96, 81, 126, 49, 95, 26, 123, 43, 168, 202, 114, 96, 93, 61, 234, 64, 68, 30, 58, 47, 40, 127, 81, 49, 32, 69, 46, 58, 83, 122, 44, 102, 71, 23, 49, 19, 98, 76, 55, 97, 280, 50, 148, 95, 124, 31, 75, 212, 120, 48, 203, 110, 77, 30, 39, 26, 39, 167, 58, 47, 41, 32, 121, 131, 263, 74, 138, 96, 18, 65, 43, 46, 72, 84, 107, 61, 16, 99, 78, 113, 56, 100, 29, 168, 167, 36, 26, 47, 118, 91, 65, 223, 76, 125, 185, 48, 119, 57, 37, 49, 43, 93, 35, 48, 48, 48, 57, 41, 76, 51]

grid_scale: 0.4
resize_scale: 0.5
confiance: 0.3

random_seed: 1011
data_augmentation: True
samples: 130
