MAE: 5.130769230769231 [5, 4, 6, 2, 5, 12, 1, 2, 3, 2, 3, 6, 0, 0, 2, 3, 12, 1, 14, 2, 12, 2, 15, 5, 18, 0, 7, 0, 4, 20, 53, 1, 13, 6, 4, 9, 5, 1, 0, 1, 0, 7, 0, 1, 4, 2, 7, 6, 3, 6, 1, 1, 4, 1, 0, 2, 0, 1, 4, 1, 13, 0, 0, 6, 9, 2, 1, 1, 2, 4, 20, 11, 4, 4, 0, 3, 1, 12, 4, 10, 12, 1, 1, 28, 2, 0, 6, 3, 18, 9, 1, 3, 7, 4, 0, 1, 0, 11, 5, 1, 2, 0, 1, 4, 5, 1, 5, 8, 34, 0, 1, 8, 6, 4, 18, 1, 3, 3, 2, 0, 2, 0, 2, 3, 10, 1, 2, 1, 6, 2]
MAPE: 7.0289339628621965 [10.869565217391305, 1.6666666666666667, 6.451612903225806, 1.4705882352941175, 6.8493150684931505, 31.57894736842105, 2.1739130434782608, 1.9607843137254901, 5.555555555555555, 2.380952380952381, 2.2388059701492535, 20.689655172413794, 0.0, 0.0, 3.571428571428571, 11.538461538461538, 4.477611940298507, 1.2658227848101267, 8.092485549132949, 3.4482758620689653, 12.5, 2.4691358024691357, 11.904761904761903, 10.204081632653061, 18.947368421052634, 0.0, 5.691056910569105, 0.0, 2.380952380952381, 9.900990099009901, 46.49122807017544, 1.0416666666666665, 13.978494623655912, 9.836065573770492, 1.7094017094017095, 14.0625, 7.352941176470589, 3.3333333333333335, 0.0, 2.127659574468085, 0.0, 5.511811023622047, 0.0, 2.0408163265306123, 12.5, 2.898550724637681, 15.217391304347828, 10.344827586206897, 3.614457831325301, 4.918032786885246, 2.272727272727273, 0.9803921568627451, 5.633802816901409, 4.3478260869565215, 0.0, 10.526315789473683, 0.0, 1.3157894736842104, 7.2727272727272725, 1.0309278350515463, 4.642857142857143, 0.0, 0.0, 6.315789473684211, 7.258064516129033, 6.451612903225806, 1.3333333333333335, 0.4716981132075472, 1.6666666666666667, 8.333333333333332, 9.852216748768473, 10.0, 5.194805194805195, 13.333333333333334, 0.0, 11.538461538461538, 2.564102564102564, 7.18562874251497, 6.896551724137931, 21.27659574468085, 29.268292682926827, 3.125, 0.8264462809917356, 21.374045801526716, 0.7604562737642585, 0.0, 4.3478260869565215, 3.125, 100.0, 13.846153846153847, 2.3255813953488373, 6.521739130434782, 9.722222222222223, 4.761904761904762, 0.0, 1.639344262295082, 0.0, 11.11111111111111, 6.41025641025641, 0.8849557522123894, 3.571428571428571, 0.0, 3.4482758620689653, 2.380952380952381, 2.9940119760479043, 2.7777777777777777, 19.230769230769234, 17.02127659574468, 28.8135593220339, 0.0, 1.5384615384615385, 3.587443946188341, 7.894736842105263, 3.2, 9.72972972972973, 2.083333333333333, 2.5210084033613445, 5.263157894736842, 5.405405405405405, 0.0, 4.651162790697675, 0.0, 5.714285714285714, 6.25, 20.833333333333336, 2.083333333333333, 3.508771929824561, 2.4390243902439024, 7.894736842105263, 3.9215686274509802]
RMSE: 8.726176358872989 [25, 16, 36, 4, 25, 144, 1, 4, 9, 4, 9, 36, 0, 0, 4, 9, 144, 1, 196, 4, 144, 4, 225, 25, 324, 0, 49, 0, 16, 400, 2809, 1, 169, 36, 16, 81, 25, 1, 0, 1, 0, 49, 0, 1, 16, 4, 49, 36, 9, 36, 1, 1, 16, 1, 0, 4, 0, 1, 16, 1, 169, 0, 0, 36, 81, 4, 1, 1, 4, 16, 400, 121, 16, 16, 0, 9, 1, 144, 16, 100, 144, 1, 1, 784, 4, 0, 36, 9, 324, 81, 1, 9, 49, 16, 0, 1, 0, 121, 25, 1, 4, 0, 1, 16, 25, 1, 25, 64, 1156, 0, 1, 64, 36, 16, 324, 1, 9, 9, 4, 0, 4, 0, 4, 9, 100, 1, 4, 1, 36, 4]

pred: 10616 [41, 236, 87, 138, 78, 26, 47, 104, 51, 86, 131, 23, 30, 54, 58, 29, 256, 80, 159, 56, 84, 79, 111, 54, 77, 26, 116, 43, 164, 182, 61, 95, 80, 67, 238, 73, 73, 29, 58, 46, 40, 120, 81, 48, 28, 71, 39, 64, 86, 116, 45, 101, 67, 22, 49, 21, 98, 77, 51, 96, 293, 50, 148, 101, 115, 29, 74, 211, 118, 44, 183, 99, 73, 26, 39, 23, 40, 155, 54, 37, 29, 31, 122, 103, 261, 74, 132, 93, 0, 56, 42, 43, 79, 80, 107, 62, 16, 88, 73, 114, 54, 100, 30, 164, 172, 35, 21, 39, 84, 91, 64, 215, 70, 121, 167, 49, 116, 54, 35, 49, 45, 93, 33, 51, 38, 47, 55, 42, 70, 49]
real: 11073 [46, 240, 93, 136, 73, 38, 46, 102, 54, 84, 134, 29, 30, 54, 56, 26, 268, 79, 173, 58, 96, 81, 126, 49, 95, 26, 123, 43, 168, 202, 114, 96, 93, 61, 234, 64, 68, 30, 58, 47, 40, 127, 81, 49, 32, 69, 46, 58, 83, 122, 44, 102, 71, 23, 49, 19, 98, 76, 55, 97, 280, 50, 148, 95, 124, 31, 75, 212, 120, 48, 203, 110, 77, 30, 39, 26, 39, 167, 58, 47, 41, 32, 121, 131, 263, 74, 138, 96, 18, 65, 43, 46, 72, 84, 107, 61, 16, 99, 78, 113, 56, 100, 29, 168, 167, 36, 26, 47, 118, 91, 65, 223, 76, 125, 185, 48, 119, 57, 37, 49, 43, 93, 35, 48, 48, 48, 57, 41, 76, 51]

grid_scale: 0.45
resize_scale: 0.5
confiance: 0.45

random_seed: 1011
data_augmentation: True
samples: 130
