MAE: 9.353846153846154 [2, 21, 19, 11, 1, 15, 1, 6, 7, 7, 7, 3, 4, 0, 1, 1, 16, 3, 19, 6, 26, 6, 22, 1, 23, 0, 16, 4, 14, 30, 71, 10, 26, 2, 7, 6, 5, 1, 3, 4, 1, 20, 9, 4, 0, 0, 10, 3, 2, 17, 2, 12, 4, 4, 3, 1, 8, 7, 5, 6, 7, 7, 13, 7, 15, 4, 2, 17, 8, 11, 19, 23, 7, 6, 4, 4, 2, 12, 9, 14, 20, 0, 4, 24, 21, 3, 22, 4, 18, 8, 5, 6, 2, 10, 10, 3, 1, 16, 7, 13, 6, 10, 1, 23, 8, 1, 1, 20, 44, 7, 4, 21, 6, 9, 37, 3, 10, 5, 3, 0, 1, 3, 5, 3, 19, 4, 9, 4, 9, 7]
MAPE: 11.553724736084341 [4.3478260869565215, 8.75, 20.43010752688172, 8.088235294117647, 1.36986301369863, 39.473684210526315, 2.1739130434782608, 5.88235294117647, 12.962962962962962, 8.333333333333332, 5.223880597014925, 10.344827586206897, 13.333333333333334, 0.0, 1.7857142857142856, 3.8461538461538463, 5.970149253731343, 3.79746835443038, 10.982658959537572, 10.344827586206897, 27.083333333333332, 7.4074074074074066, 17.46031746031746, 2.0408163265306123, 24.210526315789473, 0.0, 13.008130081300814, 9.30232558139535, 8.333333333333332, 14.85148514851485, 62.28070175438597, 10.416666666666668, 27.956989247311824, 3.278688524590164, 2.9914529914529915, 9.375, 7.352941176470589, 3.3333333333333335, 5.172413793103448, 8.51063829787234, 2.5, 15.748031496062993, 11.11111111111111, 8.16326530612245, 0.0, 0.0, 21.73913043478261, 5.172413793103448, 2.4096385542168677, 13.934426229508196, 4.545454545454546, 11.76470588235294, 5.633802816901409, 17.391304347826086, 6.122448979591836, 5.263157894736842, 8.16326530612245, 9.210526315789473, 9.090909090909092, 6.185567010309279, 2.5, 14.000000000000002, 8.783783783783784, 7.368421052631578, 12.096774193548388, 12.903225806451612, 2.666666666666667, 8.018867924528301, 6.666666666666667, 22.916666666666664, 9.35960591133005, 20.909090909090907, 9.090909090909092, 20.0, 10.256410256410255, 15.384615384615385, 5.128205128205128, 7.18562874251497, 15.517241379310345, 29.78723404255319, 48.78048780487805, 0.0, 3.3057851239669422, 18.3206106870229, 7.984790874524715, 4.054054054054054, 15.942028985507244, 4.166666666666666, 100.0, 12.307692307692308, 11.627906976744185, 13.043478260869565, 2.7777777777777777, 11.904761904761903, 9.345794392523365, 4.918032786885246, 6.25, 16.161616161616163, 8.974358974358974, 11.504424778761061, 10.714285714285714, 10.0, 3.4482758620689653, 13.690476190476192, 4.790419161676647, 2.7777777777777777, 3.8461538461538463, 42.5531914893617, 37.28813559322034, 7.6923076923076925, 6.153846153846154, 9.417040358744394, 7.894736842105263, 7.199999999999999, 20.0, 6.25, 8.403361344537815, 8.771929824561402, 8.108108108108109, 0.0, 2.3255813953488373, 3.225806451612903, 14.285714285714285, 6.25, 39.58333333333333, 8.333333333333332, 15.789473684210526, 9.75609756097561, 11.842105263157894, 13.725490196078432]
RMSE: 13.512956745287095 [4, 441, 361, 121, 1, 225, 1, 36, 49, 49, 49, 9, 16, 0, 1, 1, 256, 9, 361, 36, 676, 36, 484, 1, 529, 0, 256, 16, 196, 900, 5041, 100, 676, 4, 49, 36, 25, 1, 9, 16, 1, 400, 81, 16, 0, 0, 100, 9, 4, 289, 4, 144, 16, 16, 9, 1, 64, 49, 25, 36, 49, 49, 169, 49, 225, 16, 4, 289, 64, 121, 361, 529, 49, 36, 16, 16, 4, 144, 81, 196, 400, 0, 16, 576, 441, 9, 484, 16, 324, 64, 25, 36, 4, 100, 100, 9, 1, 256, 49, 169, 36, 100, 1, 529, 64, 1, 1, 400, 1936, 49, 16, 441, 36, 81, 1369, 9, 100, 25, 9, 0, 1, 9, 25, 9, 361, 16, 81, 16, 81, 49]

pred: 9899 [44, 219, 74, 125, 74, 23, 45, 96, 47, 77, 127, 26, 26, 54, 57, 27, 252, 76, 154, 52, 70, 75, 104, 48, 72, 26, 107, 39, 154, 172, 43, 86, 67, 59, 227, 70, 63, 29, 55, 43, 39, 107, 72, 45, 32, 69, 36, 61, 81, 105, 42, 90, 67, 19, 46, 20, 90, 69, 50, 91, 287, 43, 135, 88, 109, 27, 73, 195, 112, 37, 184, 87, 70, 24, 35, 22, 37, 155, 49, 33, 21, 32, 117, 107, 242, 71, 116, 92, 0, 57, 38, 40, 70, 74, 97, 58, 15, 83, 71, 100, 50, 90, 30, 145, 159, 35, 25, 27, 74, 84, 61, 202, 70, 116, 148, 45, 109, 52, 34, 49, 42, 90, 30, 45, 29, 44, 48, 37, 67, 44]
real: 11073 [46, 240, 93, 136, 73, 38, 46, 102, 54, 84, 134, 29, 30, 54, 56, 26, 268, 79, 173, 58, 96, 81, 126, 49, 95, 26, 123, 43, 168, 202, 114, 96, 93, 61, 234, 64, 68, 30, 58, 47, 40, 127, 81, 49, 32, 69, 46, 58, 83, 122, 44, 102, 71, 23, 49, 19, 98, 76, 55, 97, 280, 50, 148, 95, 124, 31, 75, 212, 120, 48, 203, 110, 77, 30, 39, 26, 39, 167, 58, 47, 41, 32, 121, 131, 263, 74, 138, 96, 18, 65, 43, 46, 72, 84, 107, 61, 16, 99, 78, 113, 56, 100, 29, 168, 167, 36, 26, 47, 118, 91, 65, 223, 76, 125, 185, 48, 119, 57, 37, 49, 43, 93, 35, 48, 48, 48, 57, 41, 76, 51]

grid_scale: 0.3
resize_scale: 0.5
confiance: 0.55

random_seed: 1011
data_augmentation: True
samples: 130
