MAE: 4.338461538461538 [0, 5, 2, 0, 4, 8, 1, 8, 4, 5, 4, 1, 1, 5, 4, 3, 9, 4, 3, 2, 18, 2, 2, 10, 5, 1, 4, 0, 3, 12, 38, 0, 8, 4, 14, 13, 7, 1, 2, 3, 5, 0, 4, 1, 6, 3, 3, 11, 4, 2, 1, 4, 2, 0, 4, 1, 7, 2, 4, 5, 29, 6, 8, 3, 5, 1, 1, 2, 1, 4, 2, 0, 5, 1, 0, 3, 1, 9, 4, 2, 4, 2, 5, 4, 8, 2, 4, 0, 18, 2, 1, 0, 7, 3, 2, 7, 1, 1, 4, 3, 3, 2, 3, 0, 1, 2, 4, 5, 15, 4, 0, 7, 1, 1, 17, 2, 3, 4, 1, 3, 7, 3, 5, 2, 5, 2, 1, 3, 4, 0]
MAPE: 6.361523215654506 [0.0, 2.083333333333333, 2.1505376344086025, 0.0, 5.47945205479452, 21.052631578947366, 2.1739130434782608, 7.8431372549019605, 7.4074074074074066, 5.952380952380952, 2.9850746268656714, 3.4482758620689653, 3.3333333333333335, 9.25925925925926, 7.142857142857142, 11.538461538461538, 3.3582089552238807, 5.063291139240507, 1.7341040462427744, 3.4482758620689653, 18.75, 2.4691358024691357, 1.5873015873015872, 20.408163265306122, 5.263157894736842, 3.8461538461538463, 3.2520325203252036, 0.0, 1.7857142857142856, 5.9405940594059405, 33.33333333333333, 0.0, 8.60215053763441, 6.557377049180328, 5.982905982905983, 20.3125, 10.294117647058822, 3.3333333333333335, 3.4482758620689653, 6.382978723404255, 12.5, 0.0, 4.938271604938271, 2.0408163265306123, 18.75, 4.3478260869565215, 6.521739130434782, 18.96551724137931, 4.819277108433735, 1.639344262295082, 2.272727272727273, 3.9215686274509802, 2.8169014084507045, 0.0, 8.16326530612245, 5.263157894736842, 7.142857142857142, 2.631578947368421, 7.2727272727272725, 5.154639175257731, 10.357142857142858, 12.0, 5.405405405405405, 3.1578947368421053, 4.032258064516129, 3.225806451612903, 1.3333333333333335, 0.9433962264150944, 0.8333333333333334, 8.333333333333332, 0.9852216748768473, 0.0, 6.493506493506493, 3.3333333333333335, 0.0, 11.538461538461538, 2.564102564102564, 5.389221556886228, 6.896551724137931, 4.25531914893617, 9.75609756097561, 6.25, 4.132231404958678, 3.0534351145038165, 3.041825095057034, 2.7027027027027026, 2.898550724637681, 0.0, 100.0, 3.076923076923077, 2.3255813953488373, 0.0, 9.722222222222223, 3.571428571428571, 1.8691588785046727, 11.475409836065573, 6.25, 1.0101010101010102, 5.128205128205128, 2.6548672566371683, 5.357142857142857, 2.0, 10.344827586206897, 0.0, 0.5988023952095809, 5.555555555555555, 15.384615384615385, 10.638297872340425, 12.711864406779661, 4.395604395604396, 0.0, 3.1390134529147984, 1.3157894736842104, 0.8, 9.18918918918919, 4.166666666666666, 2.5210084033613445, 7.017543859649122, 2.7027027027027026, 6.122448979591836, 16.27906976744186, 3.225806451612903, 14.285714285714285, 4.166666666666666, 10.416666666666668, 4.166666666666666, 1.7543859649122806, 7.317073170731707, 5.263157894736842, 0.0]
RMSE: 6.749358943918018 [0, 25, 4, 0, 16, 64, 1, 64, 16, 25, 16, 1, 1, 25, 16, 9, 81, 16, 9, 4, 324, 4, 4, 100, 25, 1, 16, 0, 9, 144, 1444, 0, 64, 16, 196, 169, 49, 1, 4, 9, 25, 0, 16, 1, 36, 9, 9, 121, 16, 4, 1, 16, 4, 0, 16, 1, 49, 4, 16, 25, 841, 36, 64, 9, 25, 1, 1, 4, 1, 16, 4, 0, 25, 1, 0, 9, 1, 81, 16, 4, 16, 4, 25, 16, 64, 4, 16, 0, 324, 4, 1, 0, 49, 9, 4, 49, 1, 1, 16, 9, 9, 4, 9, 0, 1, 4, 16, 25, 225, 16, 0, 49, 1, 1, 289, 4, 9, 16, 1, 9, 49, 9, 25, 4, 25, 4, 1, 9, 16, 0]

pred: 11181 [46, 245, 91, 136, 77, 30, 47, 110, 50, 89, 138, 30, 31, 59, 60, 29, 277, 83, 176, 56, 78, 83, 124, 59, 90, 27, 119, 43, 171, 190, 76, 96, 85, 65, 248, 77, 75, 29, 60, 50, 45, 127, 85, 48, 26, 72, 43, 69, 87, 120, 45, 98, 69, 23, 53, 20, 105, 74, 51, 102, 309, 56, 156, 98, 129, 32, 76, 214, 121, 44, 201, 110, 72, 31, 39, 23, 40, 176, 54, 45, 37, 34, 126, 127, 271, 76, 142, 96, 0, 67, 44, 46, 79, 81, 109, 68, 17, 100, 82, 116, 59, 102, 32, 168, 166, 38, 30, 42, 103, 95, 65, 216, 75, 126, 168, 50, 122, 61, 38, 52, 50, 96, 40, 50, 43, 50, 58, 44, 80, 51]
real: 11073 [46, 240, 93, 136, 73, 38, 46, 102, 54, 84, 134, 29, 30, 54, 56, 26, 268, 79, 173, 58, 96, 81, 126, 49, 95, 26, 123, 43, 168, 202, 114, 96, 93, 61, 234, 64, 68, 30, 58, 47, 40, 127, 81, 49, 32, 69, 46, 58, 83, 122, 44, 102, 71, 23, 49, 19, 98, 76, 55, 97, 280, 50, 148, 95, 124, 31, 75, 212, 120, 48, 203, 110, 77, 30, 39, 26, 39, 167, 58, 47, 41, 32, 121, 131, 263, 74, 138, 96, 18, 65, 43, 46, 72, 84, 107, 61, 16, 99, 78, 113, 56, 100, 29, 168, 167, 36, 26, 47, 118, 91, 65, 223, 76, 125, 185, 48, 119, 57, 37, 49, 43, 93, 35, 48, 48, 48, 57, 41, 76, 51]

grid_scale: 0.35
resize_scale: 0.5
confiance: 0.4

random_seed: 1011
data_augmentation: True
samples: 130
