MAE: 9.5 [3, 22, 16, 10, 2, 15, 1, 5, 5, 9, 8, 4, 2, 1, 0, 3, 12, 3, 23, 6, 30, 6, 21, 1, 27, 0, 15, 2, 9, 33, 62, 5, 24, 4, 17, 5, 7, 0, 2, 3, 1, 12, 8, 1, 5, 4, 10, 3, 6, 16, 3, 10, 7, 5, 7, 1, 6, 7, 10, 9, 9, 4, 6, 6, 14, 4, 0, 17, 7, 11, 25, 19, 9, 7, 3, 7, 5, 14, 5, 13, 15, 1, 6, 24, 20, 1, 15, 13, 18, 3, 5, 7, 3, 9, 8, 1, 2, 19, 12, 7, 3, 8, 1, 24, 8, 3, 5, 19, 51, 6, 6, 16, 7, 19, 40, 3, 11, 9, 1, 7, 3, 6, 1, 1, 22, 2, 7, 2, 8, 8]
MAPE: 11.971630757167965 [6.521739130434782, 9.166666666666666, 17.20430107526882, 7.352941176470589, 2.73972602739726, 39.473684210526315, 2.1739130434782608, 4.901960784313726, 9.25925925925926, 10.714285714285714, 5.970149253731343, 13.793103448275861, 6.666666666666667, 1.8518518518518516, 0.0, 11.538461538461538, 4.477611940298507, 3.79746835443038, 13.294797687861271, 10.344827586206897, 31.25, 7.4074074074074066, 16.666666666666664, 2.0408163265306123, 28.421052631578945, 0.0, 12.195121951219512, 4.651162790697675, 5.357142857142857, 16.33663366336634, 54.385964912280706, 5.208333333333334, 25.806451612903224, 6.557377049180328, 7.264957264957266, 7.8125, 10.294117647058822, 0.0, 3.4482758620689653, 6.382978723404255, 2.5, 9.448818897637794, 9.876543209876543, 2.0408163265306123, 15.625, 5.797101449275362, 21.73913043478261, 5.172413793103448, 7.228915662650602, 13.114754098360656, 6.8181818181818175, 9.803921568627452, 9.859154929577464, 21.73913043478261, 14.285714285714285, 5.263157894736842, 6.122448979591836, 9.210526315789473, 18.181818181818183, 9.278350515463918, 3.214285714285714, 8.0, 4.054054054054054, 6.315789473684211, 11.29032258064516, 12.903225806451612, 0.0, 8.018867924528301, 5.833333333333333, 22.916666666666664, 12.31527093596059, 17.272727272727273, 11.688311688311687, 23.333333333333332, 7.6923076923076925, 26.923076923076923, 12.82051282051282, 8.383233532934131, 8.620689655172415, 27.659574468085108, 36.58536585365854, 3.125, 4.958677685950414, 18.3206106870229, 7.604562737642586, 1.3513513513513513, 10.869565217391305, 13.541666666666666, 100.0, 4.615384615384616, 11.627906976744185, 15.217391304347828, 4.166666666666666, 10.714285714285714, 7.476635514018691, 1.639344262295082, 12.5, 19.19191919191919, 15.384615384615385, 6.1946902654867255, 5.357142857142857, 8.0, 3.4482758620689653, 14.285714285714285, 4.790419161676647, 8.333333333333332, 19.230769230769234, 40.42553191489361, 43.22033898305085, 6.593406593406594, 9.230769230769232, 7.174887892376682, 9.210526315789473, 15.2, 21.62162162162162, 6.25, 9.243697478991598, 15.789473684210526, 2.7027027027027026, 14.285714285714285, 6.976744186046512, 6.451612903225806, 2.857142857142857, 2.083333333333333, 45.83333333333333, 4.166666666666666, 12.280701754385964, 4.878048780487805, 10.526315789473683, 15.686274509803921]
RMSE: 13.508686663943886 [9, 484, 256, 100, 4, 225, 1, 25, 25, 81, 64, 16, 4, 1, 0, 9, 144, 9, 529, 36, 900, 36, 441, 1, 729, 0, 225, 4, 81, 1089, 3844, 25, 576, 16, 289, 25, 49, 0, 4, 9, 1, 144, 64, 1, 25, 16, 100, 9, 36, 256, 9, 100, 49, 25, 49, 1, 36, 49, 100, 81, 81, 16, 36, 36, 196, 16, 0, 289, 49, 121, 625, 361, 81, 49, 9, 49, 25, 196, 25, 169, 225, 1, 36, 576, 400, 1, 225, 169, 324, 9, 25, 49, 9, 81, 64, 1, 4, 361, 144, 49, 9, 64, 1, 576, 64, 9, 25, 361, 2601, 36, 36, 256, 49, 361, 1600, 9, 121, 81, 1, 49, 9, 36, 1, 1, 484, 4, 49, 4, 64, 64]

pred: 9868 [43, 218, 77, 126, 71, 23, 47, 97, 49, 75, 126, 25, 28, 53, 56, 23, 256, 76, 150, 52, 66, 75, 105, 48, 68, 26, 108, 41, 159, 169, 52, 91, 69, 57, 217, 69, 61, 30, 56, 44, 39, 115, 73, 48, 27, 65, 36, 61, 77, 106, 41, 92, 64, 18, 42, 20, 92, 69, 45, 88, 271, 46, 142, 89, 110, 27, 75, 195, 113, 37, 178, 91, 68, 23, 36, 19, 34, 153, 53, 34, 26, 31, 115, 107, 243, 73, 123, 83, 0, 62, 38, 39, 69, 75, 99, 60, 14, 80, 66, 106, 53, 92, 30, 144, 159, 33, 21, 28, 67, 85, 59, 207, 69, 106, 145, 45, 108, 48, 38, 42, 46, 87, 34, 47, 26, 46, 50, 39, 68, 43]
real: 11073 [46, 240, 93, 136, 73, 38, 46, 102, 54, 84, 134, 29, 30, 54, 56, 26, 268, 79, 173, 58, 96, 81, 126, 49, 95, 26, 123, 43, 168, 202, 114, 96, 93, 61, 234, 64, 68, 30, 58, 47, 40, 127, 81, 49, 32, 69, 46, 58, 83, 122, 44, 102, 71, 23, 49, 19, 98, 76, 55, 97, 280, 50, 148, 95, 124, 31, 75, 212, 120, 48, 203, 110, 77, 30, 39, 26, 39, 167, 58, 47, 41, 32, 121, 131, 263, 74, 138, 96, 18, 65, 43, 46, 72, 84, 107, 61, 16, 99, 78, 113, 56, 100, 29, 168, 167, 36, 26, 47, 118, 91, 65, 223, 76, 125, 185, 48, 119, 57, 37, 49, 43, 93, 35, 48, 48, 48, 57, 41, 76, 51]

grid_scale: 0.3
resize_scale: 0.5
confiance: 0.55

random_seed: 1011
data_augmentation: True
samples: 130
