MAE: 4.3538461538461535 [3, 6, 1, 3, 8, 11, 2, 8, 1, 2, 6, 3, 1, 3, 2, 2, 14, 0, 4, 5, 16, 2, 10, 1, 13, 0, 7, 1, 2, 15, 37, 1, 13, 2, 5, 11, 3, 1, 1, 2, 5, 4, 0, 2, 1, 4, 1, 7, 3, 4, 1, 2, 3, 2, 3, 3, 0, 2, 3, 4, 28, 1, 2, 3, 4, 3, 2, 1, 2, 4, 3, 10, 2, 2, 0, 1, 0, 10, 6, 6, 10, 2, 2, 14, 6, 3, 1, 0, 17, 5, 2, 1, 2, 3, 3, 4, 2, 1, 6, 4, 1, 1, 3, 4, 1, 1, 4, 2, 23, 3, 1, 2, 2, 3, 13, 3, 1, 3, 2, 3, 4, 2, 2, 1, 8, 2, 2, 4, 4, 1]
MAPE: 6.300859146123849 [6.521739130434782, 2.5, 1.0752688172043012, 2.2058823529411766, 10.95890410958904, 28.947368421052634, 4.3478260869565215, 7.8431372549019605, 1.8518518518518516, 2.380952380952381, 4.477611940298507, 10.344827586206897, 3.3333333333333335, 5.555555555555555, 3.571428571428571, 7.6923076923076925, 5.223880597014925, 0.0, 2.312138728323699, 8.620689655172415, 16.666666666666664, 2.4691358024691357, 7.936507936507936, 2.0408163265306123, 13.684210526315791, 0.0, 5.691056910569105, 2.3255813953488373, 1.1904761904761905, 7.425742574257425, 32.45614035087719, 1.0416666666666665, 13.978494623655912, 3.278688524590164, 2.1367521367521367, 17.1875, 4.411764705882353, 3.3333333333333335, 1.7241379310344827, 4.25531914893617, 12.5, 3.149606299212598, 0.0, 4.081632653061225, 3.125, 5.797101449275362, 2.1739130434782608, 12.068965517241379, 3.614457831325301, 3.278688524590164, 2.272727272727273, 1.9607843137254901, 4.225352112676056, 8.695652173913043, 6.122448979591836, 15.789473684210526, 0.0, 2.631578947368421, 5.454545454545454, 4.123711340206185, 10.0, 2.0, 1.3513513513513513, 3.1578947368421053, 3.225806451612903, 9.67741935483871, 2.666666666666667, 0.4716981132075472, 1.6666666666666667, 8.333333333333332, 1.477832512315271, 9.090909090909092, 2.5974025974025974, 6.666666666666667, 0.0, 3.8461538461538463, 0.0, 5.9880239520958085, 10.344827586206897, 12.76595744680851, 24.390243902439025, 6.25, 1.6528925619834711, 10.687022900763358, 2.2813688212927756, 4.054054054054054, 0.7246376811594203, 0.0, 94.44444444444444, 7.6923076923076925, 4.651162790697675, 2.1739130434782608, 2.7777777777777777, 3.571428571428571, 2.803738317757009, 6.557377049180328, 12.5, 1.0101010101010102, 7.6923076923076925, 3.5398230088495577, 1.7857142857142856, 1.0, 10.344827586206897, 2.380952380952381, 0.5988023952095809, 2.7777777777777777, 15.384615384615385, 4.25531914893617, 19.491525423728813, 3.296703296703297, 1.5384615384615385, 0.8968609865470852, 2.631578947368421, 2.4, 7.027027027027027, 6.25, 0.8403361344537815, 5.263157894736842, 5.405405405405405, 6.122448979591836, 9.30232558139535, 2.1505376344086025, 5.714285714285714, 2.083333333333333, 16.666666666666664, 4.166666666666666, 3.508771929824561, 9.75609756097561, 5.263157894736842, 1.9607843137254901]
RMSE: 6.887000016753974 [9, 36, 1, 9, 64, 121, 4, 64, 1, 4, 36, 9, 1, 9, 4, 4, 196, 0, 16, 25, 256, 4, 100, 1, 169, 0, 49, 1, 4, 225, 1369, 1, 169, 4, 25, 121, 9, 1, 1, 4, 25, 16, 0, 4, 1, 16, 1, 49, 9, 16, 1, 4, 9, 4, 9, 9, 0, 4, 9, 16, 784, 1, 4, 9, 16, 9, 4, 1, 4, 16, 9, 100, 4, 4, 0, 1, 0, 100, 36, 36, 100, 4, 4, 196, 36, 9, 1, 0, 289, 25, 4, 1, 4, 9, 9, 16, 4, 1, 36, 16, 1, 1, 9, 16, 1, 1, 16, 4, 529, 9, 1, 4, 4, 9, 169, 9, 1, 9, 4, 9, 16, 4, 4, 1, 64, 4, 4, 16, 16, 1]

pred: 10933 [49, 246, 92, 133, 81, 27, 48, 110, 55, 86, 140, 26, 29, 57, 58, 28, 282, 79, 169, 53, 80, 83, 116, 50, 82, 26, 116, 42, 170, 187, 77, 95, 80, 63, 239, 75, 71, 31, 59, 49, 45, 123, 81, 47, 33, 73, 45, 65, 86, 118, 43, 100, 68, 21, 52, 22, 98, 74, 52, 101, 308, 51, 146, 98, 128, 28, 77, 213, 118, 44, 200, 100, 75, 28, 39, 25, 39, 157, 52, 41, 31, 34, 119, 117, 269, 77, 137, 96, 1, 60, 45, 45, 74, 81, 104, 65, 14, 100, 72, 117, 57, 99, 32, 164, 168, 35, 22, 45, 95, 94, 66, 221, 74, 122, 172, 51, 118, 54, 35, 52, 47, 95, 37, 49, 40, 50, 59, 45, 72, 52]
real: 11073 [46, 240, 93, 136, 73, 38, 46, 102, 54, 84, 134, 29, 30, 54, 56, 26, 268, 79, 173, 58, 96, 81, 126, 49, 95, 26, 123, 43, 168, 202, 114, 96, 93, 61, 234, 64, 68, 30, 58, 47, 40, 127, 81, 49, 32, 69, 46, 58, 83, 122, 44, 102, 71, 23, 49, 19, 98, 76, 55, 97, 280, 50, 148, 95, 124, 31, 75, 212, 120, 48, 203, 110, 77, 30, 39, 26, 39, 167, 58, 47, 41, 32, 121, 131, 263, 74, 138, 96, 18, 65, 43, 46, 72, 84, 107, 61, 16, 99, 78, 113, 56, 100, 29, 168, 167, 36, 26, 47, 118, 91, 65, 223, 76, 125, 185, 48, 119, 57, 37, 49, 43, 93, 35, 48, 48, 48, 57, 41, 76, 51]

grid_scale: 0.35
resize_scale: 0.5
confiance: 0.45

random_seed: 1011
data_augmentation: True
samples: 130
