MAE: 6.553846153846154 [6, 19, 5, 8, 8, 8, 7, 8, 3, 5, 10, 0, 2, 5, 6, 5, 31, 8, 15, 4, 8, 8, 8, 7, 5, 0, 0, 1, 20, 1, 18, 6, 4, 16, 33, 13, 11, 7, 2, 0, 2, 0, 9, 6, 5, 4, 0, 15, 7, 3, 4, 4, 3, 1, 4, 4, 7, 4, 2, 7, 50, 6, 14, 5, 7, 4, 5, 18, 1, 4, 12, 1, 1, 0, 4, 1, 1, 3, 1, 2, 5, 5, 8, 3, 20, 2, 12, 5, 16, 5, 1, 1, 7, 2, 10, 9, 0, 3, 5, 9, 3, 6, 3, 11, 12, 2, 3, 4, 20, 7, 5, 14, 3, 6, 0, 4, 3, 8, 1, 6, 4, 7, 1, 3, 3, 5, 4, 5, 5, 4]
MAPE: 8.452866983161625 [13.043478260869565, 7.916666666666666, 5.376344086021505, 5.88235294117647, 10.95890410958904, 21.052631578947366, 15.217391304347828, 7.8431372549019605, 5.555555555555555, 5.952380952380952, 7.462686567164178, 0.0, 6.666666666666667, 9.25925925925926, 10.714285714285714, 19.230769230769234, 11.567164179104477, 10.126582278481013, 8.670520231213873, 6.896551724137931, 8.333333333333332, 9.876543209876543, 6.349206349206349, 14.285714285714285, 5.263157894736842, 0.0, 0.0, 2.3255813953488373, 11.904761904761903, 0.49504950495049505, 15.789473684210526, 6.25, 4.301075268817205, 26.229508196721312, 14.102564102564102, 20.3125, 16.176470588235293, 23.333333333333332, 3.4482758620689653, 0.0, 5.0, 0.0, 11.11111111111111, 12.244897959183673, 15.625, 5.797101449275362, 0.0, 25.862068965517242, 8.433734939759036, 2.459016393442623, 9.090909090909092, 3.9215686274509802, 4.225352112676056, 4.3478260869565215, 8.16326530612245, 21.052631578947366, 7.142857142857142, 5.263157894736842, 3.6363636363636362, 7.216494845360824, 17.857142857142858, 12.0, 9.45945945945946, 5.263157894736842, 5.64516129032258, 12.903225806451612, 6.666666666666667, 8.49056603773585, 0.8333333333333334, 8.333333333333332, 5.911330049261084, 0.9090909090909091, 1.2987012987012987, 0.0, 10.256410256410255, 3.8461538461538463, 2.564102564102564, 1.7964071856287425, 1.7241379310344827, 4.25531914893617, 12.195121951219512, 15.625, 6.6115702479338845, 2.2900763358778624, 7.604562737642586, 2.7027027027027026, 8.695652173913043, 5.208333333333334, 88.88888888888889, 7.6923076923076925, 2.3255813953488373, 2.1739130434782608, 9.722222222222223, 2.380952380952381, 9.345794392523365, 14.754098360655737, 0.0, 3.0303030303030303, 6.41025641025641, 7.964601769911504, 5.357142857142857, 6.0, 10.344827586206897, 6.547619047619048, 7.18562874251497, 5.555555555555555, 11.538461538461538, 8.51063829787234, 16.94915254237288, 7.6923076923076925, 7.6923076923076925, 6.278026905829597, 3.9473684210526314, 4.8, 0.0, 8.333333333333332, 2.5210084033613445, 14.035087719298245, 2.7027027027027026, 12.244897959183673, 9.30232558139535, 7.526881720430108, 2.857142857142857, 6.25, 6.25, 10.416666666666668, 7.017543859649122, 12.195121951219512, 6.578947368421052, 7.8431372549019605]
RMSE: 9.470602287727413 [36, 361, 25, 64, 64, 64, 49, 64, 9, 25, 100, 0, 4, 25, 36, 25, 961, 64, 225, 16, 64, 64, 64, 49, 25, 0, 0, 1, 400, 1, 324, 36, 16, 256, 1089, 169, 121, 49, 4, 0, 4, 0, 81, 36, 25, 16, 0, 225, 49, 9, 16, 16, 9, 1, 16, 16, 49, 16, 4, 49, 2500, 36, 196, 25, 49, 16, 25, 324, 1, 16, 144, 1, 1, 0, 16, 1, 1, 9, 1, 4, 25, 25, 64, 9, 400, 4, 144, 25, 256, 25, 1, 1, 49, 4, 100, 81, 0, 9, 25, 81, 9, 36, 9, 121, 144, 4, 9, 16, 400, 49, 25, 196, 9, 36, 0, 16, 9, 64, 1, 36, 16, 49, 1, 9, 9, 25, 16, 25, 25, 16]

pred: 11705 [52, 259, 98, 144, 81, 30, 53, 110, 51, 89, 144, 29, 32, 59, 62, 31, 299, 87, 188, 62, 88, 89, 134, 56, 90, 26, 123, 44, 188, 201, 96, 102, 89, 77, 267, 77, 79, 37, 60, 47, 42, 127, 90, 55, 37, 73, 46, 73, 90, 125, 48, 106, 74, 22, 53, 23, 105, 80, 53, 104, 330, 56, 162, 100, 131, 35, 80, 230, 121, 44, 215, 111, 76, 30, 43, 25, 40, 170, 57, 45, 36, 37, 129, 134, 283, 76, 150, 101, 2, 70, 44, 45, 79, 82, 117, 70, 16, 102, 83, 122, 59, 106, 32, 179, 179, 38, 29, 43, 98, 98, 70, 237, 79, 131, 185, 52, 122, 65, 38, 55, 47, 100, 36, 51, 45, 53, 61, 46, 81, 55]
real: 11073 [46, 240, 93, 136, 73, 38, 46, 102, 54, 84, 134, 29, 30, 54, 56, 26, 268, 79, 173, 58, 96, 81, 126, 49, 95, 26, 123, 43, 168, 202, 114, 96, 93, 61, 234, 64, 68, 30, 58, 47, 40, 127, 81, 49, 32, 69, 46, 58, 83, 122, 44, 102, 71, 23, 49, 19, 98, 76, 55, 97, 280, 50, 148, 95, 124, 31, 75, 212, 120, 48, 203, 110, 77, 30, 39, 26, 39, 167, 58, 47, 41, 32, 121, 131, 263, 74, 138, 96, 18, 65, 43, 46, 72, 84, 107, 61, 16, 99, 78, 113, 56, 100, 29, 168, 167, 36, 26, 47, 118, 91, 65, 223, 76, 125, 185, 48, 119, 57, 37, 49, 43, 93, 35, 48, 48, 48, 57, 41, 76, 51]

grid_scale: 0.35
resize_scale: 0.5
confiance: 0.35

random_seed: 1011
data_augmentation: True
samples: 130
