MAE: 5.2384615384615385 [0, 13, 1, 0, 2, 7, 3, 7, 2, 6, 2, 2, 0, 11, 6, 3, 20, 9, 7, 0, 11, 3, 2, 6, 8, 3, 0, 2, 9, 11, 26, 3, 6, 6, 20, 15, 11, 4, 1, 6, 7, 1, 13, 2, 7, 8, 0, 11, 7, 5, 4, 6, 3, 1, 3, 1, 7, 0, 5, 4, 45, 4, 5, 5, 1, 4, 0, 16, 1, 0, 3, 2, 5, 3, 3, 2, 2, 4, 0, 6, 1, 2, 7, 0, 18, 5, 11, 2, 17, 7, 0, 2, 3, 5, 1, 10, 2, 2, 4, 9, 4, 0, 2, 2, 5, 4, 4, 8, 14, 6, 4, 2, 0, 0, 5, 4, 10, 1, 1, 1, 9, 3, 2, 4, 3, 3, 2, 10, 0, 0]
MAPE: 7.476082711123271 [0.0, 5.416666666666667, 1.0752688172043012, 0.0, 2.73972602739726, 18.421052631578945, 6.521739130434782, 6.862745098039216, 3.7037037037037033, 7.142857142857142, 1.4925373134328357, 6.896551724137931, 0.0, 20.37037037037037, 10.714285714285714, 11.538461538461538, 7.462686567164178, 11.39240506329114, 4.046242774566474, 0.0, 11.458333333333332, 3.7037037037037033, 1.5873015873015872, 12.244897959183673, 8.421052631578947, 11.538461538461538, 0.0, 4.651162790697675, 5.357142857142857, 5.445544554455446, 22.807017543859647, 3.125, 6.451612903225806, 9.836065573770492, 8.547008547008547, 23.4375, 16.176470588235293, 13.333333333333334, 1.7241379310344827, 12.76595744680851, 17.5, 0.7874015748031495, 16.049382716049383, 4.081632653061225, 21.875, 11.594202898550725, 0.0, 18.96551724137931, 8.433734939759036, 4.098360655737705, 9.090909090909092, 5.88235294117647, 4.225352112676056, 4.3478260869565215, 6.122448979591836, 5.263157894736842, 7.142857142857142, 0.0, 9.090909090909092, 4.123711340206185, 16.071428571428573, 8.0, 3.3783783783783785, 5.263157894736842, 0.8064516129032258, 12.903225806451612, 0.0, 7.547169811320755, 0.8333333333333334, 0.0, 1.477832512315271, 1.8181818181818181, 6.493506493506493, 10.0, 7.6923076923076925, 7.6923076923076925, 5.128205128205128, 2.3952095808383236, 0.0, 12.76595744680851, 2.4390243902439024, 6.25, 5.785123966942149, 0.0, 6.844106463878327, 6.756756756756757, 7.971014492753622, 2.083333333333333, 94.44444444444444, 10.76923076923077, 0.0, 4.3478260869565215, 4.166666666666666, 5.952380952380952, 0.9345794392523363, 16.39344262295082, 12.5, 2.0202020202020203, 5.128205128205128, 7.964601769911504, 7.142857142857142, 0.0, 6.896551724137931, 1.1904761904761905, 2.9940119760479043, 11.11111111111111, 15.384615384615385, 17.02127659574468, 11.864406779661017, 6.593406593406594, 6.153846153846154, 0.8968609865470852, 0.0, 0.0, 2.7027027027027026, 8.333333333333332, 8.403361344537815, 1.7543859649122806, 2.7027027027027026, 2.0408163265306123, 20.930232558139537, 3.225806451612903, 5.714285714285714, 8.333333333333332, 6.25, 6.25, 3.508771929824561, 24.390243902439025, 0.0, 0.0]
RMSE: 7.887185322261187 [0, 169, 1, 0, 4, 49, 9, 49, 4, 36, 4, 4, 0, 121, 36, 9, 400, 81, 49, 0, 121, 9, 4, 36, 64, 9, 0, 4, 81, 121, 676, 9, 36, 36, 400, 225, 121, 16, 1, 36, 49, 1, 169, 4, 49, 64, 0, 121, 49, 25, 16, 36, 9, 1, 9, 1, 49, 0, 25, 16, 2025, 16, 25, 25, 1, 16, 0, 256, 1, 0, 9, 4, 25, 9, 9, 4, 4, 16, 0, 36, 1, 4, 49, 0, 324, 25, 121, 4, 289, 49, 0, 4, 9, 25, 1, 100, 4, 4, 16, 81, 16, 0, 4, 4, 25, 16, 16, 64, 196, 36, 16, 4, 0, 0, 25, 16, 100, 1, 1, 1, 81, 9, 4, 16, 9, 9, 4, 100, 0, 0]

pred: 11432 [46, 253, 92, 136, 75, 31, 49, 109, 52, 90, 136, 27, 30, 65, 62, 29, 288, 88, 180, 58, 85, 84, 128, 55, 87, 29, 123, 45, 177, 191, 88, 99, 87, 67, 254, 79, 79, 34, 59, 53, 47, 128, 94, 47, 25, 77, 46, 69, 90, 127, 48, 108, 74, 22, 52, 20, 105, 76, 50, 101, 325, 54, 153, 100, 123, 35, 75, 228, 121, 48, 206, 108, 72, 33, 36, 24, 41, 171, 58, 41, 42, 34, 128, 131, 281, 79, 149, 98, 1, 72, 43, 44, 75, 89, 106, 71, 18, 97, 82, 122, 60, 100, 31, 170, 172, 40, 30, 39, 104, 97, 69, 225, 76, 125, 180, 52, 129, 58, 36, 50, 52, 96, 37, 52, 45, 51, 59, 51, 76, 51]
real: 11073 [46, 240, 93, 136, 73, 38, 46, 102, 54, 84, 134, 29, 30, 54, 56, 26, 268, 79, 173, 58, 96, 81, 126, 49, 95, 26, 123, 43, 168, 202, 114, 96, 93, 61, 234, 64, 68, 30, 58, 47, 40, 127, 81, 49, 32, 69, 46, 58, 83, 122, 44, 102, 71, 23, 49, 19, 98, 76, 55, 97, 280, 50, 148, 95, 124, 31, 75, 212, 120, 48, 203, 110, 77, 30, 39, 26, 39, 167, 58, 47, 41, 32, 121, 131, 263, 74, 138, 96, 18, 65, 43, 46, 72, 84, 107, 61, 16, 99, 78, 113, 56, 100, 29, 168, 167, 36, 26, 47, 118, 91, 65, 223, 76, 125, 185, 48, 119, 57, 37, 49, 43, 93, 35, 48, 48, 48, 57, 41, 76, 51]

grid_scale: 0.4
resize_scale: 0.5
confiance: 0.35

random_seed: 1011
data_augmentation: True
samples: 130
