MAE: 8.361538461538462 [5, 8, 6, 2, 1, 18, 7, 38, 3, 2, 19, 1, 8, 4, 1, 13, 25, 14, 14, 25, 2, 3, 11, 2, 29, 2, 1, 7, 5, 15, 5, 6, 5, 13, 1, 24, 2, 14, 6, 4, 1, 4, 2, 4, 6, 7, 15, 5, 36, 35, 3, 1, 8, 8, 2, 7, 8, 5, 1, 6, 14, 25, 1, 9, 4, 11, 2, 4, 2, 6, 23, 2, 11, 8, 8, 38, 1, 6, 23, 1, 0, 4, 4, 2, 6, 3, 2, 6, 38, 1, 1, 8, 1, 1, 4, 2, 12, 3, 8, 4, 9, 16, 2, 1, 1, 8, 9, 19, 12, 5, 10, 0, 15, 3, 6, 4, 3, 8, 14, 24, 3, 5, 2, 7, 4, 4, 23, 3, 12, 11]
MAPE: 10.211558299372568 [5.154639175257731, 7.079646017699115, 8.695652173913043, 4.081632653061225, 1.098901098901099, 100.0, 4.166666666666666, 14.17910447761194, 10.344827586206897, 4.651162790697675, 19.791666666666664, 2.5, 8.333333333333332, 10.81081081081081, 2.857142857142857, 11.403508771929824, 14.880952380952381, 10.144927536231885, 11.29032258064516, 19.083969465648856, 3.076923076923077, 4.0, 16.923076923076923, 2.7777777777777777, 16.76300578034682, 3.278688524590164, 3.125, 5.737704918032787, 10.0, 10.135135135135135, 9.25925925925926, 10.344827586206897, 4.672897196261682, 9.558823529411764, 2.0408163265306123, 11.320754716981133, 4.081632653061225, 29.78723404255319, 16.666666666666664, 12.903225806451612, 2.1739130434782608, 4.938271604938271, 4.651162790697675, 8.51063829787234, 5.88235294117647, 5.223880597014925, 16.129032258064516, 5.05050505050505, 19.45945945945946, 15.695067264573993, 5.357142857142857, 2.564102564102564, 8.333333333333332, 9.523809523809524, 6.666666666666667, 5.6000000000000005, 26.666666666666668, 5.376344086021505, 1.0526315789473684, 6.122448979591836, 11.38211382113821, 19.841269841269842, 3.8461538461538463, 8.823529411764707, 7.017543859649122, 8.661417322834646, 4.545454545454546, 4.819277108433735, 6.25, 2.142857142857143, 11.330049261083744, 4.651162790697675, 26.82926829268293, 13.793103448275861, 11.267605633802818, 32.20338983050847, 2.083333333333333, 12.76595744680851, 13.77245508982036, 3.3333333333333335, 0.0, 17.391304347826086, 5.405405405405405, 4.081632653061225, 7.792207792207792, 5.263157894736842, 12.5, 14.634146341463413, 18.81188118811881, 0.5988023952095809, 1.2658227848101267, 16.666666666666664, 5.263157894736842, 3.8461538461538463, 5.88235294117647, 3.7037037037037033, 5.128205128205128, 2.479338842975207, 20.51282051282051, 8.695652173913043, 19.565217391304348, 13.445378151260504, 7.6923076923076925, 1.2345679012345678, 1.7857142857142856, 8.0, 11.842105263157894, 17.272727272727273, 15.384615384615385, 5.376344086021505, 8.333333333333332, 0.0, 39.473684210526315, 4.10958904109589, 7.894736842105263, 8.333333333333332, 4.6875, 27.586206896551722, 14.736842105263156, 10.0, 5.172413793103448, 19.230769230769234, 3.4482758620689653, 12.727272727272727, 7.8431372549019605, 8.695652173913043, 8.745247148288973, 4.918032786885246, 15.789473684210526, 22.916666666666664]
RMSE: 12.006728882653196 [25, 64, 36, 4, 1, 324, 49, 1444, 9, 4, 361, 1, 64, 16, 1, 169, 625, 196, 196, 625, 4, 9, 121, 4, 841, 4, 1, 49, 25, 225, 25, 36, 25, 169, 1, 576, 4, 196, 36, 16, 1, 16, 4, 16, 36, 49, 225, 25, 1296, 1225, 9, 1, 64, 64, 4, 49, 64, 25, 1, 36, 196, 625, 1, 81, 16, 121, 4, 16, 4, 36, 529, 4, 121, 64, 64, 1444, 1, 36, 529, 1, 0, 16, 16, 4, 36, 9, 4, 36, 1444, 1, 1, 64, 1, 1, 16, 4, 144, 9, 64, 16, 81, 256, 4, 1, 1, 64, 81, 361, 144, 25, 100, 0, 225, 9, 36, 16, 9, 64, 196, 576, 9, 25, 4, 49, 16, 16, 529, 9, 144, 121]

pred: 10036 [92, 105, 63, 47, 90, 0, 161, 230, 32, 45, 77, 41, 88, 33, 34, 101, 143, 124, 110, 106, 63, 72, 54, 70, 144, 59, 33, 115, 45, 133, 49, 52, 102, 123, 48, 188, 47, 33, 30, 27, 45, 77, 45, 43, 96, 127, 78, 94, 149, 188, 53, 38, 88, 76, 32, 118, 22, 88, 96, 92, 109, 101, 27, 93, 53, 116, 42, 79, 34, 274, 180, 41, 30, 50, 63, 80, 47, 41, 144, 29, 84, 19, 70, 47, 71, 54, 14, 35, 164, 166, 78, 40, 20, 25, 64, 52, 222, 118, 31, 42, 37, 103, 24, 80, 55, 92, 67, 91, 66, 88, 110, 48, 23, 76, 70, 44, 67, 21, 81, 216, 61, 21, 56, 48, 47, 42, 240, 58, 64, 37]
real: 11073 [97, 113, 69, 49, 91, 18, 168, 268, 29, 43, 96, 40, 96, 37, 35, 114, 168, 138, 124, 131, 65, 75, 65, 72, 173, 61, 32, 122, 50, 148, 54, 58, 107, 136, 49, 212, 49, 47, 36, 31, 46, 81, 43, 47, 102, 134, 93, 99, 185, 223, 56, 39, 96, 84, 30, 125, 30, 93, 95, 98, 123, 126, 26, 102, 57, 127, 44, 83, 32, 280, 203, 43, 41, 58, 71, 118, 48, 47, 167, 30, 84, 23, 74, 49, 77, 57, 16, 41, 202, 167, 79, 48, 19, 26, 68, 54, 234, 121, 39, 46, 46, 119, 26, 81, 56, 100, 76, 110, 78, 93, 120, 48, 38, 73, 76, 48, 64, 29, 95, 240, 58, 26, 58, 55, 51, 46, 263, 61, 76, 48]

grid_scale: 0.45
resize_scale: 0.5
confiance: 0.55

random_seed: 1011
data_augmentation: True
samples: 130
