MAE: 5.461538461538462 [3, 9, 1, 5, 8, 11, 2, 13, 1, 10, 1, 1, 5, 7, 4, 2, 18, 9, 4, 4, 8, 2, 0, 8, 10, 3, 0, 0, 11, 5, 33, 5, 5, 11, 15, 17, 6, 1, 2, 7, 10, 2, 6, 1, 6, 3, 4, 10, 5, 1, 2, 4, 7, 2, 6, 2, 7, 1, 5, 6, 45, 2, 10, 5, 7, 2, 1, 14, 7, 0, 2, 2, 2, 3, 4, 2, 2, 6, 2, 4, 2, 2, 3, 2, 22, 5, 11, 2, 18, 8, 0, 2, 5, 3, 3, 12, 0, 2, 2, 7, 4, 4, 7, 2, 1, 0, 8, 3, 15, 9, 3, 4, 3, 1, 10, 5, 2, 0, 1, 2, 9, 1, 1, 1, 3, 9, 0, 4, 6, 2]
MAPE: 7.884227963141778 [6.521739130434782, 3.75, 1.0752688172043012, 3.6764705882352944, 10.95890410958904, 28.947368421052634, 4.3478260869565215, 12.745098039215685, 1.8518518518518516, 11.904761904761903, 0.7462686567164178, 3.4482758620689653, 16.666666666666664, 12.962962962962962, 7.142857142857142, 7.6923076923076925, 6.7164179104477615, 11.39240506329114, 2.312138728323699, 6.896551724137931, 8.333333333333332, 2.4691358024691357, 0.0, 16.3265306122449, 10.526315789473683, 11.538461538461538, 0.0, 0.0, 6.547619047619048, 2.4752475247524752, 28.947368421052634, 5.208333333333334, 5.376344086021505, 18.0327868852459, 6.41025641025641, 26.5625, 8.823529411764707, 3.3333333333333335, 3.4482758620689653, 14.893617021276595, 25.0, 1.574803149606299, 7.4074074074074066, 2.0408163265306123, 18.75, 4.3478260869565215, 8.695652173913043, 17.24137931034483, 6.024096385542169, 0.819672131147541, 4.545454545454546, 3.9215686274509802, 9.859154929577464, 8.695652173913043, 12.244897959183673, 10.526315789473683, 7.142857142857142, 1.3157894736842104, 9.090909090909092, 6.185567010309279, 16.071428571428573, 4.0, 6.756756756756757, 5.263157894736842, 5.64516129032258, 6.451612903225806, 1.3333333333333335, 6.60377358490566, 5.833333333333333, 0.0, 0.9852216748768473, 1.8181818181818181, 2.5974025974025974, 10.0, 10.256410256410255, 7.6923076923076925, 5.128205128205128, 3.592814371257485, 3.4482758620689653, 8.51063829787234, 4.878048780487805, 6.25, 2.479338842975207, 1.5267175572519083, 8.365019011406844, 6.756756756756757, 7.971014492753622, 2.083333333333333, 100.0, 12.307692307692308, 0.0, 4.3478260869565215, 6.944444444444445, 3.571428571428571, 2.803738317757009, 19.672131147540984, 0.0, 2.0202020202020203, 2.564102564102564, 6.1946902654867255, 7.142857142857142, 4.0, 24.137931034482758, 1.1904761904761905, 0.5988023952095809, 0.0, 30.76923076923077, 6.382978723404255, 12.711864406779661, 9.89010989010989, 4.615384615384616, 1.7937219730941705, 3.9473684210526314, 0.8, 5.405405405405405, 10.416666666666668, 1.680672268907563, 0.0, 2.7027027027027026, 4.081632653061225, 20.930232558139537, 1.0752688172043012, 2.857142857142857, 2.083333333333333, 6.25, 18.75, 0.0, 9.75609756097561, 7.894736842105263, 3.9215686274509802]
RMSE: 8.142953537119828 [9, 81, 1, 25, 64, 121, 4, 169, 1, 100, 1, 1, 25, 49, 16, 4, 324, 81, 16, 16, 64, 4, 0, 64, 100, 9, 0, 0, 121, 25, 1089, 25, 25, 121, 225, 289, 36, 1, 4, 49, 100, 4, 36, 1, 36, 9, 16, 100, 25, 1, 4, 16, 49, 4, 36, 4, 49, 1, 25, 36, 2025, 4, 100, 25, 49, 4, 1, 196, 49, 0, 4, 4, 4, 9, 16, 4, 4, 36, 4, 16, 4, 4, 9, 4, 484, 25, 121, 4, 324, 64, 0, 4, 25, 9, 9, 144, 0, 4, 4, 49, 16, 16, 49, 4, 1, 0, 64, 9, 225, 81, 9, 16, 9, 1, 100, 25, 4, 0, 1, 4, 81, 1, 1, 1, 9, 81, 0, 16, 36, 4]

pred: 11475 [49, 249, 92, 141, 81, 27, 48, 115, 55, 94, 135, 30, 35, 61, 60, 28, 286, 88, 177, 54, 88, 83, 126, 57, 85, 29, 123, 43, 179, 197, 81, 101, 88, 72, 249, 81, 74, 31, 60, 54, 50, 129, 87, 50, 38, 72, 50, 68, 88, 121, 46, 98, 78, 25, 55, 21, 105, 77, 50, 103, 325, 52, 158, 100, 131, 33, 76, 226, 127, 48, 205, 112, 79, 33, 35, 24, 41, 173, 56, 43, 43, 34, 124, 129, 285, 79, 149, 98, 0, 73, 43, 48, 77, 81, 110, 73, 16, 101, 80, 120, 60, 104, 36, 170, 168, 36, 34, 44, 103, 100, 68, 227, 79, 126, 175, 53, 121, 57, 36, 51, 52, 94, 36, 49, 45, 57, 57, 45, 82, 53]
real: 11073 [46, 240, 93, 136, 73, 38, 46, 102, 54, 84, 134, 29, 30, 54, 56, 26, 268, 79, 173, 58, 96, 81, 126, 49, 95, 26, 123, 43, 168, 202, 114, 96, 93, 61, 234, 64, 68, 30, 58, 47, 40, 127, 81, 49, 32, 69, 46, 58, 83, 122, 44, 102, 71, 23, 49, 19, 98, 76, 55, 97, 280, 50, 148, 95, 124, 31, 75, 212, 120, 48, 203, 110, 77, 30, 39, 26, 39, 167, 58, 47, 41, 32, 121, 131, 263, 74, 138, 96, 18, 65, 43, 46, 72, 84, 107, 61, 16, 99, 78, 113, 56, 100, 29, 168, 167, 36, 26, 47, 118, 91, 65, 223, 76, 125, 185, 48, 119, 57, 37, 49, 43, 93, 35, 48, 48, 48, 57, 41, 76, 51]

grid_scale: 0.35
resize_scale: 0.5
confiance: 0.35

random_seed: 1011
data_augmentation: True
samples: 130
