MAE: 5.661538461538462 [2, 16, 1, 1, 9, 11, 2, 13, 2, 7, 13, 0, 5, 5, 9, 4, 38, 14, 3, 3, 0, 4, 4, 2, 2, 4, 0, 2, 7, 14, 10, 2, 3, 4, 37, 13, 13, 2, 2, 2, 4, 5, 12, 3, 1, 4, 1, 7, 6, 0, 4, 2, 3, 1, 10, 3, 6, 1, 2, 6, 42, 6, 12, 6, 14, 0, 2, 11, 0, 4, 15, 1, 2, 1, 0, 3, 3, 0, 1, 1, 9, 3, 5, 3, 13, 4, 18, 2, 12, 3, 2, 0, 6, 3, 0, 7, 3, 0, 1, 5, 3, 2, 5, 6, 14, 1, 5, 1, 4, 9, 6, 22, 2, 1, 2, 7, 5, 3, 3, 3, 1, 3, 3, 11, 3, 4, 1, 8, 5, 4]
MAPE: 7.534870421067973 [4.3478260869565215, 6.666666666666667, 1.0752688172043012, 0.7352941176470588, 12.32876712328767, 28.947368421052634, 4.3478260869565215, 12.745098039215685, 3.7037037037037033, 8.333333333333332, 9.701492537313433, 0.0, 16.666666666666664, 9.25925925925926, 16.071428571428573, 15.384615384615385, 14.17910447761194, 17.72151898734177, 1.7341040462427744, 5.172413793103448, 0.0, 4.938271604938271, 3.1746031746031744, 4.081632653061225, 2.1052631578947367, 15.384615384615385, 0.0, 4.651162790697675, 4.166666666666666, 6.9306930693069315, 8.771929824561402, 2.083333333333333, 3.225806451612903, 6.557377049180328, 15.81196581196581, 20.3125, 19.11764705882353, 6.666666666666667, 3.4482758620689653, 4.25531914893617, 10.0, 3.937007874015748, 14.814814814814813, 6.122448979591836, 3.125, 5.797101449275362, 2.1739130434782608, 12.068965517241379, 7.228915662650602, 0.0, 9.090909090909092, 1.9607843137254901, 4.225352112676056, 4.3478260869565215, 20.408163265306122, 15.789473684210526, 6.122448979591836, 1.3157894736842104, 3.6363636363636362, 6.185567010309279, 15.0, 12.0, 8.108108108108109, 6.315789473684211, 11.29032258064516, 0.0, 2.666666666666667, 5.188679245283019, 0.0, 8.333333333333332, 7.389162561576355, 0.9090909090909091, 2.5974025974025974, 3.3333333333333335, 0.0, 11.538461538461538, 7.6923076923076925, 0.0, 1.7241379310344827, 2.127659574468085, 21.951219512195124, 9.375, 4.132231404958678, 2.2900763358778624, 4.942965779467681, 5.405405405405405, 13.043478260869565, 2.083333333333333, 66.66666666666666, 4.615384615384616, 4.651162790697675, 0.0, 8.333333333333332, 3.571428571428571, 0.0, 11.475409836065573, 18.75, 0.0, 1.282051282051282, 4.424778761061947, 5.357142857142857, 2.0, 17.24137931034483, 3.571428571428571, 8.383233532934131, 2.7777777777777777, 19.230769230769234, 2.127659574468085, 3.389830508474576, 9.89010989010989, 9.230769230769232, 9.865470852017937, 2.631578947368421, 0.8, 1.0810810810810811, 14.583333333333334, 4.201680672268908, 5.263157894736842, 8.108108108108109, 6.122448979591836, 2.3255813953488373, 3.225806451612903, 8.571428571428571, 22.916666666666664, 6.25, 8.333333333333332, 1.7543859649122806, 19.51219512195122, 6.578947368421052, 7.8431372549019605]
RMSE: 8.821302886500645 [4, 256, 1, 1, 81, 121, 4, 169, 4, 49, 169, 0, 25, 25, 81, 16, 1444, 196, 9, 9, 0, 16, 16, 4, 4, 16, 0, 4, 49, 196, 100, 4, 9, 16, 1369, 169, 169, 4, 4, 4, 16, 25, 144, 9, 1, 16, 1, 49, 36, 0, 16, 4, 9, 1, 100, 9, 36, 1, 4, 36, 1764, 36, 144, 36, 196, 0, 4, 121, 0, 16, 225, 1, 4, 1, 0, 9, 9, 0, 1, 1, 81, 9, 25, 9, 169, 16, 324, 4, 144, 9, 4, 0, 36, 9, 0, 49, 9, 0, 1, 25, 9, 4, 25, 36, 196, 1, 25, 1, 16, 81, 36, 484, 4, 1, 4, 49, 25, 9, 9, 9, 1, 9, 9, 121, 9, 16, 1, 64, 25, 16]

pred: 11697 [48, 256, 94, 137, 82, 27, 48, 115, 52, 91, 147, 29, 35, 59, 65, 30, 306, 93, 176, 61, 96, 85, 130, 51, 97, 30, 123, 45, 175, 216, 124, 98, 96, 65, 271, 77, 81, 32, 60, 45, 44, 122, 93, 52, 33, 73, 47, 65, 89, 122, 48, 104, 74, 24, 59, 22, 104, 77, 53, 103, 322, 56, 160, 101, 138, 31, 77, 223, 120, 52, 218, 109, 75, 31, 39, 29, 42, 167, 57, 48, 50, 35, 126, 134, 276, 78, 156, 98, 6, 62, 45, 46, 78, 81, 107, 68, 19, 99, 79, 118, 59, 102, 34, 174, 181, 35, 31, 46, 114, 100, 71, 245, 78, 126, 187, 55, 124, 60, 34, 52, 44, 96, 38, 59, 45, 52, 58, 49, 81, 55]
real: 11073 [46, 240, 93, 136, 73, 38, 46, 102, 54, 84, 134, 29, 30, 54, 56, 26, 268, 79, 173, 58, 96, 81, 126, 49, 95, 26, 123, 43, 168, 202, 114, 96, 93, 61, 234, 64, 68, 30, 58, 47, 40, 127, 81, 49, 32, 69, 46, 58, 83, 122, 44, 102, 71, 23, 49, 19, 98, 76, 55, 97, 280, 50, 148, 95, 124, 31, 75, 212, 120, 48, 203, 110, 77, 30, 39, 26, 39, 167, 58, 47, 41, 32, 121, 131, 263, 74, 138, 96, 18, 65, 43, 46, 72, 84, 107, 61, 16, 99, 78, 113, 56, 100, 29, 168, 167, 36, 26, 47, 118, 91, 65, 223, 76, 125, 185, 48, 119, 57, 37, 49, 43, 93, 35, 48, 48, 48, 57, 41, 76, 51]

grid_scale: 0.45
resize_scale: 0.5
confiance: 0.3

random_seed: 1011
data_augmentation: True
samples: 130
