MAE: 4.230769230769231 [4, 3, 2, 3, 6, 9, 3, 8, 3, 2, 6, 2, 2, 6, 1, 3, 3, 7, 0, 4, 13, 2, 6, 4, 12, 1, 2, 1, 5, 13, 21, 4, 12, 2, 9, 13, 5, 1, 0, 2, 4, 5, 17, 0, 3, 2, 2, 5, 3, 2, 1, 2, 3, 3, 5, 3, 8, 3, 6, 0, 49, 3, 0, 12, 6, 1, 1, 7, 5, 6, 1, 0, 1, 0, 1, 1, 1, 0, 1, 7, 0, 0, 2, 16, 2, 4, 10, 0, 18, 3, 3, 3, 5, 0, 4, 8, 1, 1, 2, 4, 1, 0, 3, 8, 9, 1, 2, 7, 10, 2, 1, 4, 2, 1, 3, 4, 1, 1, 3, 1, 5, 1, 0, 3, 2, 1, 1, 0, 2, 0]
MAPE: 6.101906088097439 [8.695652173913043, 1.25, 2.1505376344086025, 2.2058823529411766, 8.21917808219178, 23.684210526315788, 6.521739130434782, 7.8431372549019605, 5.555555555555555, 2.380952380952381, 4.477611940298507, 6.896551724137931, 6.666666666666667, 11.11111111111111, 1.7857142857142856, 11.538461538461538, 1.1194029850746268, 8.860759493670885, 0.0, 6.896551724137931, 13.541666666666666, 2.4691358024691357, 4.761904761904762, 8.16326530612245, 12.631578947368421, 3.8461538461538463, 1.6260162601626018, 2.3255813953488373, 2.976190476190476, 6.435643564356436, 18.421052631578945, 4.166666666666666, 12.903225806451612, 3.278688524590164, 3.8461538461538463, 20.3125, 7.352941176470589, 3.3333333333333335, 0.0, 4.25531914893617, 10.0, 3.937007874015748, 20.98765432098765, 0.0, 9.375, 2.898550724637681, 4.3478260869565215, 8.620689655172415, 3.614457831325301, 1.639344262295082, 2.272727272727273, 1.9607843137254901, 4.225352112676056, 13.043478260869565, 10.204081632653061, 15.789473684210526, 8.16326530612245, 3.9473684210526314, 10.909090909090908, 0.0, 17.5, 6.0, 0.0, 12.631578947368421, 4.838709677419355, 3.225806451612903, 1.3333333333333335, 3.30188679245283, 4.166666666666666, 12.5, 0.49261083743842365, 0.0, 1.2987012987012987, 0.0, 2.564102564102564, 3.8461538461538463, 2.564102564102564, 0.0, 1.7241379310344827, 14.893617021276595, 0.0, 0.0, 1.6528925619834711, 12.213740458015266, 0.7604562737642585, 5.405405405405405, 7.246376811594203, 0.0, 100.0, 4.615384615384616, 6.976744186046512, 6.521739130434782, 6.944444444444445, 0.0, 3.7383177570093453, 13.114754098360656, 6.25, 1.0101010101010102, 2.564102564102564, 3.5398230088495577, 1.7857142857142856, 0.0, 10.344827586206897, 4.761904761904762, 5.389221556886228, 2.7777777777777777, 7.6923076923076925, 14.893617021276595, 8.47457627118644, 2.197802197802198, 1.5384615384615385, 1.7937219730941705, 2.631578947368421, 0.8, 1.6216216216216217, 8.333333333333332, 0.8403361344537815, 1.7543859649122806, 8.108108108108109, 2.0408163265306123, 11.627906976744185, 1.0752688172043012, 0.0, 6.25, 4.166666666666666, 2.083333333333333, 1.7543859649122806, 0.0, 2.631578947368421, 0.0]
RMSE: 7.039449279158573 [16, 9, 4, 9, 36, 81, 9, 64, 9, 4, 36, 4, 4, 36, 1, 9, 9, 49, 0, 16, 169, 4, 36, 16, 144, 1, 4, 1, 25, 169, 441, 16, 144, 4, 81, 169, 25, 1, 0, 4, 16, 25, 289, 0, 9, 4, 4, 25, 9, 4, 1, 4, 9, 9, 25, 9, 64, 9, 36, 0, 2401, 9, 0, 144, 36, 1, 1, 49, 25, 36, 1, 0, 1, 0, 1, 1, 1, 0, 1, 49, 0, 0, 4, 256, 4, 16, 100, 0, 324, 9, 9, 9, 25, 0, 16, 64, 1, 1, 4, 16, 1, 0, 9, 64, 81, 1, 4, 49, 100, 4, 1, 16, 4, 1, 9, 16, 1, 1, 9, 1, 25, 1, 0, 9, 4, 1, 1, 0, 4, 0]

pred: 11197 [50, 243, 95, 133, 79, 29, 49, 110, 51, 86, 140, 31, 28, 60, 57, 29, 271, 86, 173, 54, 83, 83, 120, 53, 83, 27, 125, 44, 173, 189, 93, 100, 81, 63, 243, 77, 73, 31, 58, 49, 44, 122, 98, 49, 35, 71, 44, 63, 86, 120, 45, 104, 74, 20, 54, 22, 106, 79, 49, 97, 329, 53, 148, 107, 130, 32, 74, 219, 115, 42, 204, 110, 78, 30, 40, 25, 40, 167, 57, 40, 41, 32, 119, 115, 265, 78, 148, 96, 0, 68, 46, 43, 77, 84, 111, 69, 15, 98, 76, 117, 57, 100, 32, 176, 176, 37, 24, 40, 108, 93, 66, 219, 78, 124, 182, 52, 118, 58, 40, 50, 48, 94, 35, 51, 46, 49, 56, 41, 74, 51]
real: 11073 [46, 240, 93, 136, 73, 38, 46, 102, 54, 84, 134, 29, 30, 54, 56, 26, 268, 79, 173, 58, 96, 81, 126, 49, 95, 26, 123, 43, 168, 202, 114, 96, 93, 61, 234, 64, 68, 30, 58, 47, 40, 127, 81, 49, 32, 69, 46, 58, 83, 122, 44, 102, 71, 23, 49, 19, 98, 76, 55, 97, 280, 50, 148, 95, 124, 31, 75, 212, 120, 48, 203, 110, 77, 30, 39, 26, 39, 167, 58, 47, 41, 32, 121, 131, 263, 74, 138, 96, 18, 65, 43, 46, 72, 84, 107, 61, 16, 99, 78, 113, 56, 100, 29, 168, 167, 36, 26, 47, 118, 91, 65, 223, 76, 125, 185, 48, 119, 57, 37, 49, 43, 93, 35, 48, 48, 48, 57, 41, 76, 51]

grid_scale: 0.45
resize_scale: 0.5
confiance: 0.4

random_seed: 1011
data_augmentation: True
samples: 130
