MAE: 5.707692307692308 [3, 8, 2, 5, 12, 12, 1, 16, 3, 6, 4, 0, 0, 4, 9, 3, 22, 4, 12, 1, 7, 8, 14, 9, 5, 6, 4, 1, 12, 2, 16, 3, 3, 8, 23, 22, 6, 1, 4, 7, 5, 3, 4, 7, 1, 14, 1, 14, 6, 0, 3, 1, 5, 0, 6, 4, 3, 4, 3, 4, 47, 4, 7, 10, 8, 0, 2, 31, 1, 2, 2, 7, 3, 1, 3, 4, 0, 7, 0, 2, 2, 2, 2, 14, 16, 2, 7, 4, 18, 2, 2, 1, 4, 1, 3, 3, 1, 0, 2, 11, 5, 4, 4, 7, 2, 0, 0, 4, 12, 5, 2, 14, 4, 3, 3, 3, 7, 6, 1, 1, 5, 4, 4, 7, 5, 3, 3, 3, 2, 5]
MAPE: 7.668057705947577 [6.521739130434782, 3.3333333333333335, 2.1505376344086025, 3.6764705882352944, 16.43835616438356, 31.57894736842105, 2.1739130434782608, 15.686274509803921, 5.555555555555555, 7.142857142857142, 2.9850746268656714, 0.0, 0.0, 7.4074074074074066, 16.071428571428573, 11.538461538461538, 8.208955223880597, 5.063291139240507, 6.9364161849710975, 1.7241379310344827, 7.291666666666667, 9.876543209876543, 11.11111111111111, 18.367346938775512, 5.263157894736842, 23.076923076923077, 3.2520325203252036, 2.3255813953488373, 7.142857142857142, 0.9900990099009901, 14.035087719298245, 3.125, 3.225806451612903, 13.114754098360656, 9.82905982905983, 34.375, 8.823529411764707, 3.3333333333333335, 6.896551724137931, 14.893617021276595, 12.5, 2.3622047244094486, 4.938271604938271, 14.285714285714285, 3.125, 20.28985507246377, 2.1739130434782608, 24.137931034482758, 7.228915662650602, 0.0, 6.8181818181818175, 0.9803921568627451, 7.042253521126761, 0.0, 12.244897959183673, 21.052631578947366, 3.061224489795918, 5.263157894736842, 5.454545454545454, 4.123711340206185, 16.785714285714285, 8.0, 4.72972972972973, 10.526315789473683, 6.451612903225806, 0.0, 2.666666666666667, 14.622641509433961, 0.8333333333333334, 4.166666666666666, 0.9852216748768473, 6.363636363636363, 3.896103896103896, 3.3333333333333335, 7.6923076923076925, 15.384615384615385, 0.0, 4.191616766467066, 0.0, 4.25531914893617, 4.878048780487805, 6.25, 1.6528925619834711, 10.687022900763358, 6.083650190114068, 2.7027027027027026, 5.072463768115942, 4.166666666666666, 100.0, 3.076923076923077, 4.651162790697675, 2.1739130434782608, 5.555555555555555, 1.1904761904761905, 2.803738317757009, 4.918032786885246, 6.25, 0.0, 2.564102564102564, 9.734513274336283, 8.928571428571429, 4.0, 13.793103448275861, 4.166666666666666, 1.1976047904191618, 0.0, 0.0, 8.51063829787234, 10.16949152542373, 5.4945054945054945, 3.076923076923077, 6.278026905829597, 5.263157894736842, 2.4, 1.6216216216216217, 6.25, 5.88235294117647, 10.526315789473683, 2.7027027027027026, 2.0408163265306123, 11.627906976744185, 4.301075268817205, 11.428571428571429, 14.583333333333334, 10.416666666666668, 6.25, 5.263157894736842, 7.317073170731707, 2.631578947368421, 9.803921568627452]
RMSE: 8.585318416208702 [9, 64, 4, 25, 144, 144, 1, 256, 9, 36, 16, 0, 0, 16, 81, 9, 484, 16, 144, 1, 49, 64, 196, 81, 25, 36, 16, 1, 144, 4, 256, 9, 9, 64, 529, 484, 36, 1, 16, 49, 25, 9, 16, 49, 1, 196, 1, 196, 36, 0, 9, 1, 25, 0, 36, 16, 9, 16, 9, 16, 2209, 16, 49, 100, 64, 0, 4, 961, 1, 4, 4, 49, 9, 1, 9, 16, 0, 49, 0, 4, 4, 4, 4, 196, 256, 4, 49, 16, 324, 4, 4, 1, 16, 1, 9, 9, 1, 0, 4, 121, 25, 16, 16, 49, 4, 0, 0, 16, 144, 25, 4, 196, 16, 9, 9, 9, 49, 36, 1, 1, 25, 16, 16, 49, 25, 9, 9, 9, 4, 25]

pred: 11561 [49, 248, 95, 141, 85, 26, 47, 118, 51, 90, 138, 29, 30, 58, 65, 29, 290, 83, 185, 57, 89, 89, 140, 58, 90, 32, 127, 44, 180, 200, 98, 99, 90, 69, 257, 86, 74, 31, 62, 54, 45, 124, 85, 56, 33, 83, 47, 72, 89, 122, 47, 103, 76, 23, 55, 23, 101, 80, 52, 101, 327, 54, 155, 105, 132, 31, 77, 243, 121, 46, 205, 103, 80, 29, 36, 22, 39, 174, 58, 45, 39, 34, 123, 145, 279, 76, 145, 100, 0, 63, 41, 45, 76, 85, 110, 64, 17, 99, 80, 124, 61, 104, 33, 175, 169, 36, 26, 43, 106, 96, 67, 237, 80, 122, 182, 51, 126, 63, 36, 50, 48, 97, 39, 55, 43, 51, 60, 44, 78, 56]
real: 11073 [46, 240, 93, 136, 73, 38, 46, 102, 54, 84, 134, 29, 30, 54, 56, 26, 268, 79, 173, 58, 96, 81, 126, 49, 95, 26, 123, 43, 168, 202, 114, 96, 93, 61, 234, 64, 68, 30, 58, 47, 40, 127, 81, 49, 32, 69, 46, 58, 83, 122, 44, 102, 71, 23, 49, 19, 98, 76, 55, 97, 280, 50, 148, 95, 124, 31, 75, 212, 120, 48, 203, 110, 77, 30, 39, 26, 39, 167, 58, 47, 41, 32, 121, 131, 263, 74, 138, 96, 18, 65, 43, 46, 72, 84, 107, 61, 16, 99, 78, 113, 56, 100, 29, 168, 167, 36, 26, 47, 118, 91, 65, 223, 76, 125, 185, 48, 119, 57, 37, 49, 43, 93, 35, 48, 48, 48, 57, 41, 76, 51]

grid_scale: 0.4
resize_scale: 0.5
confiance: 0.35

random_seed: 1011
data_augmentation: True
samples: 130
