MAE: 4.223076923076923 [3, 12, 4, 2, 4, 13, 1, 6, 5, 0, 4, 1, 0, 3, 4, 2, 9, 2, 6, 3, 14, 3, 6, 1, 14, 3, 4, 0, 1, 13, 40, 1, 13, 1, 6, 6, 1, 1, 3, 4, 1, 4, 3, 0, 3, 1, 5, 6, 2, 4, 1, 3, 1, 1, 4, 1, 2, 2, 6, 0, 21, 0, 4, 4, 2, 3, 1, 8, 4, 5, 14, 14, 4, 1, 2, 4, 0, 5, 1, 11, 10, 1, 2, 14, 3, 2, 1, 0, 18, 2, 2, 1, 1, 3, 2, 1, 1, 6, 0, 2, 3, 1, 3, 3, 1, 1, 4, 10, 24, 0, 0, 2, 3, 3, 5, 0, 1, 2, 1, 1, 4, 1, 2, 2, 10, 5, 2, 1, 4, 1]
MAPE: 6.2103046855120825 [6.521739130434782, 5.0, 4.301075268817205, 1.4705882352941175, 5.47945205479452, 34.21052631578947, 2.1739130434782608, 5.88235294117647, 9.25925925925926, 0.0, 2.9850746268656714, 3.4482758620689653, 0.0, 5.555555555555555, 7.142857142857142, 7.6923076923076925, 3.3582089552238807, 2.5316455696202533, 3.4682080924855487, 5.172413793103448, 14.583333333333334, 3.7037037037037033, 4.761904761904762, 2.0408163265306123, 14.736842105263156, 11.538461538461538, 3.2520325203252036, 0.0, 0.5952380952380952, 6.435643564356436, 35.08771929824561, 1.0416666666666665, 13.978494623655912, 1.639344262295082, 2.564102564102564, 9.375, 1.4705882352941175, 3.3333333333333335, 5.172413793103448, 8.51063829787234, 2.5, 3.149606299212598, 3.7037037037037033, 0.0, 9.375, 1.4492753623188406, 10.869565217391305, 10.344827586206897, 2.4096385542168677, 3.278688524590164, 2.272727272727273, 2.941176470588235, 1.4084507042253522, 4.3478260869565215, 8.16326530612245, 5.263157894736842, 2.0408163265306123, 2.631578947368421, 10.909090909090908, 0.0, 7.5, 0.0, 2.7027027027027026, 4.2105263157894735, 1.6129032258064515, 9.67741935483871, 1.3333333333333335, 3.7735849056603774, 3.3333333333333335, 10.416666666666668, 6.896551724137931, 12.727272727272727, 5.194805194805195, 3.3333333333333335, 5.128205128205128, 15.384615384615385, 0.0, 2.9940119760479043, 1.7241379310344827, 23.404255319148938, 24.390243902439025, 3.125, 1.6528925619834711, 10.687022900763358, 1.1406844106463878, 2.7027027027027026, 0.7246376811594203, 0.0, 100.0, 3.076923076923077, 4.651162790697675, 2.1739130434782608, 1.3888888888888888, 3.571428571428571, 1.8691588785046727, 1.639344262295082, 6.25, 6.0606060606060606, 0.0, 1.7699115044247788, 5.357142857142857, 1.0, 10.344827586206897, 1.7857142857142856, 0.5988023952095809, 2.7777777777777777, 15.384615384615385, 21.27659574468085, 20.33898305084746, 0.0, 0.0, 0.8968609865470852, 3.9473684210526314, 2.4, 2.7027027027027026, 0.0, 0.8403361344537815, 3.508771929824561, 2.7027027027027026, 2.0408163265306123, 9.30232558139535, 1.0752688172043012, 5.714285714285714, 4.166666666666666, 20.833333333333336, 10.416666666666668, 3.508771929824561, 2.4390243902439024, 5.263157894736842, 1.9607843137254901]
RMSE: 6.855093558246137 [9, 144, 16, 4, 16, 169, 1, 36, 25, 0, 16, 1, 0, 9, 16, 4, 81, 4, 36, 9, 196, 9, 36, 1, 196, 9, 16, 0, 1, 169, 1600, 1, 169, 1, 36, 36, 1, 1, 9, 16, 1, 16, 9, 0, 9, 1, 25, 36, 4, 16, 1, 9, 1, 1, 16, 1, 4, 4, 36, 0, 441, 0, 16, 16, 4, 9, 1, 64, 16, 25, 196, 196, 16, 1, 4, 16, 0, 25, 1, 121, 100, 1, 4, 196, 9, 4, 1, 0, 324, 4, 4, 1, 1, 9, 4, 1, 1, 36, 0, 4, 9, 1, 9, 9, 1, 1, 16, 100, 576, 0, 0, 4, 9, 9, 25, 0, 1, 4, 1, 1, 16, 1, 4, 4, 100, 25, 4, 1, 16, 1]

pred: 10810 [43, 228, 89, 134, 77, 25, 47, 108, 49, 84, 130, 30, 30, 57, 60, 28, 277, 81, 167, 55, 82, 84, 120, 48, 81, 29, 119, 43, 167, 189, 74, 95, 80, 62, 240, 70, 67, 29, 61, 43, 41, 123, 84, 49, 29, 70, 41, 64, 85, 118, 45, 99, 72, 22, 53, 20, 100, 74, 49, 97, 301, 50, 152, 99, 122, 28, 74, 220, 116, 43, 189, 96, 73, 29, 37, 22, 39, 162, 59, 36, 31, 33, 119, 117, 266, 72, 139, 96, 0, 63, 41, 45, 71, 81, 109, 62, 15, 93, 78, 115, 53, 99, 32, 165, 168, 35, 22, 37, 94, 91, 65, 225, 73, 122, 180, 48, 118, 55, 36, 50, 47, 94, 33, 50, 38, 53, 55, 40, 72, 50]
real: 11073 [46, 240, 93, 136, 73, 38, 46, 102, 54, 84, 134, 29, 30, 54, 56, 26, 268, 79, 173, 58, 96, 81, 126, 49, 95, 26, 123, 43, 168, 202, 114, 96, 93, 61, 234, 64, 68, 30, 58, 47, 40, 127, 81, 49, 32, 69, 46, 58, 83, 122, 44, 102, 71, 23, 49, 19, 98, 76, 55, 97, 280, 50, 148, 95, 124, 31, 75, 212, 120, 48, 203, 110, 77, 30, 39, 26, 39, 167, 58, 47, 41, 32, 121, 131, 263, 74, 138, 96, 18, 65, 43, 46, 72, 84, 107, 61, 16, 99, 78, 113, 56, 100, 29, 168, 167, 36, 26, 47, 118, 91, 65, 223, 76, 125, 185, 48, 119, 57, 37, 49, 43, 93, 35, 48, 48, 48, 57, 41, 76, 51]

grid_scale: 0.4
resize_scale: 0.5
confiance: 0.45

random_seed: 1011
data_augmentation: True
samples: 130
