MAE: 5.2846153846153845 [6, 13, 2, 0, 8, 9, 5, 16, 1, 9, 6, 2, 0, 5, 4, 2, 21, 10, 7, 1, 9, 2, 4, 5, 9, 1, 0, 4, 9, 3, 27, 3, 5, 5, 22, 11, 4, 4, 5, 4, 8, 0, 7, 1, 5, 6, 1, 7, 12, 0, 2, 5, 4, 2, 10, 3, 6, 1, 3, 3, 30, 4, 5, 12, 10, 0, 4, 16, 2, 0, 2, 1, 2, 0, 0, 2, 0, 5, 3, 5, 1, 3, 6, 2, 13, 5, 19, 3, 18, 1, 6, 1, 4, 3, 3, 10, 1, 4, 0, 4, 2, 3, 4, 2, 11, 0, 3, 1, 12, 8, 3, 10, 0, 6, 6, 6, 5, 1, 5, 1, 6, 10, 1, 6, 2, 4, 2, 4, 3, 1]
MAPE: 7.326725467777298 [13.043478260869565, 5.416666666666667, 2.1505376344086025, 0.0, 10.95890410958904, 23.684210526315788, 10.869565217391305, 15.686274509803921, 1.8518518518518516, 10.714285714285714, 4.477611940298507, 6.896551724137931, 0.0, 9.25925925925926, 7.142857142857142, 7.6923076923076925, 7.835820895522389, 12.658227848101266, 4.046242774566474, 1.7241379310344827, 9.375, 2.4691358024691357, 3.1746031746031744, 10.204081632653061, 9.473684210526317, 3.8461538461538463, 0.0, 9.30232558139535, 5.357142857142857, 1.4851485148514851, 23.684210526315788, 3.125, 5.376344086021505, 8.19672131147541, 9.401709401709402, 17.1875, 5.88235294117647, 13.333333333333334, 8.620689655172415, 8.51063829787234, 20.0, 0.0, 8.641975308641975, 2.0408163265306123, 15.625, 8.695652173913043, 2.1739130434782608, 12.068965517241379, 14.457831325301203, 0.0, 4.545454545454546, 4.901960784313726, 5.633802816901409, 8.695652173913043, 20.408163265306122, 15.789473684210526, 6.122448979591836, 1.3157894736842104, 5.454545454545454, 3.0927835051546393, 10.714285714285714, 8.0, 3.3783783783783785, 12.631578947368421, 8.064516129032258, 0.0, 5.333333333333334, 7.547169811320755, 1.6666666666666667, 0.0, 0.9852216748768473, 0.9090909090909091, 2.5974025974025974, 0.0, 0.0, 7.6923076923076925, 0.0, 2.9940119760479043, 5.172413793103448, 10.638297872340425, 2.4390243902439024, 9.375, 4.958677685950414, 1.5267175572519083, 4.942965779467681, 6.756756756756757, 13.768115942028986, 3.125, 100.0, 1.5384615384615385, 13.953488372093023, 2.1739130434782608, 5.555555555555555, 3.571428571428571, 2.803738317757009, 16.39344262295082, 6.25, 4.040404040404041, 0.0, 3.5398230088495577, 3.571428571428571, 3.0, 13.793103448275861, 1.1904761904761905, 6.58682634730539, 0.0, 11.538461538461538, 2.127659574468085, 10.16949152542373, 8.791208791208792, 4.615384615384616, 4.484304932735426, 0.0, 4.8, 3.2432432432432434, 12.5, 4.201680672268908, 1.7543859649122806, 13.513513513513514, 2.0408163265306123, 13.953488372093023, 10.75268817204301, 2.857142857142857, 12.5, 4.166666666666666, 8.333333333333332, 3.508771929824561, 9.75609756097561, 3.9473684210526314, 1.9607843137254901]
RMSE: 7.491020265316642 [36, 169, 4, 0, 64, 81, 25, 256, 1, 81, 36, 4, 0, 25, 16, 4, 441, 100, 49, 1, 81, 4, 16, 25, 81, 1, 0, 16, 81, 9, 729, 9, 25, 25, 484, 121, 16, 16, 25, 16, 64, 0, 49, 1, 25, 36, 1, 49, 144, 0, 4, 25, 16, 4, 100, 9, 36, 1, 9, 9, 900, 16, 25, 144, 100, 0, 16, 256, 4, 0, 4, 1, 4, 0, 0, 4, 0, 25, 9, 25, 1, 9, 36, 4, 169, 25, 361, 9, 324, 1, 36, 1, 16, 9, 9, 100, 1, 16, 0, 16, 4, 9, 16, 4, 121, 0, 9, 1, 144, 64, 9, 100, 0, 36, 36, 36, 25, 1, 25, 1, 36, 100, 1, 36, 4, 16, 4, 16, 9, 1]

pred: 11508 [52, 253, 91, 136, 81, 29, 51, 118, 55, 93, 140, 31, 30, 59, 60, 28, 289, 89, 180, 59, 87, 83, 122, 54, 86, 25, 123, 47, 177, 199, 87, 99, 88, 66, 256, 75, 72, 34, 63, 51, 48, 127, 88, 50, 37, 75, 47, 65, 95, 122, 46, 107, 75, 25, 59, 22, 104, 77, 52, 100, 310, 54, 153, 107, 134, 31, 79, 228, 122, 48, 205, 109, 75, 30, 39, 24, 39, 172, 55, 42, 42, 35, 127, 129, 276, 79, 157, 99, 0, 66, 49, 47, 76, 87, 110, 71, 17, 103, 78, 117, 58, 103, 33, 170, 178, 36, 29, 46, 106, 99, 68, 233, 76, 131, 179, 54, 124, 58, 42, 50, 49, 103, 36, 54, 46, 52, 59, 45, 79, 52]
real: 11073 [46, 240, 93, 136, 73, 38, 46, 102, 54, 84, 134, 29, 30, 54, 56, 26, 268, 79, 173, 58, 96, 81, 126, 49, 95, 26, 123, 43, 168, 202, 114, 96, 93, 61, 234, 64, 68, 30, 58, 47, 40, 127, 81, 49, 32, 69, 46, 58, 83, 122, 44, 102, 71, 23, 49, 19, 98, 76, 55, 97, 280, 50, 148, 95, 124, 31, 75, 212, 120, 48, 203, 110, 77, 30, 39, 26, 39, 167, 58, 47, 41, 32, 121, 131, 263, 74, 138, 96, 18, 65, 43, 46, 72, 84, 107, 61, 16, 99, 78, 113, 56, 100, 29, 168, 167, 36, 26, 47, 118, 91, 65, 223, 76, 125, 185, 48, 119, 57, 37, 49, 43, 93, 35, 48, 48, 48, 57, 41, 76, 51]

grid_scale: 0.35
resize_scale: 0.5
confiance: 0.35

random_seed: 1011
data_augmentation: True
samples: 130
