MAE: 3.8384615384615386 [1, 0, 1, 1, 3, 11, 4, 2, 6, 1, 3, 4, 0, 2, 2, 2, 1, 3, 1, 5, 13, 1, 6, 5, 13, 0, 7, 1, 1, 13, 33, 4, 10, 1, 7, 12, 2, 2, 0, 0, 0, 7, 5, 1, 0, 2, 3, 7, 3, 2, 1, 4, 2, 1, 4, 2, 1, 2, 5, 2, 35, 2, 2, 4, 2, 0, 1, 2, 3, 9, 12, 7, 3, 3, 6, 1, 2, 5, 2, 8, 2, 1, 1, 19, 5, 0, 1, 2, 18, 2, 1, 1, 1, 4, 1, 2, 1, 3, 2, 0, 1, 1, 1, 1, 3, 0, 0, 5, 15, 1, 0, 3, 5, 4, 5, 2, 1, 2, 0, 3, 4, 2, 2, 2, 6, 2, 0, 4, 6, 4]
MAPE: 5.623662117299308 [2.1739130434782608, 0.0, 1.0752688172043012, 0.7352941176470588, 4.10958904109589, 28.947368421052634, 8.695652173913043, 1.9607843137254901, 11.11111111111111, 1.1904761904761905, 2.2388059701492535, 13.793103448275861, 0.0, 3.7037037037037033, 3.571428571428571, 7.6923076923076925, 0.3731343283582089, 3.79746835443038, 0.5780346820809248, 8.620689655172415, 13.541666666666666, 1.2345679012345678, 4.761904761904762, 10.204081632653061, 13.684210526315791, 0.0, 5.691056910569105, 2.3255813953488373, 0.5952380952380952, 6.435643564356436, 28.947368421052634, 4.166666666666666, 10.75268817204301, 1.639344262295082, 2.9914529914529915, 18.75, 2.941176470588235, 6.666666666666667, 0.0, 0.0, 0.0, 5.511811023622047, 6.172839506172839, 2.0408163265306123, 0.0, 2.898550724637681, 6.521739130434782, 12.068965517241379, 3.614457831325301, 1.639344262295082, 2.272727272727273, 3.9215686274509802, 2.8169014084507045, 4.3478260869565215, 8.16326530612245, 10.526315789473683, 1.0204081632653061, 2.631578947368421, 9.090909090909092, 2.0618556701030926, 12.5, 4.0, 1.3513513513513513, 4.2105263157894735, 1.6129032258064515, 0.0, 1.3333333333333335, 0.9433962264150944, 2.5, 18.75, 5.911330049261084, 6.363636363636363, 3.896103896103896, 10.0, 15.384615384615385, 3.8461538461538463, 5.128205128205128, 2.9940119760479043, 3.4482758620689653, 17.02127659574468, 4.878048780487805, 3.125, 0.8264462809917356, 14.50381679389313, 1.9011406844106464, 0.0, 0.7246376811594203, 2.083333333333333, 100.0, 3.076923076923077, 2.3255813953488373, 2.1739130434782608, 1.3888888888888888, 4.761904761904762, 0.9345794392523363, 3.278688524590164, 6.25, 3.0303030303030303, 2.564102564102564, 0.0, 1.7857142857142856, 1.0, 3.4482758620689653, 0.5952380952380952, 1.7964071856287425, 0.0, 0.0, 10.638297872340425, 12.711864406779661, 1.098901098901099, 0.0, 1.345291479820628, 6.578947368421052, 3.2, 2.7027027027027026, 4.166666666666666, 0.8403361344537815, 3.508771929824561, 0.0, 6.122448979591836, 9.30232558139535, 2.1505376344086025, 5.714285714285714, 4.166666666666666, 12.5, 4.166666666666666, 0.0, 9.75609756097561, 7.894736842105263, 7.8431372549019605]
RMSE: 6.48370739148996 [1, 0, 1, 1, 9, 121, 16, 4, 36, 1, 9, 16, 0, 4, 4, 4, 1, 9, 1, 25, 169, 1, 36, 25, 169, 0, 49, 1, 1, 169, 1089, 16, 100, 1, 49, 144, 4, 4, 0, 0, 0, 49, 25, 1, 0, 4, 9, 49, 9, 4, 1, 16, 4, 1, 16, 4, 1, 4, 25, 4, 1225, 4, 4, 16, 4, 0, 1, 4, 9, 81, 144, 49, 9, 9, 36, 1, 4, 25, 4, 64, 4, 1, 1, 361, 25, 0, 1, 4, 324, 4, 1, 1, 1, 16, 1, 4, 1, 9, 4, 0, 1, 1, 1, 1, 9, 0, 0, 25, 225, 1, 0, 9, 25, 16, 25, 4, 1, 4, 0, 9, 16, 4, 4, 4, 36, 4, 0, 16, 36, 16]

pred: 10900 [45, 240, 92, 135, 76, 27, 50, 104, 48, 83, 131, 25, 30, 56, 58, 28, 267, 82, 172, 53, 83, 82, 120, 54, 82, 26, 116, 44, 167, 189, 81, 92, 83, 62, 241, 76, 70, 28, 58, 47, 40, 120, 86, 48, 32, 71, 43, 65, 86, 120, 45, 98, 69, 22, 53, 21, 99, 78, 50, 95, 315, 52, 150, 99, 126, 31, 76, 214, 117, 39, 191, 103, 74, 27, 33, 25, 37, 162, 56, 39, 39, 33, 120, 112, 268, 74, 139, 94, 0, 63, 44, 45, 71, 80, 108, 63, 15, 96, 76, 113, 55, 99, 30, 169, 170, 36, 26, 42, 103, 92, 65, 220, 71, 121, 180, 50, 120, 59, 37, 52, 47, 95, 37, 50, 42, 50, 57, 37, 70, 55]
real: 11073 [46, 240, 93, 136, 73, 38, 46, 102, 54, 84, 134, 29, 30, 54, 56, 26, 268, 79, 173, 58, 96, 81, 126, 49, 95, 26, 123, 43, 168, 202, 114, 96, 93, 61, 234, 64, 68, 30, 58, 47, 40, 127, 81, 49, 32, 69, 46, 58, 83, 122, 44, 102, 71, 23, 49, 19, 98, 76, 55, 97, 280, 50, 148, 95, 124, 31, 75, 212, 120, 48, 203, 110, 77, 30, 39, 26, 39, 167, 58, 47, 41, 32, 121, 131, 263, 74, 138, 96, 18, 65, 43, 46, 72, 84, 107, 61, 16, 99, 78, 113, 56, 100, 29, 168, 167, 36, 26, 47, 118, 91, 65, 223, 76, 125, 185, 48, 119, 57, 37, 49, 43, 93, 35, 48, 48, 48, 57, 41, 76, 51]

grid_scale: 0.4
resize_scale: 0.5
confiance: 0.5

random_seed: 1011
data_augmentation: True
samples: 130
