MAE: 4.207692307692308 [0, 0, 1, 1, 1, 14, 0, 5, 3, 1, 1, 2, 1, 3, 2, 2, 1, 1, 1, 6, 8, 5, 11, 1, 8, 0, 6, 1, 5, 10, 29, 2, 10, 0, 2, 8, 2, 1, 0, 1, 5, 7, 4, 0, 6, 0, 6, 5, 1, 6, 1, 6, 2, 1, 0, 2, 0, 1, 2, 0, 24, 1, 5, 7, 3, 2, 1, 11, 2, 7, 11, 8, 1, 3, 2, 2, 0, 16, 7, 7, 9, 0, 4, 19, 6, 1, 5, 0, 18, 6, 1, 2, 3, 1, 1, 2, 2, 2, 5, 2, 2, 3, 4, 3, 9, 1, 4, 7, 24, 5, 1, 9, 2, 6, 11, 1, 4, 1, 0, 5, 5, 1, 0, 1, 14, 1, 1, 1, 1, 0]
MAPE: 6.130844857591428 [0.0, 0.0, 1.0752688172043012, 0.7352941176470588, 1.36986301369863, 36.84210526315789, 0.0, 4.901960784313726, 5.555555555555555, 1.1904761904761905, 0.7462686567164178, 6.896551724137931, 3.3333333333333335, 5.555555555555555, 3.571428571428571, 7.6923076923076925, 0.3731343283582089, 1.2658227848101267, 0.5780346820809248, 10.344827586206897, 8.333333333333332, 6.172839506172839, 8.73015873015873, 2.0408163265306123, 8.421052631578947, 0.0, 4.878048780487805, 2.3255813953488373, 2.976190476190476, 4.9504950495049505, 25.438596491228072, 2.083333333333333, 10.75268817204301, 0.0, 0.8547008547008548, 12.5, 2.941176470588235, 3.3333333333333335, 0.0, 2.127659574468085, 12.5, 5.511811023622047, 4.938271604938271, 0.0, 18.75, 0.0, 13.043478260869565, 8.620689655172415, 1.2048192771084338, 4.918032786885246, 2.272727272727273, 5.88235294117647, 2.8169014084507045, 4.3478260869565215, 0.0, 10.526315789473683, 0.0, 1.3157894736842104, 3.6363636363636362, 0.0, 8.571428571428571, 2.0, 3.3783783783783785, 7.368421052631578, 2.4193548387096775, 6.451612903225806, 1.3333333333333335, 5.188679245283019, 1.6666666666666667, 14.583333333333334, 5.41871921182266, 7.2727272727272725, 1.2987012987012987, 10.0, 5.128205128205128, 7.6923076923076925, 0.0, 9.580838323353294, 12.068965517241379, 14.893617021276595, 21.951219512195124, 0.0, 3.3057851239669422, 14.50381679389313, 2.2813688212927756, 1.3513513513513513, 3.6231884057971016, 0.0, 100.0, 9.230769230769232, 2.3255813953488373, 4.3478260869565215, 4.166666666666666, 1.1904761904761905, 0.9345794392523363, 3.278688524590164, 12.5, 2.0202020202020203, 6.41025641025641, 1.7699115044247788, 3.571428571428571, 3.0, 13.793103448275861, 1.7857142857142856, 5.389221556886228, 2.7777777777777777, 15.384615384615385, 14.893617021276595, 20.33898305084746, 5.4945054945054945, 1.5384615384615385, 4.0358744394618835, 2.631578947368421, 4.8, 5.9459459459459465, 2.083333333333333, 3.361344537815126, 1.7543859649122806, 0.0, 10.204081632653061, 11.627906976744185, 1.0752688172043012, 0.0, 2.083333333333333, 29.166666666666668, 2.083333333333333, 1.7543859649122806, 2.4390243902439024, 1.3157894736842104, 0.0]
RMSE: 6.597785176160954 [0, 0, 1, 1, 1, 196, 0, 25, 9, 1, 1, 4, 1, 9, 4, 4, 1, 1, 1, 36, 64, 25, 121, 1, 64, 0, 36, 1, 25, 100, 841, 4, 100, 0, 4, 64, 4, 1, 0, 1, 25, 49, 16, 0, 36, 0, 36, 25, 1, 36, 1, 36, 4, 1, 0, 4, 0, 1, 4, 0, 576, 1, 25, 49, 9, 4, 1, 121, 4, 49, 121, 64, 1, 9, 4, 4, 0, 256, 49, 49, 81, 0, 16, 361, 36, 1, 25, 0, 324, 36, 1, 4, 9, 1, 1, 4, 4, 4, 25, 4, 4, 9, 16, 9, 81, 1, 16, 49, 576, 25, 1, 81, 4, 36, 121, 1, 16, 1, 0, 25, 25, 1, 0, 1, 196, 1, 1, 1, 1, 0]

pred: 10828 [46, 240, 94, 135, 74, 24, 46, 107, 51, 85, 135, 27, 31, 57, 58, 28, 267, 80, 172, 52, 88, 86, 115, 50, 87, 26, 117, 42, 163, 192, 85, 98, 83, 61, 236, 72, 70, 31, 58, 46, 45, 120, 77, 49, 26, 69, 40, 63, 84, 116, 45, 96, 69, 22, 49, 21, 98, 75, 53, 97, 304, 49, 153, 102, 121, 29, 76, 223, 118, 41, 192, 102, 76, 27, 37, 24, 39, 151, 51, 40, 32, 32, 117, 112, 269, 75, 133, 96, 0, 59, 42, 44, 75, 83, 106, 63, 14, 97, 73, 115, 54, 97, 33, 171, 176, 35, 22, 40, 94, 96, 66, 214, 74, 119, 174, 49, 115, 58, 37, 54, 48, 92, 35, 47, 34, 49, 56, 40, 77, 51]
real: 11073 [46, 240, 93, 136, 73, 38, 46, 102, 54, 84, 134, 29, 30, 54, 56, 26, 268, 79, 173, 58, 96, 81, 126, 49, 95, 26, 123, 43, 168, 202, 114, 96, 93, 61, 234, 64, 68, 30, 58, 47, 40, 127, 81, 49, 32, 69, 46, 58, 83, 122, 44, 102, 71, 23, 49, 19, 98, 76, 55, 97, 280, 50, 148, 95, 124, 31, 75, 212, 120, 48, 203, 110, 77, 30, 39, 26, 39, 167, 58, 47, 41, 32, 121, 131, 263, 74, 138, 96, 18, 65, 43, 46, 72, 84, 107, 61, 16, 99, 78, 113, 56, 100, 29, 168, 167, 36, 26, 47, 118, 91, 65, 223, 76, 125, 185, 48, 119, 57, 37, 49, 43, 93, 35, 48, 48, 48, 57, 41, 76, 51]

grid_scale: 0.4
resize_scale: 0.5
confiance: 0.45

random_seed: 1011
data_augmentation: True
samples: 130
