MAE: 5.1 [4, 23, 1, 3, 5, 9, 4, 8, 2, 5, 8, 0, 3, 8, 3, 0, 16, 8, 7, 2, 9, 5, 1, 6, 9, 1, 5, 5, 9, 4, 32, 4, 7, 7, 16, 11, 7, 2, 2, 0, 2, 5, 3, 1, 1, 7, 0, 12, 5, 1, 0, 5, 4, 1, 6, 4, 14, 5, 0, 3, 42, 3, 8, 8, 2, 1, 3, 23, 0, 3, 4, 9, 1, 2, 1, 2, 1, 5, 1, 5, 6, 5, 4, 1, 10, 3, 4, 1, 18, 5, 2, 1, 4, 4, 3, 2, 0, 1, 2, 6, 1, 2, 3, 3, 6, 1, 0, 8, 24, 1, 1, 8, 1, 4, 5, 1, 4, 3, 7, 2, 6, 1, 3, 4, 3, 4, 0, 7, 2, 2]
MAPE: 6.893707565336938 [8.695652173913043, 9.583333333333334, 1.0752688172043012, 2.2058823529411766, 6.8493150684931505, 23.684210526315788, 8.695652173913043, 7.8431372549019605, 3.7037037037037033, 5.952380952380952, 5.970149253731343, 0.0, 10.0, 14.814814814814813, 5.357142857142857, 0.0, 5.970149253731343, 10.126582278481013, 4.046242774566474, 3.4482758620689653, 9.375, 6.172839506172839, 0.7936507936507936, 12.244897959183673, 9.473684210526317, 3.8461538461538463, 4.0650406504065035, 11.627906976744185, 5.357142857142857, 1.9801980198019802, 28.07017543859649, 4.166666666666666, 7.526881720430108, 11.475409836065573, 6.837606837606838, 17.1875, 10.294117647058822, 6.666666666666667, 3.4482758620689653, 0.0, 5.0, 3.937007874015748, 3.7037037037037033, 2.0408163265306123, 3.125, 10.144927536231885, 0.0, 20.689655172413794, 6.024096385542169, 0.819672131147541, 0.0, 4.901960784313726, 5.633802816901409, 4.3478260869565215, 12.244897959183673, 21.052631578947366, 14.285714285714285, 6.578947368421052, 0.0, 3.0927835051546393, 15.0, 6.0, 5.405405405405405, 8.421052631578947, 1.6129032258064515, 3.225806451612903, 4.0, 10.849056603773585, 0.0, 6.25, 1.9704433497536946, 8.181818181818182, 1.2987012987012987, 6.666666666666667, 2.564102564102564, 7.6923076923076925, 2.564102564102564, 2.9940119760479043, 1.7241379310344827, 10.638297872340425, 14.634146341463413, 15.625, 3.3057851239669422, 0.7633587786259541, 3.802281368821293, 4.054054054054054, 2.898550724637681, 1.0416666666666665, 100.0, 7.6923076923076925, 4.651162790697675, 2.1739130434782608, 5.555555555555555, 4.761904761904762, 2.803738317757009, 3.278688524590164, 0.0, 1.0101010101010102, 2.564102564102564, 5.3097345132743365, 1.7857142857142856, 2.0, 10.344827586206897, 1.7857142857142856, 3.592814371257485, 2.7777777777777777, 0.0, 17.02127659574468, 20.33898305084746, 1.098901098901099, 1.5384615384615385, 3.587443946188341, 1.3157894736842104, 3.2, 2.7027027027027026, 2.083333333333333, 3.361344537815126, 5.263157894736842, 18.91891891891892, 4.081632653061225, 13.953488372093023, 1.0752688172043012, 8.571428571428571, 8.333333333333332, 6.25, 8.333333333333332, 0.0, 17.073170731707318, 2.631578947368421, 3.9215686274509802]
RMSE: 7.894983801805373 [16, 529, 1, 9, 25, 81, 16, 64, 4, 25, 64, 0, 9, 64, 9, 0, 256, 64, 49, 4, 81, 25, 1, 36, 81, 1, 25, 25, 81, 16, 1024, 16, 49, 49, 256, 121, 49, 4, 4, 0, 4, 25, 9, 1, 1, 49, 0, 144, 25, 1, 0, 25, 16, 1, 36, 16, 196, 25, 0, 9, 1764, 9, 64, 64, 4, 1, 9, 529, 0, 9, 16, 81, 1, 4, 1, 4, 1, 25, 1, 25, 36, 25, 16, 1, 100, 9, 16, 1, 324, 25, 4, 1, 16, 16, 9, 4, 0, 1, 4, 36, 1, 4, 9, 9, 36, 1, 0, 64, 576, 1, 1, 64, 1, 16, 25, 1, 16, 9, 49, 4, 36, 1, 9, 16, 9, 16, 0, 49, 4, 4]

pred: 11352 [50, 263, 94, 139, 78, 29, 50, 110, 52, 89, 142, 29, 33, 62, 59, 26, 284, 87, 180, 56, 87, 86, 125, 55, 86, 27, 118, 48, 177, 198, 82, 100, 86, 68, 250, 75, 75, 32, 60, 47, 42, 122, 84, 50, 31, 76, 46, 70, 88, 121, 44, 107, 75, 22, 55, 23, 112, 81, 55, 100, 322, 53, 156, 103, 126, 32, 78, 235, 120, 45, 199, 101, 78, 28, 40, 24, 40, 172, 59, 42, 35, 37, 125, 132, 273, 77, 142, 95, 0, 70, 45, 47, 76, 80, 110, 63, 16, 98, 80, 119, 57, 98, 32, 165, 173, 37, 26, 39, 94, 90, 66, 231, 77, 129, 180, 49, 123, 54, 44, 51, 49, 94, 38, 52, 45, 52, 57, 48, 78, 53]
real: 11073 [46, 240, 93, 136, 73, 38, 46, 102, 54, 84, 134, 29, 30, 54, 56, 26, 268, 79, 173, 58, 96, 81, 126, 49, 95, 26, 123, 43, 168, 202, 114, 96, 93, 61, 234, 64, 68, 30, 58, 47, 40, 127, 81, 49, 32, 69, 46, 58, 83, 122, 44, 102, 71, 23, 49, 19, 98, 76, 55, 97, 280, 50, 148, 95, 124, 31, 75, 212, 120, 48, 203, 110, 77, 30, 39, 26, 39, 167, 58, 47, 41, 32, 121, 131, 263, 74, 138, 96, 18, 65, 43, 46, 72, 84, 107, 61, 16, 99, 78, 113, 56, 100, 29, 168, 167, 36, 26, 47, 118, 91, 65, 223, 76, 125, 185, 48, 119, 57, 37, 49, 43, 93, 35, 48, 48, 48, 57, 41, 76, 51]

grid_scale: 0.35
resize_scale: 0.5
confiance: 0.4

random_seed: 1011
data_augmentation: True
samples: 130
