MAE: 6.2384615384615385 [3, 18, 4, 5, 3, 7, 1, 13, 3, 3, 11, 2, 1, 6, 3, 2, 17, 12, 17, 4, 5, 3, 6, 2, 6, 1, 2, 1, 16, 0, 21, 7, 4, 7, 26, 13, 8, 5, 2, 3, 4, 3, 14, 3, 6, 12, 2, 9, 7, 2, 1, 9, 2, 0, 6, 2, 5, 3, 2, 8, 64, 1, 7, 9, 4, 1, 5, 40, 1, 3, 7, 1, 1, 1, 2, 3, 0, 7, 3, 3, 2, 4, 10, 6, 20, 7, 19, 3, 18, 4, 3, 1, 5, 5, 1, 10, 1, 1, 3, 11, 0, 5, 7, 7, 12, 1, 3, 3, 11, 9, 0, 17, 2, 3, 4, 2, 14, 0, 6, 2, 5, 3, 0, 2, 6, 2, 2, 7, 1, 5]
MAPE: 7.772194423622616 [6.521739130434782, 7.5, 4.301075268817205, 3.6764705882352944, 4.10958904109589, 18.421052631578945, 2.1739130434782608, 12.745098039215685, 5.555555555555555, 3.571428571428571, 8.208955223880597, 6.896551724137931, 3.3333333333333335, 11.11111111111111, 5.357142857142857, 7.6923076923076925, 6.343283582089552, 15.18987341772152, 9.826589595375722, 6.896551724137931, 5.208333333333334, 3.7037037037037033, 4.761904761904762, 4.081632653061225, 6.315789473684211, 3.8461538461538463, 1.6260162601626018, 2.3255813953488373, 9.523809523809524, 0.0, 18.421052631578945, 7.291666666666667, 4.301075268817205, 11.475409836065573, 11.11111111111111, 20.3125, 11.76470588235294, 16.666666666666664, 3.4482758620689653, 6.382978723404255, 10.0, 2.3622047244094486, 17.28395061728395, 6.122448979591836, 18.75, 17.391304347826086, 4.3478260869565215, 15.517241379310345, 8.433734939759036, 1.639344262295082, 2.272727272727273, 8.823529411764707, 2.8169014084507045, 0.0, 12.244897959183673, 10.526315789473683, 5.1020408163265305, 3.9473684210526314, 3.6363636363636362, 8.24742268041237, 22.857142857142858, 2.0, 4.72972972972973, 9.473684210526317, 3.225806451612903, 3.225806451612903, 6.666666666666667, 18.867924528301888, 0.8333333333333334, 6.25, 3.4482758620689653, 0.9090909090909091, 1.2987012987012987, 3.3333333333333335, 5.128205128205128, 11.538461538461538, 0.0, 4.191616766467066, 5.172413793103448, 6.382978723404255, 4.878048780487805, 12.5, 8.264462809917356, 4.580152671755725, 7.604562737642586, 9.45945945945946, 13.768115942028986, 3.125, 100.0, 6.153846153846154, 6.976744186046512, 2.1739130434782608, 6.944444444444445, 5.952380952380952, 0.9345794392523363, 16.39344262295082, 6.25, 1.0101010101010102, 3.8461538461538463, 9.734513274336283, 0.0, 5.0, 24.137931034482758, 4.166666666666666, 7.18562874251497, 2.7777777777777777, 11.538461538461538, 6.382978723404255, 9.322033898305085, 9.89010989010989, 0.0, 7.623318385650224, 2.631578947368421, 2.4, 2.1621621621621623, 4.166666666666666, 11.76470588235294, 0.0, 16.216216216216218, 4.081632653061225, 11.627906976744185, 3.225806451612903, 0.0, 4.166666666666666, 12.5, 4.166666666666666, 3.508771929824561, 17.073170731707318, 1.3157894736842104, 9.803921568627452]
RMSE: 10.001922892047386 [9, 324, 16, 25, 9, 49, 1, 169, 9, 9, 121, 4, 1, 36, 9, 4, 289, 144, 289, 16, 25, 9, 36, 4, 36, 1, 4, 1, 256, 0, 441, 49, 16, 49, 676, 169, 64, 25, 4, 9, 16, 9, 196, 9, 36, 144, 4, 81, 49, 4, 1, 81, 4, 0, 36, 4, 25, 9, 4, 64, 4096, 1, 49, 81, 16, 1, 25, 1600, 1, 9, 49, 1, 1, 1, 4, 9, 0, 49, 9, 9, 4, 16, 100, 36, 400, 49, 361, 9, 324, 16, 9, 1, 25, 25, 1, 100, 1, 1, 9, 121, 0, 25, 49, 49, 144, 1, 9, 9, 121, 81, 0, 289, 4, 9, 16, 4, 196, 0, 36, 4, 25, 9, 0, 4, 36, 4, 4, 49, 1, 25]

pred: 11654 [49, 258, 97, 141, 76, 31, 47, 115, 51, 87, 145, 27, 31, 60, 59, 28, 285, 91, 190, 62, 91, 84, 132, 51, 89, 27, 121, 44, 184, 202, 93, 103, 89, 68, 260, 77, 76, 35, 60, 50, 44, 130, 95, 52, 26, 81, 48, 67, 90, 120, 45, 111, 73, 23, 55, 21, 103, 79, 53, 105, 344, 51, 155, 104, 128, 30, 80, 252, 121, 45, 210, 109, 78, 29, 37, 23, 39, 174, 61, 44, 43, 36, 131, 137, 283, 81, 157, 99, 0, 69, 46, 45, 77, 89, 106, 71, 17, 98, 81, 124, 56, 105, 36, 175, 179, 37, 29, 44, 107, 100, 65, 240, 78, 128, 189, 50, 133, 57, 43, 51, 48, 96, 35, 50, 42, 50, 59, 48, 77, 56]
real: 11073 [46, 240, 93, 136, 73, 38, 46, 102, 54, 84, 134, 29, 30, 54, 56, 26, 268, 79, 173, 58, 96, 81, 126, 49, 95, 26, 123, 43, 168, 202, 114, 96, 93, 61, 234, 64, 68, 30, 58, 47, 40, 127, 81, 49, 32, 69, 46, 58, 83, 122, 44, 102, 71, 23, 49, 19, 98, 76, 55, 97, 280, 50, 148, 95, 124, 31, 75, 212, 120, 48, 203, 110, 77, 30, 39, 26, 39, 167, 58, 47, 41, 32, 121, 131, 263, 74, 138, 96, 18, 65, 43, 46, 72, 84, 107, 61, 16, 99, 78, 113, 56, 100, 29, 168, 167, 36, 26, 47, 118, 91, 65, 223, 76, 125, 185, 48, 119, 57, 37, 49, 43, 93, 35, 48, 48, 48, 57, 41, 76, 51]

grid_scale: 0.45
resize_scale: 0.5
confiance: 0.3

random_seed: 1011
data_augmentation: True
samples: 130
