MAE: 13.23076923076923 [7, 30, 17, 16, 3, 13, 0, 3, 7, 5, 12, 4, 4, 3, 2, 0, 52, 6, 35, 9, 48, 8, 43, 6, 34, 1, 19, 3, 21, 55, 83, 16, 34, 1, 35, 2, 6, 1, 6, 3, 1, 20, 4, 10, 1, 7, 11, 1, 3, 19, 2, 14, 7, 3, 6, 1, 6, 4, 8, 8, 26, 4, 19, 3, 23, 4, 6, 28, 15, 12, 52, 19, 5, 6, 8, 7, 2, 28, 7, 22, 12, 4, 16, 43, 34, 5, 23, 11, 18, 7, 3, 4, 2, 15, 6, 1, 1, 41, 12, 18, 5, 8, 1, 14, 10, 1, 3, 19, 58, 9, 5, 52, 5, 11, 57, 0, 25, 5, 4, 2, 0, 11, 1, 4, 19, 2, 7, 6, 12, 3]
MAPE: 14.452202614919372 [15.217391304347828, 12.5, 18.27956989247312, 11.76470588235294, 4.10958904109589, 34.21052631578947, 0.0, 2.941176470588235, 12.962962962962962, 5.952380952380952, 8.955223880597014, 13.793103448275861, 13.333333333333334, 5.555555555555555, 3.571428571428571, 0.0, 19.402985074626866, 7.59493670886076, 20.23121387283237, 15.517241379310345, 50.0, 9.876543209876543, 34.12698412698413, 12.244897959183673, 35.78947368421053, 3.8461538461538463, 15.447154471544716, 6.976744186046512, 12.5, 27.22772277227723, 72.80701754385966, 16.666666666666664, 36.55913978494624, 1.639344262295082, 14.957264957264957, 3.125, 8.823529411764707, 3.3333333333333335, 10.344827586206897, 6.382978723404255, 2.5, 15.748031496062993, 4.938271604938271, 20.408163265306122, 3.125, 10.144927536231885, 23.91304347826087, 1.7241379310344827, 3.614457831325301, 15.573770491803279, 4.545454545454546, 13.725490196078432, 9.859154929577464, 13.043478260869565, 12.244897959183673, 5.263157894736842, 6.122448979591836, 5.263157894736842, 14.545454545454545, 8.24742268041237, 9.285714285714286, 8.0, 12.837837837837837, 3.1578947368421053, 18.548387096774192, 12.903225806451612, 8.0, 13.20754716981132, 12.5, 25.0, 25.615763546798032, 17.272727272727273, 6.493506493506493, 20.0, 20.51282051282051, 26.923076923076923, 5.128205128205128, 16.766467065868262, 12.068965517241379, 46.808510638297875, 29.268292682926827, 12.5, 13.223140495867769, 32.82442748091603, 12.927756653992395, 6.756756756756757, 16.666666666666664, 11.458333333333332, 100.0, 10.76923076923077, 6.976744186046512, 8.695652173913043, 2.7777777777777777, 17.857142857142858, 5.607476635514018, 1.639344262295082, 6.25, 41.41414141414141, 15.384615384615385, 15.929203539823009, 8.928571428571429, 8.0, 3.4482758620689653, 8.333333333333332, 5.9880239520958085, 2.7777777777777777, 11.538461538461538, 40.42553191489361, 49.152542372881356, 9.89010989010989, 7.6923076923076925, 23.318385650224215, 6.578947368421052, 8.799999999999999, 30.810810810810814, 0.0, 21.008403361344538, 8.771929824561402, 10.81081081081081, 4.081632653061225, 0.0, 11.827956989247312, 2.857142857142857, 8.333333333333332, 39.58333333333333, 4.166666666666666, 12.280701754385964, 14.634146341463413, 15.789473684210526, 5.88235294117647]
RMSE: 20.07409352297709 [49, 900, 289, 256, 9, 169, 0, 9, 49, 25, 144, 16, 16, 9, 4, 0, 2704, 36, 1225, 81, 2304, 64, 1849, 36, 1156, 1, 361, 9, 441, 3025, 6889, 256, 1156, 1, 1225, 4, 36, 1, 36, 9, 1, 400, 16, 100, 1, 49, 121, 1, 9, 361, 4, 196, 49, 9, 36, 1, 36, 16, 64, 64, 676, 16, 361, 9, 529, 16, 36, 784, 225, 144, 2704, 361, 25, 36, 64, 49, 4, 784, 49, 484, 144, 16, 256, 1849, 1156, 25, 529, 121, 324, 49, 9, 16, 4, 225, 36, 1, 1, 1681, 144, 324, 25, 64, 1, 196, 100, 1, 9, 361, 3364, 81, 25, 2704, 25, 121, 3249, 0, 625, 25, 16, 4, 0, 121, 1, 16, 361, 4, 49, 36, 144, 9]

pred: 9363 [39, 210, 76, 120, 70, 25, 46, 99, 47, 79, 122, 25, 26, 51, 54, 26, 216, 73, 138, 49, 48, 73, 83, 43, 61, 25, 104, 40, 147, 147, 31, 80, 59, 60, 199, 66, 62, 29, 52, 44, 39, 107, 77, 39, 31, 62, 35, 59, 80, 103, 42, 88, 64, 20, 43, 20, 92, 72, 47, 89, 254, 46, 129, 92, 101, 27, 69, 184, 105, 36, 151, 91, 72, 24, 31, 19, 37, 139, 51, 25, 29, 28, 105, 88, 229, 69, 115, 85, 0, 58, 40, 42, 70, 69, 101, 62, 15, 58, 66, 95, 51, 92, 28, 154, 157, 35, 23, 28, 60, 82, 60, 171, 71, 114, 128, 48, 94, 52, 33, 47, 43, 82, 34, 44, 29, 46, 50, 35, 64, 48]
real: 11073 [46, 240, 93, 136, 73, 38, 46, 102, 54, 84, 134, 29, 30, 54, 56, 26, 268, 79, 173, 58, 96, 81, 126, 49, 95, 26, 123, 43, 168, 202, 114, 96, 93, 61, 234, 64, 68, 30, 58, 47, 40, 127, 81, 49, 32, 69, 46, 58, 83, 122, 44, 102, 71, 23, 49, 19, 98, 76, 55, 97, 280, 50, 148, 95, 124, 31, 75, 212, 120, 48, 203, 110, 77, 30, 39, 26, 39, 167, 58, 47, 41, 32, 121, 131, 263, 74, 138, 96, 18, 65, 43, 46, 72, 84, 107, 61, 16, 99, 78, 113, 56, 100, 29, 168, 167, 36, 26, 47, 118, 91, 65, 223, 76, 125, 185, 48, 119, 57, 37, 49, 43, 93, 35, 48, 48, 48, 57, 41, 76, 51]

grid_scale: 0.45
resize_scale: 0.5
confiance: 0.55

random_seed: 1011
data_augmentation: True
samples: 130
