MAE: 4.4 [4, 3, 2, 4, 2, 13, 1, 10, 3, 6, 1, 2, 1, 3, 4, 2, 5, 6, 2, 2, 11, 4, 8, 1, 12, 0, 3, 1, 2, 13, 36, 1, 13, 2, 14, 10, 10, 0, 2, 2, 1, 4, 6, 1, 6, 1, 2, 5, 1, 2, 2, 2, 5, 0, 4, 3, 6, 0, 6, 2, 50, 1, 12, 6, 6, 1, 1, 13, 2, 4, 3, 5, 3, 1, 1, 4, 1, 0, 3, 4, 8, 0, 1, 10, 4, 1, 3, 3, 18, 5, 0, 0, 3, 2, 2, 9, 2, 0, 2, 5, 2, 4, 2, 1, 1, 1, 0, 6, 17, 6, 1, 3, 0, 2, 12, 3, 3, 0, 1, 2, 7, 4, 0, 5, 4, 2, 1, 1, 1, 1]
MAPE: 6.130442868669582 [8.695652173913043, 1.25, 2.1505376344086025, 2.941176470588235, 2.73972602739726, 34.21052631578947, 2.1739130434782608, 9.803921568627452, 5.555555555555555, 7.142857142857142, 0.7462686567164178, 6.896551724137931, 3.3333333333333335, 5.555555555555555, 7.142857142857142, 7.6923076923076925, 1.8656716417910446, 7.59493670886076, 1.1560693641618496, 3.4482758620689653, 11.458333333333332, 4.938271604938271, 6.349206349206349, 2.0408163265306123, 12.631578947368421, 0.0, 2.4390243902439024, 2.3255813953488373, 1.1904761904761905, 6.435643564356436, 31.57894736842105, 1.0416666666666665, 13.978494623655912, 3.278688524590164, 5.982905982905983, 15.625, 14.705882352941178, 0.0, 3.4482758620689653, 4.25531914893617, 2.5, 3.149606299212598, 7.4074074074074066, 2.0408163265306123, 18.75, 1.4492753623188406, 4.3478260869565215, 8.620689655172415, 1.2048192771084338, 1.639344262295082, 4.545454545454546, 1.9607843137254901, 7.042253521126761, 0.0, 8.16326530612245, 15.789473684210526, 6.122448979591836, 0.0, 10.909090909090908, 2.0618556701030926, 17.857142857142858, 2.0, 8.108108108108109, 6.315789473684211, 4.838709677419355, 3.225806451612903, 1.3333333333333335, 6.132075471698113, 1.6666666666666667, 8.333333333333332, 1.477832512315271, 4.545454545454546, 3.896103896103896, 3.3333333333333335, 2.564102564102564, 15.384615384615385, 2.564102564102564, 0.0, 5.172413793103448, 8.51063829787234, 19.51219512195122, 0.0, 0.8264462809917356, 7.633587786259542, 1.520912547528517, 1.3513513513513513, 2.1739130434782608, 3.125, 100.0, 7.6923076923076925, 0.0, 0.0, 4.166666666666666, 2.380952380952381, 1.8691588785046727, 14.754098360655737, 12.5, 0.0, 2.564102564102564, 4.424778761061947, 3.571428571428571, 4.0, 6.896551724137931, 0.5952380952380952, 0.5988023952095809, 2.7777777777777777, 0.0, 12.76595744680851, 14.40677966101695, 6.593406593406594, 1.5384615384615385, 1.345291479820628, 0.0, 1.6, 6.486486486486487, 6.25, 2.5210084033613445, 0.0, 2.7027027027027026, 4.081632653061225, 16.27906976744186, 4.301075268817205, 0.0, 10.416666666666668, 8.333333333333332, 4.166666666666666, 1.7543859649122806, 2.4390243902439024, 1.3157894736842104, 1.9607843137254901]
RMSE: 7.58946638440411 [16, 9, 4, 16, 4, 169, 1, 100, 9, 36, 1, 4, 1, 9, 16, 4, 25, 36, 4, 4, 121, 16, 64, 1, 144, 0, 9, 1, 4, 169, 1296, 1, 169, 4, 196, 100, 100, 0, 4, 4, 1, 16, 36, 1, 36, 1, 4, 25, 1, 4, 4, 4, 25, 0, 16, 9, 36, 0, 36, 4, 2500, 1, 144, 36, 36, 1, 1, 169, 4, 16, 9, 25, 9, 1, 1, 16, 1, 0, 9, 16, 64, 0, 1, 100, 16, 1, 9, 9, 324, 25, 0, 0, 9, 4, 4, 81, 4, 0, 4, 25, 4, 16, 4, 1, 1, 1, 0, 36, 289, 36, 1, 9, 0, 4, 144, 9, 9, 0, 1, 4, 49, 16, 0, 25, 16, 4, 1, 1, 1, 1]

pred: 11105 [50, 243, 91, 132, 75, 25, 47, 112, 51, 90, 135, 31, 29, 57, 60, 28, 273, 85, 171, 60, 85, 85, 118, 48, 83, 26, 120, 44, 170, 189, 78, 95, 80, 63, 248, 74, 78, 30, 60, 45, 41, 123, 87, 50, 26, 70, 44, 63, 84, 120, 46, 100, 76, 23, 53, 22, 104, 76, 49, 99, 330, 49, 160, 101, 118, 32, 74, 225, 118, 44, 200, 105, 74, 29, 40, 22, 40, 167, 55, 43, 49, 32, 122, 121, 267, 75, 141, 93, 0, 70, 43, 46, 75, 82, 105, 70, 18, 99, 80, 118, 58, 104, 31, 167, 168, 35, 26, 41, 101, 97, 66, 220, 76, 123, 173, 51, 116, 57, 38, 51, 50, 97, 35, 53, 44, 50, 56, 42, 77, 50]
real: 11073 [46, 240, 93, 136, 73, 38, 46, 102, 54, 84, 134, 29, 30, 54, 56, 26, 268, 79, 173, 58, 96, 81, 126, 49, 95, 26, 123, 43, 168, 202, 114, 96, 93, 61, 234, 64, 68, 30, 58, 47, 40, 127, 81, 49, 32, 69, 46, 58, 83, 122, 44, 102, 71, 23, 49, 19, 98, 76, 55, 97, 280, 50, 148, 95, 124, 31, 75, 212, 120, 48, 203, 110, 77, 30, 39, 26, 39, 167, 58, 47, 41, 32, 121, 131, 263, 74, 138, 96, 18, 65, 43, 46, 72, 84, 107, 61, 16, 99, 78, 113, 56, 100, 29, 168, 167, 36, 26, 47, 118, 91, 65, 223, 76, 125, 185, 48, 119, 57, 37, 49, 43, 93, 35, 48, 48, 48, 57, 41, 76, 51]

grid_scale: 0.45
resize_scale: 0.5
confiance: 0.35

random_seed: 1011
data_augmentation: True
samples: 130
