MAE: 5.3307692307692305 [5, 8, 3, 2, 2, 15, 1, 0, 7, 2, 4, 4, 1, 1, 1, 2, 8, 2, 13, 4, 18, 1, 3, 1, 19, 2, 10, 2, 1, 17, 47, 2, 17, 2, 3, 5, 4, 1, 0, 2, 2, 10, 8, 0, 0, 1, 5, 5, 0, 12, 1, 8, 2, 4, 2, 1, 2, 1, 5, 3, 5, 2, 0, 6, 4, 1, 0, 3, 7, 5, 14, 12, 3, 1, 5, 5, 1, 16, 8, 8, 14, 0, 0, 16, 1, 1, 4, 3, 18, 4, 2, 2, 4, 6, 10, 3, 2, 12, 8, 0, 0, 8, 1, 11, 4, 1, 4, 12, 40, 3, 0, 15, 3, 5, 15, 0, 7, 4, 1, 3, 0, 3, 2, 0, 10, 1, 5, 1, 3, 1]
MAPE: 7.401509330593978 [10.869565217391305, 3.3333333333333335, 3.225806451612903, 1.4705882352941175, 2.73972602739726, 39.473684210526315, 2.1739130434782608, 0.0, 12.962962962962962, 2.380952380952381, 2.9850746268656714, 13.793103448275861, 3.3333333333333335, 1.8518518518518516, 1.7857142857142856, 7.6923076923076925, 2.9850746268656714, 2.5316455696202533, 7.514450867052023, 6.896551724137931, 18.75, 1.2345679012345678, 2.380952380952381, 2.0408163265306123, 20.0, 7.6923076923076925, 8.130081300813007, 4.651162790697675, 0.5952380952380952, 8.415841584158416, 41.228070175438596, 2.083333333333333, 18.27956989247312, 3.278688524590164, 1.282051282051282, 7.8125, 5.88235294117647, 3.3333333333333335, 0.0, 4.25531914893617, 5.0, 7.874015748031496, 9.876543209876543, 0.0, 0.0, 1.4492753623188406, 10.869565217391305, 8.620689655172415, 0.0, 9.836065573770492, 2.272727272727273, 7.8431372549019605, 2.8169014084507045, 17.391304347826086, 4.081632653061225, 5.263157894736842, 2.0408163265306123, 1.3157894736842104, 9.090909090909092, 3.0927835051546393, 1.7857142857142856, 4.0, 0.0, 6.315789473684211, 3.225806451612903, 3.225806451612903, 0.0, 1.4150943396226416, 5.833333333333333, 10.416666666666668, 6.896551724137931, 10.909090909090908, 3.896103896103896, 3.3333333333333335, 12.82051282051282, 19.230769230769234, 2.564102564102564, 9.580838323353294, 13.793103448275861, 17.02127659574468, 34.146341463414636, 0.0, 0.0, 12.213740458015266, 0.38022813688212925, 1.3513513513513513, 2.898550724637681, 3.125, 100.0, 6.153846153846154, 4.651162790697675, 4.3478260869565215, 5.555555555555555, 7.142857142857142, 9.345794392523365, 4.918032786885246, 12.5, 12.121212121212121, 10.256410256410255, 0.0, 0.0, 8.0, 3.4482758620689653, 6.547619047619048, 2.3952095808383236, 2.7777777777777777, 15.384615384615385, 25.53191489361702, 33.89830508474576, 3.296703296703297, 0.0, 6.726457399103139, 3.9473684210526314, 4.0, 8.108108108108109, 0.0, 5.88235294117647, 7.017543859649122, 2.7027027027027026, 6.122448979591836, 0.0, 3.225806451612903, 5.714285714285714, 0.0, 20.833333333333336, 2.083333333333333, 8.771929824561402, 2.4390243902439024, 3.9473684210526314, 1.9607843137254901]
RMSE: 8.617959779972912 [25, 64, 9, 4, 4, 225, 1, 0, 49, 4, 16, 16, 1, 1, 1, 4, 64, 4, 169, 16, 324, 1, 9, 1, 361, 4, 100, 4, 1, 289, 2209, 4, 289, 4, 9, 25, 16, 1, 0, 4, 4, 100, 64, 0, 0, 1, 25, 25, 0, 144, 1, 64, 4, 16, 4, 1, 4, 1, 25, 9, 25, 4, 0, 36, 16, 1, 0, 9, 49, 25, 196, 144, 9, 1, 25, 25, 1, 256, 64, 64, 196, 0, 0, 256, 1, 1, 16, 9, 324, 16, 4, 4, 16, 36, 100, 9, 4, 144, 64, 0, 0, 64, 1, 121, 16, 1, 16, 144, 1600, 9, 0, 225, 9, 25, 225, 0, 49, 16, 1, 9, 0, 9, 4, 0, 100, 1, 25, 1, 9, 1]

pred: 10502 [41, 232, 90, 134, 75, 23, 45, 102, 47, 86, 130, 25, 29, 53, 57, 28, 260, 81, 160, 54, 78, 82, 123, 50, 76, 28, 113, 41, 167, 185, 67, 94, 76, 59, 237, 69, 64, 29, 58, 45, 42, 117, 73, 49, 32, 68, 41, 63, 83, 110, 45, 94, 69, 19, 47, 20, 96, 75, 50, 100, 285, 48, 148, 101, 120, 30, 75, 209, 113, 43, 189, 98, 74, 29, 34, 21, 38, 151, 50, 39, 27, 32, 121, 115, 264, 75, 134, 93, 0, 61, 45, 44, 76, 78, 97, 64, 14, 87, 70, 113, 56, 92, 30, 157, 163, 35, 22, 35, 78, 94, 65, 208, 73, 120, 170, 48, 112, 53, 38, 46, 43, 90, 33, 48, 38, 49, 52, 40, 73, 50]
real: 11073 [46, 240, 93, 136, 73, 38, 46, 102, 54, 84, 134, 29, 30, 54, 56, 26, 268, 79, 173, 58, 96, 81, 126, 49, 95, 26, 123, 43, 168, 202, 114, 96, 93, 61, 234, 64, 68, 30, 58, 47, 40, 127, 81, 49, 32, 69, 46, 58, 83, 122, 44, 102, 71, 23, 49, 19, 98, 76, 55, 97, 280, 50, 148, 95, 124, 31, 75, 212, 120, 48, 203, 110, 77, 30, 39, 26, 39, 167, 58, 47, 41, 32, 121, 131, 263, 74, 138, 96, 18, 65, 43, 46, 72, 84, 107, 61, 16, 99, 78, 113, 56, 100, 29, 168, 167, 36, 26, 47, 118, 91, 65, 223, 76, 125, 185, 48, 119, 57, 37, 49, 43, 93, 35, 48, 48, 48, 57, 41, 76, 51]

grid_scale: 0.35
resize_scale: 0.5
confiance: 0.5

random_seed: 1011
data_augmentation: True
samples: 130
