MAE: 10.830769230769231 [6, 19, 18, 11, 2, 18, 1, 0, 8, 2, 8, 8, 1, 4, 1, 0, 31, 12, 22, 6, 33, 4, 30, 2, 29, 1, 21, 1, 19, 39, 52, 11, 39, 1, 23, 3, 11, 3, 7, 4, 2, 15, 10, 5, 1, 4, 10, 0, 3, 19, 3, 13, 8, 2, 6, 1, 7, 5, 9, 6, 13, 6, 9, 4, 14, 4, 4, 17, 14, 10, 43, 19, 18, 10, 5, 6, 5, 17, 10, 13, 18, 3, 9, 26, 20, 4, 20, 8, 18, 10, 2, 7, 3, 9, 6, 2, 2, 17, 12, 11, 7, 9, 1, 10, 6, 5, 8, 21, 42, 5, 2, 30, 15, 14, 40, 4, 13, 9, 4, 4, 2, 8, 9, 1, 20, 1, 7, 9, 10, 4]
MAPE: 13.569442720113033 [13.043478260869565, 7.916666666666666, 19.35483870967742, 8.088235294117647, 2.73972602739726, 47.368421052631575, 2.1739130434782608, 0.0, 14.814814814814813, 2.380952380952381, 5.970149253731343, 27.586206896551722, 3.3333333333333335, 7.4074074074074066, 1.7857142857142856, 0.0, 11.567164179104477, 15.18987341772152, 12.716763005780345, 10.344827586206897, 34.375, 4.938271604938271, 23.809523809523807, 4.081632653061225, 30.526315789473685, 3.8461538461538463, 17.073170731707318, 2.3255813953488373, 11.30952380952381, 19.306930693069308, 45.614035087719294, 11.458333333333332, 41.935483870967744, 1.639344262295082, 9.82905982905983, 4.6875, 16.176470588235293, 10.0, 12.068965517241379, 8.51063829787234, 5.0, 11.811023622047244, 12.345679012345679, 10.204081632653061, 3.125, 5.797101449275362, 21.73913043478261, 0.0, 3.614457831325301, 15.573770491803279, 6.8181818181818175, 12.745098039215685, 11.267605633802818, 8.695652173913043, 12.244897959183673, 5.263157894736842, 7.142857142857142, 6.578947368421052, 16.363636363636363, 6.185567010309279, 4.642857142857143, 12.0, 6.081081081081082, 4.2105263157894735, 11.29032258064516, 12.903225806451612, 5.333333333333334, 8.018867924528301, 11.666666666666666, 20.833333333333336, 21.182266009852217, 17.272727272727273, 23.376623376623375, 33.33333333333333, 12.82051282051282, 23.076923076923077, 12.82051282051282, 10.179640718562874, 17.24137931034483, 27.659574468085108, 43.90243902439025, 9.375, 7.43801652892562, 19.84732824427481, 7.604562737642586, 5.405405405405405, 14.492753623188406, 8.333333333333332, 100.0, 15.384615384615385, 4.651162790697675, 15.217391304347828, 4.166666666666666, 10.714285714285714, 5.607476635514018, 3.278688524590164, 12.5, 17.17171717171717, 15.384615384615385, 9.734513274336283, 12.5, 9.0, 3.4482758620689653, 5.952380952380952, 3.592814371257485, 13.88888888888889, 30.76923076923077, 44.680851063829785, 35.59322033898305, 5.4945054945054945, 3.076923076923077, 13.452914798206278, 19.736842105263158, 11.200000000000001, 21.62162162162162, 8.333333333333332, 10.92436974789916, 15.789473684210526, 10.81081081081081, 8.16326530612245, 4.651162790697675, 8.60215053763441, 25.71428571428571, 2.083333333333333, 41.66666666666667, 2.083333333333333, 12.280701754385964, 21.951219512195124, 13.157894736842104, 7.8431372549019605]
RMSE: 14.86192864593701 [36, 361, 324, 121, 4, 324, 1, 0, 64, 4, 64, 64, 1, 16, 1, 0, 961, 144, 484, 36, 1089, 16, 900, 4, 841, 1, 441, 1, 361, 1521, 2704, 121, 1521, 1, 529, 9, 121, 9, 49, 16, 4, 225, 100, 25, 1, 16, 100, 0, 9, 361, 9, 169, 64, 4, 36, 1, 49, 25, 81, 36, 169, 36, 81, 16, 196, 16, 16, 289, 196, 100, 1849, 361, 324, 100, 25, 36, 25, 289, 100, 169, 324, 9, 81, 676, 400, 16, 400, 64, 324, 100, 4, 49, 9, 81, 36, 4, 4, 289, 144, 121, 49, 81, 1, 100, 36, 25, 64, 441, 1764, 25, 4, 900, 225, 196, 1600, 16, 169, 81, 16, 16, 4, 64, 81, 1, 400, 1, 49, 81, 100, 16]

pred: 9673 [40, 221, 75, 125, 71, 20, 45, 102, 46, 82, 126, 21, 29, 50, 57, 26, 237, 67, 151, 52, 63, 77, 96, 47, 66, 25, 102, 42, 149, 163, 62, 85, 54, 60, 211, 61, 57, 27, 51, 43, 38, 112, 71, 44, 31, 65, 36, 58, 80, 103, 41, 89, 63, 21, 43, 20, 91, 71, 46, 91, 267, 44, 139, 91, 110, 27, 71, 195, 106, 38, 160, 91, 59, 20, 34, 20, 34, 150, 48, 34, 23, 29, 112, 105, 243, 70, 118, 88, 0, 55, 41, 39, 69, 75, 101, 59, 14, 82, 66, 102, 49, 91, 30, 158, 161, 31, 18, 26, 76, 86, 63, 193, 61, 111, 145, 44, 106, 48, 33, 45, 41, 85, 26, 49, 28, 47, 50, 32, 66, 47]
real: 11073 [46, 240, 93, 136, 73, 38, 46, 102, 54, 84, 134, 29, 30, 54, 56, 26, 268, 79, 173, 58, 96, 81, 126, 49, 95, 26, 123, 43, 168, 202, 114, 96, 93, 61, 234, 64, 68, 30, 58, 47, 40, 127, 81, 49, 32, 69, 46, 58, 83, 122, 44, 102, 71, 23, 49, 19, 98, 76, 55, 97, 280, 50, 148, 95, 124, 31, 75, 212, 120, 48, 203, 110, 77, 30, 39, 26, 39, 167, 58, 47, 41, 32, 121, 131, 263, 74, 138, 96, 18, 65, 43, 46, 72, 84, 107, 61, 16, 99, 78, 113, 56, 100, 29, 168, 167, 36, 26, 47, 118, 91, 65, 223, 76, 125, 185, 48, 119, 57, 37, 49, 43, 93, 35, 48, 48, 48, 57, 41, 76, 51]

grid_scale: 0.4
resize_scale: 0.5
confiance: 0.55

random_seed: 1011
data_augmentation: True
samples: 130
