MAE: 3.9461538461538463 [2, 2, 0, 0, 7, 12, 2, 7, 5, 3, 1, 0, 1, 1, 4, 2, 3, 5, 5, 6, 7, 2, 4, 2, 21, 1, 6, 3, 2, 11, 30, 6, 12, 0, 0, 12, 3, 2, 3, 1, 0, 6, 7, 2, 6, 4, 3, 6, 3, 2, 0, 6, 1, 1, 0, 1, 4, 3, 9, 1, 33, 1, 1, 5, 0, 1, 0, 4, 2, 4, 13, 11, 3, 1, 1, 3, 1, 1, 3, 6, 5, 1, 2, 12, 1, 1, 3, 2, 18, 3, 1, 2, 0, 2, 1, 1, 2, 8, 2, 4, 1, 2, 3, 1, 6, 1, 2, 7, 13, 6, 0, 2, 0, 1, 9, 3, 1, 4, 3, 0, 2, 2, 1, 2, 7, 3, 0, 2, 1, 2]
MAPE: 5.891597711638792 [4.3478260869565215, 0.8333333333333334, 0.0, 0.0, 9.58904109589041, 31.57894736842105, 4.3478260869565215, 6.862745098039216, 9.25925925925926, 3.571428571428571, 0.7462686567164178, 0.0, 3.3333333333333335, 1.8518518518518516, 7.142857142857142, 7.6923076923076925, 1.1194029850746268, 6.329113924050633, 2.8901734104046244, 10.344827586206897, 7.291666666666667, 2.4691358024691357, 3.1746031746031744, 4.081632653061225, 22.105263157894736, 3.8461538461538463, 4.878048780487805, 6.976744186046512, 1.1904761904761905, 5.445544554455446, 26.31578947368421, 6.25, 12.903225806451612, 0.0, 0.0, 18.75, 4.411764705882353, 6.666666666666667, 5.172413793103448, 2.127659574468085, 0.0, 4.724409448818897, 8.641975308641975, 4.081632653061225, 18.75, 5.797101449275362, 6.521739130434782, 10.344827586206897, 3.614457831325301, 1.639344262295082, 0.0, 5.88235294117647, 1.4084507042253522, 4.3478260869565215, 0.0, 5.263157894736842, 4.081632653061225, 3.9473684210526314, 16.363636363636363, 1.0309278350515463, 11.785714285714285, 2.0, 0.6756756756756757, 5.263157894736842, 0.0, 3.225806451612903, 0.0, 1.8867924528301887, 1.6666666666666667, 8.333333333333332, 6.403940886699508, 10.0, 3.896103896103896, 3.3333333333333335, 2.564102564102564, 11.538461538461538, 2.564102564102564, 0.5988023952095809, 5.172413793103448, 12.76595744680851, 12.195121951219512, 3.125, 1.6528925619834711, 9.16030534351145, 0.38022813688212925, 1.3513513513513513, 2.1739130434782608, 2.083333333333333, 100.0, 4.615384615384616, 2.3255813953488373, 4.3478260869565215, 0.0, 2.380952380952381, 0.9345794392523363, 1.639344262295082, 12.5, 8.080808080808081, 2.564102564102564, 3.5398230088495577, 1.7857142857142856, 2.0, 10.344827586206897, 0.5952380952380952, 3.592814371257485, 2.7777777777777777, 7.6923076923076925, 14.893617021276595, 11.016949152542372, 6.593406593406594, 0.0, 0.8968609865470852, 0.0, 0.8, 4.864864864864865, 6.25, 0.8403361344537815, 7.017543859649122, 8.108108108108109, 0.0, 4.651162790697675, 2.1505376344086025, 2.857142857142857, 4.166666666666666, 14.583333333333334, 6.25, 0.0, 4.878048780487805, 1.3157894736842104, 3.9215686274509802]
RMSE: 6.400120191179105 [4, 4, 0, 0, 49, 144, 4, 49, 25, 9, 1, 0, 1, 1, 16, 4, 9, 25, 25, 36, 49, 4, 16, 4, 441, 1, 36, 9, 4, 121, 900, 36, 144, 0, 0, 144, 9, 4, 9, 1, 0, 36, 49, 4, 36, 16, 9, 36, 9, 4, 0, 36, 1, 1, 0, 1, 16, 9, 81, 1, 1089, 1, 1, 25, 0, 1, 0, 16, 4, 16, 169, 121, 9, 1, 1, 9, 1, 1, 9, 36, 25, 1, 4, 144, 1, 1, 9, 4, 324, 9, 1, 4, 0, 4, 1, 1, 4, 64, 4, 16, 1, 4, 9, 1, 36, 1, 4, 49, 169, 36, 0, 4, 0, 1, 81, 9, 1, 16, 9, 0, 4, 4, 1, 4, 49, 9, 0, 4, 1, 4]

pred: 10944 [48, 238, 93, 136, 80, 26, 48, 109, 49, 87, 133, 29, 31, 55, 60, 28, 265, 84, 168, 52, 89, 83, 122, 51, 74, 27, 117, 46, 170, 191, 84, 90, 81, 61, 234, 76, 71, 32, 61, 46, 40, 121, 88, 47, 26, 73, 43, 64, 86, 124, 44, 96, 70, 24, 49, 20, 102, 79, 46, 96, 313, 49, 149, 100, 124, 30, 75, 216, 122, 44, 190, 99, 74, 29, 38, 23, 38, 166, 61, 41, 36, 33, 119, 119, 262, 75, 141, 94, 0, 68, 44, 44, 72, 82, 106, 62, 14, 91, 76, 117, 57, 98, 32, 167, 173, 35, 24, 40, 105, 97, 65, 221, 76, 126, 176, 51, 120, 61, 34, 49, 45, 95, 34, 50, 41, 51, 57, 39, 77, 49]
real: 11073 [46, 240, 93, 136, 73, 38, 46, 102, 54, 84, 134, 29, 30, 54, 56, 26, 268, 79, 173, 58, 96, 81, 126, 49, 95, 26, 123, 43, 168, 202, 114, 96, 93, 61, 234, 64, 68, 30, 58, 47, 40, 127, 81, 49, 32, 69, 46, 58, 83, 122, 44, 102, 71, 23, 49, 19, 98, 76, 55, 97, 280, 50, 148, 95, 124, 31, 75, 212, 120, 48, 203, 110, 77, 30, 39, 26, 39, 167, 58, 47, 41, 32, 121, 131, 263, 74, 138, 96, 18, 65, 43, 46, 72, 84, 107, 61, 16, 99, 78, 113, 56, 100, 29, 168, 167, 36, 26, 47, 118, 91, 65, 223, 76, 125, 185, 48, 119, 57, 37, 49, 43, 93, 35, 48, 48, 48, 57, 41, 76, 51]

grid_scale: 0.45
resize_scale: 0.5
confiance: 0.45

random_seed: 1011
data_augmentation: True
samples: 130
