MAE: 5.407692307692308 [2, 11, 0, 2, 5, 11, 4, 12, 1, 8, 4, 3, 3, 0, 5, 5, 28, 15, 3, 1, 2, 3, 14, 3, 2, 2, 2, 1, 9, 8, 4, 3, 3, 3, 25, 15, 15, 1, 1, 1, 8, 1, 19, 3, 4, 10, 3, 9, 4, 1, 2, 7, 4, 2, 6, 5, 6, 3, 4, 3, 46, 2, 8, 8, 6, 0, 7, 10, 3, 0, 10, 2, 1, 2, 7, 4, 2, 2, 1, 5, 2, 4, 6, 11, 25, 2, 11, 4, 9, 7, 1, 1, 2, 0, 1, 6, 3, 2, 1, 6, 0, 0, 4, 6, 4, 2, 2, 0, 11, 7, 0, 18, 2, 6, 5, 10, 5, 1, 3, 6, 3, 3, 0, 9, 0, 5, 5, 7, 3, 2]
MAPE: 7.29619991004604 [4.3478260869565215, 4.583333333333333, 0.0, 1.4705882352941175, 6.8493150684931505, 28.947368421052634, 8.695652173913043, 11.76470588235294, 1.8518518518518516, 9.523809523809524, 2.9850746268656714, 10.344827586206897, 10.0, 0.0, 8.928571428571429, 19.230769230769234, 10.44776119402985, 18.9873417721519, 1.7341040462427744, 1.7241379310344827, 2.083333333333333, 3.7037037037037033, 11.11111111111111, 6.122448979591836, 2.1052631578947367, 7.6923076923076925, 1.6260162601626018, 2.3255813953488373, 5.357142857142857, 3.9603960396039604, 3.508771929824561, 3.125, 3.225806451612903, 4.918032786885246, 10.683760683760683, 23.4375, 22.058823529411764, 3.3333333333333335, 1.7241379310344827, 2.127659574468085, 20.0, 0.7874015748031495, 23.456790123456788, 6.122448979591836, 12.5, 14.492753623188406, 6.521739130434782, 15.517241379310345, 4.819277108433735, 0.819672131147541, 4.545454545454546, 6.862745098039216, 5.633802816901409, 8.695652173913043, 12.244897959183673, 26.31578947368421, 6.122448979591836, 3.9473684210526314, 7.2727272727272725, 3.0927835051546393, 16.428571428571427, 4.0, 5.405405405405405, 8.421052631578947, 4.838709677419355, 0.0, 9.333333333333334, 4.716981132075472, 2.5, 0.0, 4.926108374384237, 1.8181818181818181, 1.2987012987012987, 6.666666666666667, 17.94871794871795, 15.384615384615385, 5.128205128205128, 1.1976047904191618, 1.7241379310344827, 10.638297872340425, 4.878048780487805, 12.5, 4.958677685950414, 8.396946564885496, 9.505703422053232, 2.7027027027027026, 7.971014492753622, 4.166666666666666, 50.0, 10.76923076923077, 2.3255813953488373, 2.1739130434782608, 2.7777777777777777, 0.0, 0.9345794392523363, 9.836065573770492, 18.75, 2.0202020202020203, 1.282051282051282, 5.3097345132743365, 0.0, 0.0, 13.793103448275861, 3.571428571428571, 2.3952095808383236, 5.555555555555555, 7.6923076923076925, 0.0, 9.322033898305085, 7.6923076923076925, 0.0, 8.071748878923767, 2.631578947368421, 4.8, 2.7027027027027026, 20.833333333333336, 4.201680672268908, 1.7543859649122806, 8.108108108108109, 12.244897959183673, 6.976744186046512, 3.225806451612903, 0.0, 18.75, 0.0, 10.416666666666668, 8.771929824561402, 17.073170731707318, 3.9473684210526314, 3.9215686274509802]
RMSE: 8.225195812492622 [4, 121, 0, 4, 25, 121, 16, 144, 1, 64, 16, 9, 9, 0, 25, 25, 784, 225, 9, 1, 4, 9, 196, 9, 4, 4, 4, 1, 81, 64, 16, 9, 9, 9, 625, 225, 225, 1, 1, 1, 64, 1, 361, 9, 16, 100, 9, 81, 16, 1, 4, 49, 16, 4, 36, 25, 36, 9, 16, 9, 2116, 4, 64, 64, 36, 0, 49, 100, 9, 0, 100, 4, 1, 4, 49, 16, 4, 4, 1, 25, 4, 16, 36, 121, 625, 4, 121, 16, 81, 49, 1, 1, 4, 0, 1, 36, 9, 4, 1, 36, 0, 0, 16, 36, 16, 4, 4, 0, 121, 49, 0, 324, 4, 36, 25, 100, 25, 1, 9, 36, 9, 9, 0, 81, 0, 25, 25, 49, 9, 4]

pred: 11638 [48, 251, 93, 138, 78, 27, 50, 114, 55, 92, 138, 32, 33, 54, 61, 31, 296, 94, 170, 59, 94, 84, 140, 52, 97, 28, 121, 44, 177, 194, 118, 99, 96, 64, 259, 79, 83, 31, 57, 48, 48, 128, 100, 52, 36, 79, 49, 67, 87, 123, 46, 109, 75, 25, 55, 24, 104, 79, 51, 100, 326, 52, 156, 103, 130, 31, 82, 222, 117, 48, 213, 112, 78, 28, 32, 30, 41, 169, 59, 42, 43, 36, 127, 142, 288, 76, 149, 100, 9, 72, 42, 47, 74, 84, 108, 67, 19, 101, 79, 119, 56, 100, 33, 174, 171, 38, 28, 47, 107, 98, 65, 241, 78, 131, 190, 58, 124, 58, 40, 55, 46, 96, 35, 57, 48, 53, 62, 48, 79, 53]
real: 11073 [46, 240, 93, 136, 73, 38, 46, 102, 54, 84, 134, 29, 30, 54, 56, 26, 268, 79, 173, 58, 96, 81, 126, 49, 95, 26, 123, 43, 168, 202, 114, 96, 93, 61, 234, 64, 68, 30, 58, 47, 40, 127, 81, 49, 32, 69, 46, 58, 83, 122, 44, 102, 71, 23, 49, 19, 98, 76, 55, 97, 280, 50, 148, 95, 124, 31, 75, 212, 120, 48, 203, 110, 77, 30, 39, 26, 39, 167, 58, 47, 41, 32, 121, 131, 263, 74, 138, 96, 18, 65, 43, 46, 72, 84, 107, 61, 16, 99, 78, 113, 56, 100, 29, 168, 167, 36, 26, 47, 118, 91, 65, 223, 76, 125, 185, 48, 119, 57, 37, 49, 43, 93, 35, 48, 48, 48, 57, 41, 76, 51]

grid_scale: 0.45
resize_scale: 0.5
confiance: 0.3

random_seed: 1011
data_augmentation: True
samples: 130
