MAE: 4.2 [2, 4, 0, 5, 6, 15, 1, 6, 4, 2, 3, 0, 1, 0, 2, 3, 9, 4, 6, 1, 11, 0, 3, 0, 17, 1, 3, 2, 2, 13, 37, 0, 11, 1, 10, 8, 6, 2, 2, 1, 3, 6, 7, 2, 2, 2, 2, 7, 6, 0, 0, 1, 0, 2, 3, 1, 3, 1, 8, 1, 27, 1, 2, 5, 2, 0, 1, 1, 1, 8, 12, 11, 2, 3, 9, 3, 2, 2, 1, 13, 8, 1, 3, 11, 6, 1, 5, 1, 17, 1, 2, 1, 4, 1, 2, 5, 2, 3, 1, 4, 1, 2, 3, 3, 4, 1, 1, 7, 19, 4, 1, 7, 1, 4, 9, 7, 0, 2, 1, 1, 1, 2, 1, 3, 5, 2, 2, 4, 1, 1]
MAPE: 6.185087568652781 [4.3478260869565215, 1.6666666666666667, 0.0, 3.6764705882352944, 8.21917808219178, 39.473684210526315, 2.1739130434782608, 5.88235294117647, 7.4074074074074066, 2.380952380952381, 2.2388059701492535, 0.0, 3.3333333333333335, 0.0, 3.571428571428571, 11.538461538461538, 3.3582089552238807, 5.063291139240507, 3.4682080924855487, 1.7241379310344827, 11.458333333333332, 0.0, 2.380952380952381, 0.0, 17.894736842105264, 3.8461538461538463, 2.4390243902439024, 4.651162790697675, 1.1904761904761905, 6.435643564356436, 32.45614035087719, 0.0, 11.827956989247312, 1.639344262295082, 4.273504273504273, 12.5, 8.823529411764707, 6.666666666666667, 3.4482758620689653, 2.127659574468085, 7.5, 4.724409448818897, 8.641975308641975, 4.081632653061225, 6.25, 2.898550724637681, 4.3478260869565215, 12.068965517241379, 7.228915662650602, 0.0, 0.0, 0.9803921568627451, 0.0, 8.695652173913043, 6.122448979591836, 5.263157894736842, 3.061224489795918, 1.3157894736842104, 14.545454545454545, 1.0309278350515463, 9.642857142857144, 2.0, 1.3513513513513513, 5.263157894736842, 1.6129032258064515, 0.0, 1.3333333333333335, 0.4716981132075472, 0.8333333333333334, 16.666666666666664, 5.911330049261084, 10.0, 2.5974025974025974, 10.0, 23.076923076923077, 11.538461538461538, 5.128205128205128, 1.1976047904191618, 1.7241379310344827, 27.659574468085108, 19.51219512195122, 3.125, 2.479338842975207, 8.396946564885496, 2.2813688212927756, 1.3513513513513513, 3.6231884057971016, 1.0416666666666665, 94.44444444444444, 1.5384615384615385, 4.651162790697675, 2.1739130434782608, 5.555555555555555, 1.1904761904761905, 1.8691588785046727, 8.19672131147541, 12.5, 3.0303030303030303, 1.282051282051282, 3.5398230088495577, 1.7857142857142856, 2.0, 10.344827586206897, 1.7857142857142856, 2.3952095808383236, 2.7777777777777777, 3.8461538461538463, 14.893617021276595, 16.101694915254235, 4.395604395604396, 1.5384615384615385, 3.1390134529147984, 1.3157894736842104, 3.2, 4.864864864864865, 14.583333333333334, 0.0, 3.508771929824561, 2.7027027027027026, 2.0408163265306123, 2.3255813953488373, 2.1505376344086025, 2.857142857142857, 6.25, 10.416666666666668, 4.166666666666666, 3.508771929824561, 9.75609756097561, 1.3157894736842104, 1.9607843137254901]
RMSE: 6.709350536034365 [4, 16, 0, 25, 36, 225, 1, 36, 16, 4, 9, 0, 1, 0, 4, 9, 81, 16, 36, 1, 121, 0, 9, 0, 289, 1, 9, 4, 4, 169, 1369, 0, 121, 1, 100, 64, 36, 4, 4, 1, 9, 36, 49, 4, 4, 4, 4, 49, 36, 0, 0, 1, 0, 4, 9, 1, 9, 1, 64, 1, 729, 1, 4, 25, 4, 0, 1, 1, 1, 64, 144, 121, 4, 9, 81, 9, 4, 4, 1, 169, 64, 1, 9, 121, 36, 1, 25, 1, 289, 1, 4, 1, 16, 1, 4, 25, 4, 9, 1, 16, 1, 4, 9, 9, 16, 1, 1, 49, 361, 16, 1, 49, 1, 16, 81, 49, 0, 4, 1, 1, 1, 4, 1, 9, 25, 4, 4, 16, 1, 1]

pred: 10945 [44, 236, 93, 131, 79, 23, 47, 108, 50, 86, 137, 29, 29, 54, 58, 29, 277, 83, 167, 57, 85, 81, 123, 49, 78, 25, 120, 45, 170, 189, 77, 96, 82, 62, 244, 72, 74, 28, 60, 48, 43, 121, 88, 47, 30, 71, 44, 65, 89, 122, 44, 101, 71, 21, 52, 20, 101, 77, 47, 98, 307, 49, 150, 100, 122, 31, 74, 213, 121, 40, 191, 99, 75, 27, 30, 23, 37, 165, 57, 34, 33, 33, 124, 120, 269, 75, 143, 97, 1, 66, 41, 45, 76, 83, 105, 66, 18, 96, 77, 117, 57, 98, 32, 171, 171, 37, 27, 40, 99, 95, 64, 216, 77, 121, 176, 55, 119, 55, 36, 48, 44, 95, 34, 51, 43, 50, 55, 45, 75, 52]
real: 11073 [46, 240, 93, 136, 73, 38, 46, 102, 54, 84, 134, 29, 30, 54, 56, 26, 268, 79, 173, 58, 96, 81, 126, 49, 95, 26, 123, 43, 168, 202, 114, 96, 93, 61, 234, 64, 68, 30, 58, 47, 40, 127, 81, 49, 32, 69, 46, 58, 83, 122, 44, 102, 71, 23, 49, 19, 98, 76, 55, 97, 280, 50, 148, 95, 124, 31, 75, 212, 120, 48, 203, 110, 77, 30, 39, 26, 39, 167, 58, 47, 41, 32, 121, 131, 263, 74, 138, 96, 18, 65, 43, 46, 72, 84, 107, 61, 16, 99, 78, 113, 56, 100, 29, 168, 167, 36, 26, 47, 118, 91, 65, 223, 76, 125, 185, 48, 119, 57, 37, 49, 43, 93, 35, 48, 48, 48, 57, 41, 76, 51]

grid_scale: 0.35
resize_scale: 0.5
confiance: 0.5

random_seed: 1011
data_augmentation: True
samples: 130
