MAE: 4.2384615384615385 [1, 7, 0, 1, 4, 11, 3, 5, 4, 3, 1, 4, 1, 4, 6, 5, 5, 7, 2, 2, 10, 3, 0, 1, 5, 1, 3, 1, 13, 3, 29, 4, 15, 6, 11, 13, 4, 4, 3, 2, 0, 6, 9, 1, 0, 3, 3, 7, 6, 1, 0, 2, 4, 1, 6, 3, 2, 0, 7, 3, 29, 3, 5, 7, 1, 1, 0, 13, 0, 2, 1, 10, 1, 0, 1, 2, 1, 3, 1, 7, 3, 1, 3, 5, 9, 1, 1, 2, 18, 0, 2, 1, 7, 2, 1, 3, 0, 3, 1, 5, 1, 2, 1, 8, 8, 2, 4, 11, 19, 7, 0, 8, 0, 2, 6, 1, 1, 3, 5, 4, 7, 2, 1, 7, 9, 1, 1, 2, 1, 0]
MAPE: 6.289675872620292 [2.1739130434782608, 2.9166666666666665, 0.0, 0.7352941176470588, 5.47945205479452, 28.947368421052634, 6.521739130434782, 4.901960784313726, 7.4074074074074066, 3.571428571428571, 0.7462686567164178, 13.793103448275861, 3.3333333333333335, 7.4074074074074066, 10.714285714285714, 19.230769230769234, 1.8656716417910446, 8.860759493670885, 1.1560693641618496, 3.4482758620689653, 10.416666666666668, 3.7037037037037033, 0.0, 2.0408163265306123, 5.263157894736842, 3.8461538461538463, 2.4390243902439024, 2.3255813953488373, 7.738095238095238, 1.4851485148514851, 25.438596491228072, 4.166666666666666, 16.129032258064516, 9.836065573770492, 4.700854700854701, 20.3125, 5.88235294117647, 13.333333333333334, 5.172413793103448, 4.25531914893617, 0.0, 4.724409448818897, 11.11111111111111, 2.0408163265306123, 0.0, 4.3478260869565215, 6.521739130434782, 12.068965517241379, 7.228915662650602, 0.819672131147541, 0.0, 1.9607843137254901, 5.633802816901409, 4.3478260869565215, 12.244897959183673, 15.789473684210526, 2.0408163265306123, 0.0, 12.727272727272727, 3.0927835051546393, 10.357142857142858, 6.0, 3.3783783783783785, 7.368421052631578, 0.8064516129032258, 3.225806451612903, 0.0, 6.132075471698113, 0.0, 4.166666666666666, 0.49261083743842365, 9.090909090909092, 1.2987012987012987, 0.0, 2.564102564102564, 7.6923076923076925, 2.564102564102564, 1.7964071856287425, 1.7241379310344827, 14.893617021276595, 7.317073170731707, 3.125, 2.479338842975207, 3.816793893129771, 3.4220532319391634, 1.3513513513513513, 0.7246376811594203, 2.083333333333333, 100.0, 0.0, 4.651162790697675, 2.1739130434782608, 9.722222222222223, 2.380952380952381, 0.9345794392523363, 4.918032786885246, 0.0, 3.0303030303030303, 1.282051282051282, 4.424778761061947, 1.7857142857142856, 2.0, 3.4482758620689653, 4.761904761904762, 4.790419161676647, 5.555555555555555, 15.384615384615385, 23.404255319148938, 16.101694915254235, 7.6923076923076925, 0.0, 3.587443946188341, 0.0, 1.6, 3.2432432432432434, 2.083333333333333, 0.8403361344537815, 5.263157894736842, 13.513513513513514, 8.16326530612245, 16.27906976744186, 2.1505376344086025, 2.857142857142857, 14.583333333333334, 18.75, 2.083333333333333, 1.7543859649122806, 4.878048780487805, 1.3157894736842104, 0.0]
RMSE: 6.449209850230313 [1, 49, 0, 1, 16, 121, 9, 25, 16, 9, 1, 16, 1, 16, 36, 25, 25, 49, 4, 4, 100, 9, 0, 1, 25, 1, 9, 1, 169, 9, 841, 16, 225, 36, 121, 169, 16, 16, 9, 4, 0, 36, 81, 1, 0, 9, 9, 49, 36, 1, 0, 4, 16, 1, 36, 9, 4, 0, 49, 9, 841, 9, 25, 49, 1, 1, 0, 169, 0, 4, 1, 100, 1, 0, 1, 4, 1, 9, 1, 49, 9, 1, 9, 25, 81, 1, 1, 4, 324, 0, 4, 1, 49, 4, 1, 9, 0, 9, 1, 25, 1, 4, 1, 64, 64, 4, 16, 121, 361, 49, 0, 64, 0, 4, 36, 1, 1, 9, 25, 16, 49, 4, 1, 49, 81, 1, 1, 4, 1, 0]

pred: 11180 [47, 247, 93, 135, 77, 27, 49, 107, 50, 87, 135, 25, 31, 58, 62, 31, 273, 86, 175, 56, 86, 84, 126, 50, 90, 27, 120, 44, 181, 199, 85, 100, 78, 67, 245, 77, 72, 34, 61, 49, 40, 121, 90, 50, 32, 72, 43, 65, 89, 121, 44, 100, 75, 22, 55, 22, 100, 76, 48, 100, 309, 47, 153, 102, 125, 32, 75, 225, 120, 50, 202, 100, 78, 30, 40, 24, 38, 170, 57, 40, 38, 33, 124, 126, 272, 75, 139, 94, 0, 65, 41, 47, 79, 82, 108, 64, 16, 96, 79, 118, 55, 98, 30, 176, 175, 38, 22, 36, 99, 98, 65, 231, 76, 123, 179, 49, 120, 60, 42, 53, 50, 95, 36, 55, 39, 49, 56, 43, 77, 51]
real: 11073 [46, 240, 93, 136, 73, 38, 46, 102, 54, 84, 134, 29, 30, 54, 56, 26, 268, 79, 173, 58, 96, 81, 126, 49, 95, 26, 123, 43, 168, 202, 114, 96, 93, 61, 234, 64, 68, 30, 58, 47, 40, 127, 81, 49, 32, 69, 46, 58, 83, 122, 44, 102, 71, 23, 49, 19, 98, 76, 55, 97, 280, 50, 148, 95, 124, 31, 75, 212, 120, 48, 203, 110, 77, 30, 39, 26, 39, 167, 58, 47, 41, 32, 121, 131, 263, 74, 138, 96, 18, 65, 43, 46, 72, 84, 107, 61, 16, 99, 78, 113, 56, 100, 29, 168, 167, 36, 26, 47, 118, 91, 65, 223, 76, 125, 185, 48, 119, 57, 37, 49, 43, 93, 35, 48, 48, 48, 57, 41, 76, 51]

grid_scale: 0.4
resize_scale: 0.5
confiance: 0.4

random_seed: 1011
data_augmentation: True
samples: 130
