MAE: 7.476923076923077 [1, 13, 6, 6, 1, 15, 1, 4, 8, 3, 1, 1, 3, 2, 1, 1, 18, 1, 15, 4, 28, 4, 29, 2, 22, 1, 12, 1, 14, 31, 64, 6, 27, 1, 14, 7, 2, 0, 3, 2, 4, 10, 3, 3, 1, 2, 10, 5, 1, 8, 1, 5, 5, 5, 2, 1, 3, 1, 9, 6, 7, 6, 3, 1, 8, 2, 3, 14, 4, 6, 23, 15, 4, 6, 5, 4, 3, 13, 5, 11, 13, 2, 2, 27, 17, 4, 12, 6, 18, 9, 1, 2, 1, 5, 5, 0, 2, 16, 9, 10, 2, 3, 1, 6, 0, 1, 5, 15, 55, 2, 2, 12, 6, 6, 40, 3, 4, 5, 4, 1, 2, 3, 3, 1, 11, 1, 4, 3, 6, 1]
MAPE: 9.467013564153188 [2.1739130434782608, 5.416666666666667, 6.451612903225806, 4.411764705882353, 1.36986301369863, 39.473684210526315, 2.1739130434782608, 3.9215686274509802, 14.814814814814813, 3.571428571428571, 0.7462686567164178, 3.4482758620689653, 10.0, 3.7037037037037033, 1.7857142857142856, 3.8461538461538463, 6.7164179104477615, 1.2658227848101267, 8.670520231213873, 6.896551724137931, 29.166666666666668, 4.938271604938271, 23.015873015873016, 4.081632653061225, 23.157894736842106, 3.8461538461538463, 9.75609756097561, 2.3255813953488373, 8.333333333333332, 15.346534653465346, 56.14035087719298, 6.25, 29.03225806451613, 1.639344262295082, 5.982905982905983, 10.9375, 2.941176470588235, 0.0, 5.172413793103448, 4.25531914893617, 10.0, 7.874015748031496, 3.7037037037037033, 6.122448979591836, 3.125, 2.898550724637681, 21.73913043478261, 8.620689655172415, 1.2048192771084338, 6.557377049180328, 2.272727272727273, 4.901960784313726, 7.042253521126761, 21.73913043478261, 4.081632653061225, 5.263157894736842, 3.061224489795918, 1.3157894736842104, 16.363636363636363, 6.185567010309279, 2.5, 12.0, 2.027027027027027, 1.0526315789473684, 6.451612903225806, 6.451612903225806, 4.0, 6.60377358490566, 3.3333333333333335, 12.5, 11.330049261083744, 13.636363636363635, 5.194805194805195, 20.0, 12.82051282051282, 15.384615384615385, 7.6923076923076925, 7.784431137724551, 8.620689655172415, 23.404255319148938, 31.70731707317073, 6.25, 1.6528925619834711, 20.610687022900763, 6.4638783269961975, 5.405405405405405, 8.695652173913043, 6.25, 100.0, 13.846153846153847, 2.3255813953488373, 4.3478260869565215, 1.3888888888888888, 5.952380952380952, 4.672897196261682, 0.0, 12.5, 16.161616161616163, 11.538461538461538, 8.849557522123893, 3.571428571428571, 3.0, 3.4482758620689653, 3.571428571428571, 0.0, 2.7777777777777777, 19.230769230769234, 31.914893617021278, 46.61016949152542, 2.197802197802198, 3.076923076923077, 5.381165919282512, 7.894736842105263, 4.8, 21.62162162162162, 6.25, 3.361344537815126, 8.771929824561402, 10.81081081081081, 2.0408163265306123, 4.651162790697675, 3.225806451612903, 8.571428571428571, 2.083333333333333, 22.916666666666664, 2.083333333333333, 7.017543859649122, 7.317073170731707, 7.894736842105263, 1.9607843137254901]
RMSE: 12.26063117963659 [1, 169, 36, 36, 1, 225, 1, 16, 64, 9, 1, 1, 9, 4, 1, 1, 324, 1, 225, 16, 784, 16, 841, 4, 484, 1, 144, 1, 196, 961, 4096, 36, 729, 1, 196, 49, 4, 0, 9, 4, 16, 100, 9, 9, 1, 4, 100, 25, 1, 64, 1, 25, 25, 25, 4, 1, 9, 1, 81, 36, 49, 36, 9, 1, 64, 4, 9, 196, 16, 36, 529, 225, 16, 36, 25, 16, 9, 169, 25, 121, 169, 4, 4, 729, 289, 16, 144, 36, 324, 81, 1, 4, 1, 25, 25, 0, 4, 256, 81, 100, 4, 9, 1, 36, 0, 1, 25, 225, 3025, 4, 4, 144, 36, 36, 1600, 9, 16, 25, 16, 1, 4, 9, 9, 1, 121, 1, 16, 9, 36, 1]

pred: 10173 [45, 227, 87, 130, 74, 23, 47, 98, 46, 81, 133, 28, 27, 52, 57, 27, 250, 78, 158, 54, 68, 77, 97, 47, 73, 25, 111, 42, 154, 171, 50, 90, 66, 62, 220, 71, 66, 30, 55, 45, 44, 117, 78, 46, 31, 67, 36, 63, 82, 114, 43, 97, 66, 18, 47, 20, 95, 75, 46, 91, 287, 44, 145, 96, 116, 29, 72, 198, 116, 42, 180, 95, 73, 24, 34, 22, 36, 154, 53, 36, 28, 30, 119, 104, 246, 70, 126, 90, 0, 56, 42, 44, 73, 79, 102, 61, 14, 83, 69, 103, 54, 97, 30, 162, 167, 35, 21, 32, 63, 89, 63, 211, 70, 119, 145, 45, 115, 52, 33, 48, 45, 90, 32, 47, 37, 49, 53, 38, 70, 52]
real: 11073 [46, 240, 93, 136, 73, 38, 46, 102, 54, 84, 134, 29, 30, 54, 56, 26, 268, 79, 173, 58, 96, 81, 126, 49, 95, 26, 123, 43, 168, 202, 114, 96, 93, 61, 234, 64, 68, 30, 58, 47, 40, 127, 81, 49, 32, 69, 46, 58, 83, 122, 44, 102, 71, 23, 49, 19, 98, 76, 55, 97, 280, 50, 148, 95, 124, 31, 75, 212, 120, 48, 203, 110, 77, 30, 39, 26, 39, 167, 58, 47, 41, 32, 121, 131, 263, 74, 138, 96, 18, 65, 43, 46, 72, 84, 107, 61, 16, 99, 78, 113, 56, 100, 29, 168, 167, 36, 26, 47, 118, 91, 65, 223, 76, 125, 185, 48, 119, 57, 37, 49, 43, 93, 35, 48, 48, 48, 57, 41, 76, 51]

grid_scale: 0.45
resize_scale: 0.5
confiance: 0.5

random_seed: 1011
data_augmentation: True
samples: 130
