MAE: 5.661538461538462 [3, 4, 2, 2, 1, 14, 10, 12, 2, 0, 6, 0, 1, 3, 4, 14, 4, 10, 13, 18, 2, 1, 12, 1, 9, 2, 0, 6, 4, 7, 5, 1, 0, 5, 1, 24, 0, 10, 1, 2, 2, 3, 3, 1, 4, 4, 10, 5, 24, 18, 2, 2, 3, 5, 1, 4, 2, 2, 1, 5, 13, 12, 1, 5, 5, 12, 3, 3, 1, 1, 21, 4, 7, 4, 5, 51, 1, 8, 13, 2, 2, 2, 3, 0, 5, 2, 0, 1, 24, 0, 1, 4, 1, 1, 1, 2, 6, 3, 2, 2, 3, 8, 6, 2, 2, 8, 8, 16, 4, 5, 5, 1, 13, 1, 4, 3, 6, 6, 9, 20, 4, 1, 1, 9, 4, 2, 24, 1, 4, 5]
MAPE: 7.021330535596524 [3.0927835051546393, 3.5398230088495577, 2.898550724637681, 4.081632653061225, 1.098901098901099, 77.77777777777779, 5.952380952380952, 4.477611940298507, 6.896551724137931, 0.0, 6.25, 0.0, 1.0416666666666665, 8.108108108108109, 11.428571428571429, 12.280701754385964, 2.380952380952381, 7.246376811594203, 10.483870967741936, 13.740458015267176, 3.076923076923077, 1.3333333333333335, 18.461538461538463, 1.3888888888888888, 5.202312138728324, 3.278688524590164, 0.0, 4.918032786885246, 8.0, 4.72972972972973, 9.25925925925926, 1.7241379310344827, 0.0, 3.6764705882352944, 2.0408163265306123, 11.320754716981133, 0.0, 21.27659574468085, 2.7777777777777777, 6.451612903225806, 4.3478260869565215, 3.7037037037037033, 6.976744186046512, 2.127659574468085, 3.9215686274509802, 2.9850746268656714, 10.75268817204301, 5.05050505050505, 12.972972972972974, 8.071748878923767, 3.571428571428571, 5.128205128205128, 3.125, 5.952380952380952, 3.3333333333333335, 3.2, 6.666666666666667, 2.1505376344086025, 1.0526315789473684, 5.1020408163265305, 10.569105691056912, 9.523809523809524, 3.8461538461538463, 4.901960784313726, 8.771929824561402, 9.448818897637794, 6.8181818181818175, 3.614457831325301, 3.125, 0.35714285714285715, 10.344827586206897, 9.30232558139535, 17.073170731707318, 6.896551724137931, 7.042253521126761, 43.22033898305085, 2.083333333333333, 17.02127659574468, 7.784431137724551, 6.666666666666667, 2.380952380952381, 8.695652173913043, 4.054054054054054, 0.0, 6.493506493506493, 3.508771929824561, 0.0, 2.4390243902439024, 11.881188118811881, 0.0, 1.2658227848101267, 8.333333333333332, 5.263157894736842, 3.8461538461538463, 1.4705882352941175, 3.7037037037037033, 2.564102564102564, 2.479338842975207, 5.128205128205128, 4.3478260869565215, 6.521739130434782, 6.722689075630252, 23.076923076923077, 2.4691358024691357, 3.571428571428571, 8.0, 10.526315789473683, 14.545454545454545, 5.128205128205128, 5.376344086021505, 4.166666666666666, 2.083333333333333, 34.21052631578947, 1.36986301369863, 5.263157894736842, 6.25, 9.375, 20.689655172413794, 9.473684210526317, 8.333333333333332, 6.896551724137931, 3.8461538461538463, 1.7241379310344827, 16.363636363636363, 7.8431372549019605, 4.3478260869565215, 9.125475285171103, 1.639344262295082, 5.263157894736842, 10.416666666666668]
RMSE: 8.881268100723178 [9, 16, 4, 4, 1, 196, 100, 144, 4, 0, 36, 0, 1, 9, 16, 196, 16, 100, 169, 324, 4, 1, 144, 1, 81, 4, 0, 36, 16, 49, 25, 1, 0, 25, 1, 576, 0, 100, 1, 4, 4, 9, 9, 1, 16, 16, 100, 25, 576, 324, 4, 4, 9, 25, 1, 16, 4, 4, 1, 25, 169, 144, 1, 25, 25, 144, 9, 9, 1, 1, 441, 16, 49, 16, 25, 2601, 1, 64, 169, 4, 4, 4, 9, 0, 25, 4, 0, 1, 576, 0, 1, 16, 1, 1, 1, 4, 36, 9, 4, 4, 9, 64, 36, 4, 4, 64, 64, 256, 16, 25, 25, 1, 169, 1, 16, 9, 36, 36, 81, 400, 16, 1, 1, 81, 16, 4, 576, 1, 16, 25]

pred: 10415 [94, 117, 71, 47, 92, 4, 158, 256, 31, 43, 90, 40, 95, 34, 31, 100, 164, 128, 111, 113, 63, 74, 53, 71, 164, 63, 32, 116, 46, 141, 49, 57, 107, 131, 50, 188, 49, 37, 35, 29, 44, 78, 46, 46, 98, 130, 83, 94, 161, 205, 54, 37, 93, 79, 29, 121, 28, 91, 94, 93, 110, 114, 27, 97, 52, 115, 41, 80, 33, 279, 182, 39, 34, 54, 66, 67, 47, 39, 154, 28, 82, 21, 71, 49, 72, 55, 16, 42, 178, 167, 80, 44, 18, 25, 67, 56, 228, 118, 37, 44, 43, 111, 20, 83, 58, 92, 68, 94, 74, 88, 115, 49, 25, 74, 72, 45, 70, 23, 86, 220, 62, 27, 59, 46, 47, 44, 239, 60, 72, 43]
real: 11073 [97, 113, 69, 49, 91, 18, 168, 268, 29, 43, 96, 40, 96, 37, 35, 114, 168, 138, 124, 131, 65, 75, 65, 72, 173, 61, 32, 122, 50, 148, 54, 58, 107, 136, 49, 212, 49, 47, 36, 31, 46, 81, 43, 47, 102, 134, 93, 99, 185, 223, 56, 39, 96, 84, 30, 125, 30, 93, 95, 98, 123, 126, 26, 102, 57, 127, 44, 83, 32, 280, 203, 43, 41, 58, 71, 118, 48, 47, 167, 30, 84, 23, 74, 49, 77, 57, 16, 41, 202, 167, 79, 48, 19, 26, 68, 54, 234, 121, 39, 46, 46, 119, 26, 81, 56, 100, 76, 110, 78, 93, 120, 48, 38, 73, 76, 48, 64, 29, 95, 240, 58, 26, 58, 55, 51, 46, 263, 61, 76, 48]

grid_scale: 0.3
resize_scale: 0.5
confiance: 0.55

random_seed: 1011
data_augmentation: True
samples: 130
