MAE: 9.461538461538462 [8, 27, 2, 10, 7, 8, 2, 13, 2, 7, 12, 4, 2, 4, 11, 5, 43, 9, 13, 2, 5, 8, 19, 10, 2, 3, 0, 8, 9, 7, 18, 6, 0, 8, 32, 20, 15, 5, 7, 9, 7, 4, 22, 8, 0, 17, 8, 13, 7, 8, 4, 5, 8, 4, 7, 5, 7, 6, 5, 2, 74, 8, 13, 16, 11, 1, 4, 53, 7, 2, 22, 3, 6, 6, 5, 1, 3, 19, 2, 2, 7, 5, 7, 17, 26, 11, 16, 3, 17, 13, 6, 4, 8, 6, 7, 21, 2, 4, 8, 11, 14, 9, 6, 8, 20, 2, 6, 1, 7, 11, 4, 19, 6, 10, 7, 9, 16, 7, 7, 5, 8, 8, 5, 6, 1, 11, 5, 5, 10, 11]
MAPE: 12.296900457142378 [17.391304347826086, 11.25, 2.1505376344086025, 7.352941176470589, 9.58904109589041, 21.052631578947366, 4.3478260869565215, 12.745098039215685, 3.7037037037037033, 8.333333333333332, 8.955223880597014, 13.793103448275861, 6.666666666666667, 7.4074074074074066, 19.642857142857142, 19.230769230769234, 16.044776119402986, 11.39240506329114, 7.514450867052023, 3.4482758620689653, 5.208333333333334, 9.876543209876543, 15.079365079365079, 20.408163265306122, 2.1052631578947367, 11.538461538461538, 0.0, 18.6046511627907, 5.357142857142857, 3.4653465346534658, 15.789473684210526, 6.25, 0.0, 13.114754098360656, 13.675213675213676, 31.25, 22.058823529411764, 16.666666666666664, 12.068965517241379, 19.148936170212767, 17.5, 3.149606299212598, 27.160493827160494, 16.3265306122449, 0.0, 24.637681159420293, 17.391304347826086, 22.413793103448278, 8.433734939759036, 6.557377049180328, 9.090909090909092, 4.901960784313726, 11.267605633802818, 17.391304347826086, 14.285714285714285, 26.31578947368421, 7.142857142857142, 7.894736842105263, 9.090909090909092, 2.0618556701030926, 26.42857142857143, 16.0, 8.783783783783784, 16.842105263157894, 8.870967741935484, 3.225806451612903, 5.333333333333334, 25.0, 5.833333333333333, 4.166666666666666, 10.83743842364532, 2.727272727272727, 7.792207792207792, 20.0, 12.82051282051282, 3.8461538461538463, 7.6923076923076925, 11.377245508982035, 3.4482758620689653, 4.25531914893617, 17.073170731707318, 15.625, 5.785123966942149, 12.977099236641221, 9.885931558935361, 14.864864864864865, 11.594202898550725, 3.125, 94.44444444444444, 20.0, 13.953488372093023, 8.695652173913043, 11.11111111111111, 7.142857142857142, 6.5420560747663545, 34.42622950819672, 12.5, 4.040404040404041, 10.256410256410255, 9.734513274336283, 25.0, 9.0, 20.689655172413794, 4.761904761904762, 11.976047904191617, 5.555555555555555, 23.076923076923077, 2.127659574468085, 5.932203389830509, 12.087912087912088, 6.153846153846154, 8.520179372197308, 7.894736842105263, 8.0, 3.783783783783784, 18.75, 13.445378151260504, 12.280701754385964, 18.91891891891892, 10.204081632653061, 18.6046511627907, 8.60215053763441, 14.285714285714285, 12.5, 2.083333333333333, 22.916666666666664, 8.771929824561402, 12.195121951219512, 13.157894736842104, 21.568627450980394]
RMSE: 13.448477180020735 [64, 729, 4, 100, 49, 64, 4, 169, 4, 49, 144, 16, 4, 16, 121, 25, 1849, 81, 169, 4, 25, 64, 361, 100, 4, 9, 0, 64, 81, 49, 324, 36, 0, 64, 1024, 400, 225, 25, 49, 81, 49, 16, 484, 64, 0, 289, 64, 169, 49, 64, 16, 25, 64, 16, 49, 25, 49, 36, 25, 4, 5476, 64, 169, 256, 121, 1, 16, 2809, 49, 4, 484, 9, 36, 36, 25, 1, 9, 361, 4, 4, 49, 25, 49, 289, 676, 121, 256, 9, 289, 169, 36, 16, 64, 36, 49, 441, 4, 16, 64, 121, 196, 81, 36, 64, 400, 4, 36, 1, 49, 121, 16, 361, 36, 100, 49, 81, 256, 49, 49, 25, 64, 64, 25, 36, 1, 121, 25, 25, 100, 121]

pred: 12169 [54, 267, 95, 146, 80, 30, 48, 115, 52, 91, 146, 33, 32, 58, 67, 31, 311, 88, 186, 60, 91, 89, 145, 59, 93, 29, 123, 51, 177, 209, 96, 102, 93, 69, 266, 84, 83, 35, 65, 56, 47, 123, 103, 57, 32, 86, 54, 71, 90, 130, 48, 107, 79, 27, 56, 24, 105, 82, 60, 99, 354, 58, 161, 111, 135, 30, 79, 265, 127, 50, 225, 113, 83, 36, 44, 27, 42, 186, 60, 45, 48, 37, 128, 148, 289, 85, 154, 99, 1, 78, 49, 50, 80, 90, 114, 82, 18, 103, 86, 124, 70, 109, 35, 176, 187, 38, 32, 48, 111, 102, 69, 242, 82, 135, 192, 57, 135, 64, 44, 54, 51, 101, 40, 54, 47, 59, 62, 46, 86, 62]
real: 11073 [46, 240, 93, 136, 73, 38, 46, 102, 54, 84, 134, 29, 30, 54, 56, 26, 268, 79, 173, 58, 96, 81, 126, 49, 95, 26, 123, 43, 168, 202, 114, 96, 93, 61, 234, 64, 68, 30, 58, 47, 40, 127, 81, 49, 32, 69, 46, 58, 83, 122, 44, 102, 71, 23, 49, 19, 98, 76, 55, 97, 280, 50, 148, 95, 124, 31, 75, 212, 120, 48, 203, 110, 77, 30, 39, 26, 39, 167, 58, 47, 41, 32, 121, 131, 263, 74, 138, 96, 18, 65, 43, 46, 72, 84, 107, 61, 16, 99, 78, 113, 56, 100, 29, 168, 167, 36, 26, 47, 118, 91, 65, 223, 76, 125, 185, 48, 119, 57, 37, 49, 43, 93, 35, 48, 48, 48, 57, 41, 76, 51]

grid_scale: 0.35
resize_scale: 0.5
confiance: 0.3

random_seed: 1011
data_augmentation: True
samples: 130
