MAE: 6.161538461538462 [0, 13, 3, 3, 3, 12, 0, 5, 5, 2, 1, 2, 0, 1, 1, 0, 12, 2, 13, 5, 24, 3, 9, 2, 27, 1, 9, 2, 4, 18, 45, 7, 21, 2, 13, 7, 0, 1, 2, 1, 4, 14, 1, 2, 2, 3, 11, 4, 0, 8, 1, 7, 5, 2, 1, 1, 5, 4, 6, 3, 2, 4, 13, 3, 11, 1, 3, 7, 10, 1, 23, 14, 8, 5, 3, 5, 2, 9, 5, 9, 11, 0, 2, 22, 7, 4, 9, 5, 18, 6, 3, 5, 4, 6, 1, 5, 1, 9, 5, 1, 4, 5, 1, 12, 5, 2, 2, 6, 35, 1, 3, 17, 7, 9, 28, 3, 5, 4, 4, 2, 4, 1, 0, 0, 9, 2, 0, 2, 0, 1]
MAPE: 7.877133180720718 [0.0, 5.416666666666667, 3.225806451612903, 2.2058823529411766, 4.10958904109589, 31.57894736842105, 0.0, 4.901960784313726, 9.25925925925926, 2.380952380952381, 0.7462686567164178, 6.896551724137931, 0.0, 1.8518518518518516, 1.7857142857142856, 0.0, 4.477611940298507, 2.5316455696202533, 7.514450867052023, 8.620689655172415, 25.0, 3.7037037037037033, 7.142857142857142, 4.081632653061225, 28.421052631578945, 3.8461538461538463, 7.317073170731707, 4.651162790697675, 2.380952380952381, 8.91089108910891, 39.473684210526315, 7.291666666666667, 22.58064516129032, 3.278688524590164, 5.555555555555555, 10.9375, 0.0, 3.3333333333333335, 3.4482758620689653, 2.127659574468085, 10.0, 11.023622047244094, 1.2345679012345678, 4.081632653061225, 6.25, 4.3478260869565215, 23.91304347826087, 6.896551724137931, 0.0, 6.557377049180328, 2.272727272727273, 6.862745098039216, 7.042253521126761, 8.695652173913043, 2.0408163265306123, 5.263157894736842, 5.1020408163265305, 5.263157894736842, 10.909090909090908, 3.0927835051546393, 0.7142857142857143, 8.0, 8.783783783783784, 3.1578947368421053, 8.870967741935484, 3.225806451612903, 4.0, 3.30188679245283, 8.333333333333332, 2.083333333333333, 11.330049261083744, 12.727272727272727, 10.38961038961039, 16.666666666666664, 7.6923076923076925, 19.230769230769234, 5.128205128205128, 5.389221556886228, 8.620689655172415, 19.148936170212767, 26.82926829268293, 0.0, 1.6528925619834711, 16.793893129770993, 2.6615969581749046, 5.405405405405405, 6.521739130434782, 5.208333333333334, 100.0, 9.230769230769232, 6.976744186046512, 10.869565217391305, 5.555555555555555, 7.142857142857142, 0.9345794392523363, 8.19672131147541, 6.25, 9.090909090909092, 6.41025641025641, 0.8849557522123894, 7.142857142857142, 5.0, 3.4482758620689653, 7.142857142857142, 2.9940119760479043, 5.555555555555555, 7.6923076923076925, 12.76595744680851, 29.66101694915254, 1.098901098901099, 4.615384615384616, 7.623318385650224, 9.210526315789473, 7.199999999999999, 15.135135135135137, 6.25, 4.201680672268908, 7.017543859649122, 10.81081081081081, 4.081632653061225, 9.30232558139535, 1.0752688172043012, 0.0, 0.0, 18.75, 4.166666666666666, 0.0, 4.878048780487805, 0.0, 1.9607843137254901]
RMSE: 9.469383864287622 [0, 169, 9, 9, 9, 144, 0, 25, 25, 4, 1, 4, 0, 1, 1, 0, 144, 4, 169, 25, 576, 9, 81, 4, 729, 1, 81, 4, 16, 324, 2025, 49, 441, 4, 169, 49, 0, 1, 4, 1, 16, 196, 1, 4, 4, 9, 121, 16, 0, 64, 1, 49, 25, 4, 1, 1, 25, 16, 36, 9, 4, 16, 169, 9, 121, 1, 9, 49, 100, 1, 529, 196, 64, 25, 9, 25, 4, 81, 25, 81, 121, 0, 4, 484, 49, 16, 81, 25, 324, 36, 9, 25, 16, 36, 1, 25, 1, 81, 25, 1, 16, 25, 1, 144, 25, 4, 4, 36, 1225, 1, 9, 289, 49, 81, 784, 9, 25, 16, 16, 4, 16, 1, 0, 0, 81, 4, 0, 4, 0, 1]

pred: 10394 [46, 227, 90, 133, 76, 26, 46, 107, 49, 82, 133, 27, 30, 55, 55, 26, 256, 77, 160, 53, 72, 78, 117, 51, 68, 27, 114, 41, 164, 184, 69, 89, 72, 63, 221, 71, 68, 29, 56, 46, 44, 113, 80, 47, 34, 72, 35, 62, 83, 114, 45, 95, 66, 21, 50, 20, 93, 72, 49, 94, 282, 46, 135, 98, 113, 30, 72, 205, 110, 47, 180, 96, 69, 25, 36, 21, 37, 158, 53, 38, 30, 32, 119, 109, 256, 70, 129, 91, 0, 59, 40, 41, 68, 78, 106, 66, 15, 90, 73, 114, 52, 95, 30, 156, 162, 34, 24, 41, 83, 92, 62, 206, 69, 116, 157, 51, 114, 53, 33, 47, 47, 92, 35, 48, 39, 50, 57, 43, 76, 50]
real: 11073 [46, 240, 93, 136, 73, 38, 46, 102, 54, 84, 134, 29, 30, 54, 56, 26, 268, 79, 173, 58, 96, 81, 126, 49, 95, 26, 123, 43, 168, 202, 114, 96, 93, 61, 234, 64, 68, 30, 58, 47, 40, 127, 81, 49, 32, 69, 46, 58, 83, 122, 44, 102, 71, 23, 49, 19, 98, 76, 55, 97, 280, 50, 148, 95, 124, 31, 75, 212, 120, 48, 203, 110, 77, 30, 39, 26, 39, 167, 58, 47, 41, 32, 121, 131, 263, 74, 138, 96, 18, 65, 43, 46, 72, 84, 107, 61, 16, 99, 78, 113, 56, 100, 29, 168, 167, 36, 26, 47, 118, 91, 65, 223, 76, 125, 185, 48, 119, 57, 37, 49, 43, 93, 35, 48, 48, 48, 57, 41, 76, 51]

grid_scale: 0.3
resize_scale: 0.5
confiance: 0.5

random_seed: 1011
data_augmentation: True
samples: 130
