MAE: 6.946153846153846 [3, 10, 5, 13, 6, 10, 6, 17, 2, 10, 8, 2, 1, 6, 9, 3, 26, 12, 10, 4, 0, 8, 6, 4, 6, 1, 2, 6, 17, 4, 23, 7, 5, 6, 28, 19, 6, 1, 3, 6, 8, 4, 10, 4, 3, 4, 3, 8, 6, 3, 2, 4, 5, 0, 6, 3, 5, 4, 3, 10, 62, 5, 15, 14, 9, 2, 4, 24, 2, 2, 18, 1, 5, 2, 2, 2, 4, 4, 1, 6, 3, 0, 5, 9, 24, 2, 16, 7, 18, 2, 6, 0, 11, 2, 1, 11, 1, 3, 3, 7, 2, 7, 3, 7, 14, 3, 2, 4, 11, 9, 5, 12, 4, 5, 2, 3, 16, 4, 6, 7, 6, 4, 1, 7, 2, 9, 4, 4, 3, 6]
MAPE: 8.91237877078189 [6.521739130434782, 4.166666666666666, 5.376344086021505, 9.558823529411764, 8.21917808219178, 26.31578947368421, 13.043478260869565, 16.666666666666664, 3.7037037037037033, 11.904761904761903, 5.970149253731343, 6.896551724137931, 3.3333333333333335, 11.11111111111111, 16.071428571428573, 11.538461538461538, 9.701492537313433, 15.18987341772152, 5.780346820809249, 6.896551724137931, 0.0, 9.876543209876543, 4.761904761904762, 8.16326530612245, 6.315789473684211, 3.8461538461538463, 1.6260162601626018, 13.953488372093023, 10.119047619047619, 1.9801980198019802, 20.175438596491226, 7.291666666666667, 5.376344086021505, 9.836065573770492, 11.965811965811966, 29.6875, 8.823529411764707, 3.3333333333333335, 5.172413793103448, 12.76595744680851, 20.0, 3.149606299212598, 12.345679012345679, 8.16326530612245, 9.375, 5.797101449275362, 6.521739130434782, 13.793103448275861, 7.228915662650602, 2.459016393442623, 4.545454545454546, 3.9215686274509802, 7.042253521126761, 0.0, 12.244897959183673, 15.789473684210526, 5.1020408163265305, 5.263157894736842, 5.454545454545454, 10.309278350515463, 22.142857142857142, 10.0, 10.135135135135135, 14.736842105263156, 7.258064516129033, 6.451612903225806, 5.333333333333334, 11.320754716981133, 1.6666666666666667, 4.166666666666666, 8.866995073891626, 0.9090909090909091, 6.493506493506493, 6.666666666666667, 5.128205128205128, 7.6923076923076925, 10.256410256410255, 2.3952095808383236, 1.7241379310344827, 12.76595744680851, 7.317073170731707, 0.0, 4.132231404958678, 6.870229007633588, 9.125475285171103, 2.7027027027027026, 11.594202898550725, 7.291666666666667, 100.0, 3.076923076923077, 13.953488372093023, 0.0, 15.277777777777779, 2.380952380952381, 0.9345794392523363, 18.0327868852459, 6.25, 3.0303030303030303, 3.8461538461538463, 6.1946902654867255, 3.571428571428571, 7.000000000000001, 10.344827586206897, 4.166666666666666, 8.383233532934131, 8.333333333333332, 7.6923076923076925, 8.51063829787234, 9.322033898305085, 9.89010989010989, 7.6923076923076925, 5.381165919282512, 5.263157894736842, 4.0, 1.0810810810810811, 6.25, 13.445378151260504, 7.017543859649122, 16.216216216216218, 14.285714285714285, 13.953488372093023, 4.301075268817205, 2.857142857142857, 14.583333333333334, 4.166666666666666, 18.75, 7.017543859649122, 9.75609756097561, 3.9473684210526314, 11.76470588235294]
RMSE: 10.156089495773157 [9, 100, 25, 169, 36, 100, 36, 289, 4, 100, 64, 4, 1, 36, 81, 9, 676, 144, 100, 16, 0, 64, 36, 16, 36, 1, 4, 36, 289, 16, 529, 49, 25, 36, 784, 361, 36, 1, 9, 36, 64, 16, 100, 16, 9, 16, 9, 64, 36, 9, 4, 16, 25, 0, 36, 9, 25, 16, 9, 100, 3844, 25, 225, 196, 81, 4, 16, 576, 4, 4, 324, 1, 25, 4, 4, 4, 16, 16, 1, 36, 9, 0, 25, 81, 576, 4, 256, 49, 324, 4, 36, 0, 121, 4, 1, 121, 1, 9, 9, 49, 4, 49, 9, 49, 196, 9, 4, 16, 121, 81, 25, 144, 16, 25, 4, 9, 256, 16, 36, 49, 36, 16, 1, 49, 4, 81, 16, 16, 9, 36]

pred: 11762 [49, 250, 98, 149, 79, 28, 52, 119, 52, 94, 142, 31, 31, 60, 65, 29, 294, 91, 183, 62, 96, 89, 132, 53, 89, 27, 125, 49, 185, 206, 91, 103, 88, 67, 262, 83, 74, 31, 61, 53, 48, 123, 91, 53, 35, 73, 49, 66, 89, 125, 46, 106, 76, 23, 55, 22, 103, 80, 58, 107, 342, 55, 163, 109, 133, 33, 79, 236, 122, 46, 221, 109, 82, 32, 41, 24, 43, 171, 59, 41, 38, 32, 126, 140, 287, 76, 154, 103, 0, 63, 49, 46, 83, 86, 108, 72, 17, 96, 75, 120, 58, 107, 32, 175, 181, 39, 28, 43, 107, 100, 70, 235, 80, 130, 187, 51, 135, 61, 43, 56, 49, 97, 36, 55, 46, 57, 61, 45, 79, 57]
real: 11073 [46, 240, 93, 136, 73, 38, 46, 102, 54, 84, 134, 29, 30, 54, 56, 26, 268, 79, 173, 58, 96, 81, 126, 49, 95, 26, 123, 43, 168, 202, 114, 96, 93, 61, 234, 64, 68, 30, 58, 47, 40, 127, 81, 49, 32, 69, 46, 58, 83, 122, 44, 102, 71, 23, 49, 19, 98, 76, 55, 97, 280, 50, 148, 95, 124, 31, 75, 212, 120, 48, 203, 110, 77, 30, 39, 26, 39, 167, 58, 47, 41, 32, 121, 131, 263, 74, 138, 96, 18, 65, 43, 46, 72, 84, 107, 61, 16, 99, 78, 113, 56, 100, 29, 168, 167, 36, 26, 47, 118, 91, 65, 223, 76, 125, 185, 48, 119, 57, 37, 49, 43, 93, 35, 48, 48, 48, 57, 41, 76, 51]

grid_scale: 0.35
resize_scale: 0.5
confiance: 0.35

random_seed: 1011
data_augmentation: True
samples: 130
