MAE: 7.938461538461539 [3, 28, 6, 15, 12, 8, 0, 8, 2, 4, 7, 1, 5, 10, 8, 4, 32, 11, 19, 3, 6, 7, 12, 12, 5, 5, 0, 4, 9, 5, 20, 5, 1, 10, 32, 17, 13, 5, 6, 2, 8, 4, 13, 2, 4, 9, 3, 13, 6, 4, 2, 10, 13, 2, 9, 3, 13, 2, 3, 2, 65, 4, 21, 17, 11, 0, 4, 31, 7, 3, 17, 0, 1, 1, 1, 2, 3, 9, 4, 3, 2, 3, 11, 0, 35, 11, 19, 5, 18, 5, 2, 0, 13, 1, 3, 10, 3, 0, 5, 11, 5, 12, 7, 7, 11, 1, 2, 2, 18, 7, 4, 23, 2, 8, 4, 3, 15, 3, 2, 3, 3, 5, 3, 5, 2, 12, 3, 5, 2, 5]
MAPE: 9.929184575444802 [6.521739130434782, 11.666666666666666, 6.451612903225806, 11.029411764705882, 16.43835616438356, 21.052631578947366, 0.0, 7.8431372549019605, 3.7037037037037033, 4.761904761904762, 5.223880597014925, 3.4482758620689653, 16.666666666666664, 18.51851851851852, 14.285714285714285, 15.384615384615385, 11.940298507462686, 13.924050632911392, 10.982658959537572, 5.172413793103448, 6.25, 8.641975308641975, 9.523809523809524, 24.489795918367346, 5.263157894736842, 19.230769230769234, 0.0, 9.30232558139535, 5.357142857142857, 2.4752475247524752, 17.543859649122805, 5.208333333333334, 1.0752688172043012, 16.39344262295082, 13.675213675213676, 26.5625, 19.11764705882353, 16.666666666666664, 10.344827586206897, 4.25531914893617, 20.0, 3.149606299212598, 16.049382716049383, 4.081632653061225, 12.5, 13.043478260869565, 6.521739130434782, 22.413793103448278, 7.228915662650602, 3.278688524590164, 4.545454545454546, 9.803921568627452, 18.30985915492958, 8.695652173913043, 18.367346938775512, 15.789473684210526, 13.26530612244898, 2.631578947368421, 5.454545454545454, 2.0618556701030926, 23.214285714285715, 8.0, 14.18918918918919, 17.894736842105264, 8.870967741935484, 0.0, 5.333333333333334, 14.622641509433961, 5.833333333333333, 6.25, 8.374384236453201, 0.0, 1.2987012987012987, 3.3333333333333335, 2.564102564102564, 7.6923076923076925, 7.6923076923076925, 5.389221556886228, 6.896551724137931, 6.382978723404255, 4.878048780487805, 9.375, 9.090909090909092, 0.0, 13.307984790874524, 14.864864864864865, 13.768115942028986, 5.208333333333334, 100.0, 7.6923076923076925, 4.651162790697675, 0.0, 18.055555555555554, 1.1904761904761905, 2.803738317757009, 16.39344262295082, 18.75, 0.0, 6.41025641025641, 9.734513274336283, 8.928571428571429, 12.0, 24.137931034482758, 4.166666666666666, 6.58682634730539, 2.7777777777777777, 7.6923076923076925, 4.25531914893617, 15.254237288135593, 7.6923076923076925, 6.153846153846154, 10.31390134529148, 2.631578947368421, 6.4, 2.1621621621621623, 6.25, 12.605042016806722, 5.263157894736842, 5.405405405405405, 6.122448979591836, 6.976744186046512, 5.376344086021505, 8.571428571428571, 10.416666666666668, 4.166666666666666, 25.0, 5.263157894736842, 12.195121951219512, 2.631578947368421, 9.803921568627452]
RMSE: 11.764352935882194 [9, 784, 36, 225, 144, 64, 0, 64, 4, 16, 49, 1, 25, 100, 64, 16, 1024, 121, 361, 9, 36, 49, 144, 144, 25, 25, 0, 16, 81, 25, 400, 25, 1, 100, 1024, 289, 169, 25, 36, 4, 64, 16, 169, 4, 16, 81, 9, 169, 36, 16, 4, 100, 169, 4, 81, 9, 169, 4, 9, 4, 4225, 16, 441, 289, 121, 0, 16, 961, 49, 9, 289, 0, 1, 1, 1, 4, 9, 81, 16, 9, 4, 9, 121, 0, 1225, 121, 361, 25, 324, 25, 4, 0, 169, 1, 9, 100, 9, 0, 25, 121, 25, 144, 49, 49, 121, 1, 4, 4, 324, 49, 16, 529, 4, 64, 16, 9, 225, 9, 4, 9, 9, 25, 9, 25, 4, 144, 9, 25, 4, 25]

pred: 11903 [49, 268, 99, 151, 85, 30, 46, 110, 52, 88, 141, 28, 35, 64, 64, 30, 300, 90, 192, 61, 90, 88, 138, 61, 90, 31, 123, 47, 177, 207, 94, 101, 92, 71, 266, 81, 81, 35, 64, 49, 48, 123, 94, 51, 36, 78, 49, 71, 89, 126, 46, 112, 84, 25, 58, 22, 111, 78, 52, 99, 345, 54, 169, 112, 135, 31, 79, 243, 127, 45, 220, 110, 76, 31, 38, 24, 42, 176, 62, 44, 43, 35, 132, 131, 298, 85, 157, 101, 0, 70, 45, 46, 85, 83, 110, 71, 19, 99, 83, 124, 61, 112, 36, 175, 178, 37, 28, 45, 100, 98, 69, 246, 78, 133, 189, 51, 134, 60, 39, 52, 46, 98, 38, 53, 46, 60, 60, 46, 78, 56]
real: 11073 [46, 240, 93, 136, 73, 38, 46, 102, 54, 84, 134, 29, 30, 54, 56, 26, 268, 79, 173, 58, 96, 81, 126, 49, 95, 26, 123, 43, 168, 202, 114, 96, 93, 61, 234, 64, 68, 30, 58, 47, 40, 127, 81, 49, 32, 69, 46, 58, 83, 122, 44, 102, 71, 23, 49, 19, 98, 76, 55, 97, 280, 50, 148, 95, 124, 31, 75, 212, 120, 48, 203, 110, 77, 30, 39, 26, 39, 167, 58, 47, 41, 32, 121, 131, 263, 74, 138, 96, 18, 65, 43, 46, 72, 84, 107, 61, 16, 99, 78, 113, 56, 100, 29, 168, 167, 36, 26, 47, 118, 91, 65, 223, 76, 125, 185, 48, 119, 57, 37, 49, 43, 93, 35, 48, 48, 48, 57, 41, 76, 51]

grid_scale: 0.4
resize_scale: 0.5
confiance: 0.3

random_seed: 1011
data_augmentation: True
samples: 130
