MAE: 5.3 [1, 8, 7, 3, 1, 14, 1, 2, 6, 0, 5, 3, 1, 3, 2, 0, 2, 1, 6, 5, 19, 3, 10, 2, 19, 0, 10, 1, 4, 20, 42, 2, 14, 1, 3, 10, 1, 0, 1, 1, 1, 6, 5, 2, 9, 2, 6, 4, 2, 12, 1, 4, 4, 3, 0, 1, 6, 6, 7, 0, 10, 1, 2, 4, 12, 1, 0, 2, 7, 4, 12, 15, 9, 5, 2, 6, 2, 22, 8, 9, 12, 0, 4, 16, 7, 4, 5, 2, 18, 0, 0, 4, 0, 7, 1, 4, 1, 2, 3, 4, 0, 6, 3, 6, 1, 1, 3, 11, 39, 3, 1, 6, 4, 4, 16, 1, 8, 5, 0, 1, 1, 3, 1, 1, 13, 0, 4, 1, 3, 1]
MAPE: 7.359393244644135 [2.1739130434782608, 3.3333333333333335, 7.526881720430108, 2.2058823529411766, 1.36986301369863, 36.84210526315789, 2.1739130434782608, 1.9607843137254901, 11.11111111111111, 0.0, 3.731343283582089, 10.344827586206897, 3.3333333333333335, 5.555555555555555, 3.571428571428571, 0.0, 0.7462686567164178, 1.2658227848101267, 3.4682080924855487, 8.620689655172415, 19.791666666666664, 3.7037037037037033, 7.936507936507936, 4.081632653061225, 20.0, 0.0, 8.130081300813007, 2.3255813953488373, 2.380952380952381, 9.900990099009901, 36.84210526315789, 2.083333333333333, 15.053763440860216, 1.639344262295082, 1.282051282051282, 15.625, 1.4705882352941175, 0.0, 1.7241379310344827, 2.127659574468085, 2.5, 4.724409448818897, 6.172839506172839, 4.081632653061225, 28.125, 2.898550724637681, 13.043478260869565, 6.896551724137931, 2.4096385542168677, 9.836065573770492, 2.272727272727273, 3.9215686274509802, 5.633802816901409, 13.043478260869565, 0.0, 5.263157894736842, 6.122448979591836, 7.894736842105263, 12.727272727272727, 0.0, 3.571428571428571, 2.0, 1.3513513513513513, 4.2105263157894735, 9.67741935483871, 3.225806451612903, 0.0, 0.9433962264150944, 5.833333333333333, 8.333333333333332, 5.911330049261084, 13.636363636363635, 11.688311688311687, 16.666666666666664, 5.128205128205128, 23.076923076923077, 5.128205128205128, 13.17365269461078, 13.793103448275861, 19.148936170212767, 29.268292682926827, 0.0, 3.3057851239669422, 12.213740458015266, 2.6615969581749046, 5.405405405405405, 3.6231884057971016, 2.083333333333333, 100.0, 0.0, 0.0, 8.695652173913043, 0.0, 8.333333333333332, 0.9345794392523363, 6.557377049180328, 6.25, 2.0202020202020203, 3.8461538461538463, 3.5398230088495577, 0.0, 6.0, 10.344827586206897, 3.571428571428571, 0.5988023952095809, 2.7777777777777777, 11.538461538461538, 23.404255319148938, 33.05084745762712, 3.296703296703297, 1.5384615384615385, 2.690582959641256, 5.263157894736842, 3.2, 8.64864864864865, 2.083333333333333, 6.722689075630252, 8.771929824561402, 0.0, 2.0408163265306123, 2.3255813953488373, 3.225806451612903, 2.857142857142857, 2.083333333333333, 27.083333333333332, 0.0, 7.017543859649122, 2.4390243902439024, 3.9473684210526314, 1.9607843137254901]
RMSE: 8.419300171903565 [1, 64, 49, 9, 1, 196, 1, 4, 36, 0, 25, 9, 1, 9, 4, 0, 4, 1, 36, 25, 361, 9, 100, 4, 361, 0, 100, 1, 16, 400, 1764, 4, 196, 1, 9, 100, 1, 0, 1, 1, 1, 36, 25, 4, 81, 4, 36, 16, 4, 144, 1, 16, 16, 9, 0, 1, 36, 36, 49, 0, 100, 1, 4, 16, 144, 1, 0, 4, 49, 16, 144, 225, 81, 25, 4, 36, 4, 484, 64, 81, 144, 0, 16, 256, 49, 16, 25, 4, 324, 0, 0, 16, 0, 49, 1, 16, 1, 4, 9, 16, 0, 36, 9, 36, 1, 1, 9, 121, 1521, 9, 1, 36, 16, 16, 256, 1, 64, 25, 0, 1, 1, 9, 1, 1, 169, 0, 16, 1, 9, 1]

pred: 10500 [47, 232, 86, 133, 74, 24, 47, 104, 48, 84, 129, 26, 31, 51, 58, 26, 266, 78, 167, 53, 77, 78, 116, 51, 76, 26, 113, 42, 164, 182, 72, 94, 79, 62, 237, 74, 69, 30, 57, 46, 39, 121, 76, 47, 23, 71, 40, 62, 81, 110, 43, 98, 67, 20, 49, 20, 92, 70, 48, 97, 290, 49, 146, 99, 112, 30, 75, 210, 113, 44, 191, 95, 68, 25, 37, 20, 37, 145, 50, 38, 29, 32, 117, 115, 256, 70, 133, 94, 0, 65, 43, 42, 72, 77, 106, 65, 17, 97, 75, 109, 56, 94, 32, 162, 166, 37, 23, 36, 79, 88, 64, 217, 72, 121, 169, 47, 111, 52, 37, 50, 44, 90, 36, 47, 35, 48, 53, 40, 73, 50]
real: 11073 [46, 240, 93, 136, 73, 38, 46, 102, 54, 84, 134, 29, 30, 54, 56, 26, 268, 79, 173, 58, 96, 81, 126, 49, 95, 26, 123, 43, 168, 202, 114, 96, 93, 61, 234, 64, 68, 30, 58, 47, 40, 127, 81, 49, 32, 69, 46, 58, 83, 122, 44, 102, 71, 23, 49, 19, 98, 76, 55, 97, 280, 50, 148, 95, 124, 31, 75, 212, 120, 48, 203, 110, 77, 30, 39, 26, 39, 167, 58, 47, 41, 32, 121, 131, 263, 74, 138, 96, 18, 65, 43, 46, 72, 84, 107, 61, 16, 99, 78, 113, 56, 100, 29, 168, 167, 36, 26, 47, 118, 91, 65, 223, 76, 125, 185, 48, 119, 57, 37, 49, 43, 93, 35, 48, 48, 48, 57, 41, 76, 51]

grid_scale: 0.35
resize_scale: 0.5
confiance: 0.5

random_seed: 1011
data_augmentation: True
samples: 130
