MAE: 11.53076923076923 [6, 23, 17, 13, 0, 14, 1, 2, 6, 3, 16, 4, 1, 1, 1, 1, 44, 7, 21, 8, 32, 3, 33, 6, 35, 2, 15, 4, 21, 60, 74, 14, 32, 4, 24, 3, 0, 1, 4, 6, 0, 15, 5, 8, 0, 6, 14, 1, 2, 20, 1, 13, 11, 1, 7, 0, 6, 8, 9, 10, 19, 5, 16, 1, 15, 6, 10, 23, 9, 9, 39, 13, 10, 5, 10, 7, 0, 23, 11, 17, 11, 2, 14, 35, 29, 5, 18, 8, 18, 10, 5, 5, 5, 9, 7, 3, 2, 25, 14, 9, 2, 13, 1, 16, 9, 4, 4, 19, 53, 6, 3, 37, 8, 10, 44, 4, 12, 3, 4, 3, 1, 10, 4, 1, 20, 4, 6, 10, 3, 4]
MAPE: 13.36232596169815 [13.043478260869565, 9.583333333333334, 18.27956989247312, 9.558823529411764, 0.0, 36.84210526315789, 2.1739130434782608, 1.9607843137254901, 11.11111111111111, 3.571428571428571, 11.940298507462686, 13.793103448275861, 3.3333333333333335, 1.8518518518518516, 1.7857142857142856, 3.8461538461538463, 16.417910447761194, 8.860759493670885, 12.138728323699421, 13.793103448275861, 33.33333333333333, 3.7037037037037033, 26.190476190476193, 12.244897959183673, 36.84210526315789, 7.6923076923076925, 12.195121951219512, 9.30232558139535, 12.5, 29.7029702970297, 64.91228070175438, 14.583333333333334, 34.40860215053764, 6.557377049180328, 10.256410256410255, 4.6875, 0.0, 3.3333333333333335, 6.896551724137931, 12.76595744680851, 0.0, 11.811023622047244, 6.172839506172839, 16.3265306122449, 0.0, 8.695652173913043, 30.434782608695656, 1.7241379310344827, 2.4096385542168677, 16.39344262295082, 2.272727272727273, 12.745098039215685, 15.492957746478872, 4.3478260869565215, 14.285714285714285, 0.0, 6.122448979591836, 10.526315789473683, 16.363636363636363, 10.309278350515463, 6.785714285714286, 10.0, 10.81081081081081, 1.0526315789473684, 12.096774193548388, 19.35483870967742, 13.333333333333334, 10.849056603773585, 7.5, 18.75, 19.21182266009852, 11.818181818181818, 12.987012987012985, 16.666666666666664, 25.64102564102564, 26.923076923076923, 0.0, 13.77245508982036, 18.96551724137931, 36.17021276595745, 26.82926829268293, 6.25, 11.570247933884298, 26.717557251908396, 11.02661596958175, 6.756756756756757, 13.043478260869565, 8.333333333333332, 100.0, 15.384615384615385, 11.627906976744185, 10.869565217391305, 6.944444444444445, 10.714285714285714, 6.5420560747663545, 4.918032786885246, 12.5, 25.252525252525253, 17.94871794871795, 7.964601769911504, 3.571428571428571, 13.0, 3.4482758620689653, 9.523809523809524, 5.389221556886228, 11.11111111111111, 15.384615384615385, 40.42553191489361, 44.91525423728814, 6.593406593406594, 4.615384615384616, 16.591928251121075, 10.526315789473683, 8.0, 23.783783783783786, 8.333333333333332, 10.084033613445378, 5.263157894736842, 10.81081081081081, 6.122448979591836, 2.3255813953488373, 10.75268817204301, 11.428571428571429, 2.083333333333333, 41.66666666666667, 8.333333333333332, 10.526315789473683, 24.390243902439025, 3.9473684210526314, 7.8431372549019605]
RMSE: 17.025998219916957 [36, 529, 289, 169, 0, 196, 1, 4, 36, 9, 256, 16, 1, 1, 1, 1, 1936, 49, 441, 64, 1024, 9, 1089, 36, 1225, 4, 225, 16, 441, 3600, 5476, 196, 1024, 16, 576, 9, 0, 1, 16, 36, 0, 225, 25, 64, 0, 36, 196, 1, 4, 400, 1, 169, 121, 1, 49, 0, 36, 64, 81, 100, 361, 25, 256, 1, 225, 36, 100, 529, 81, 81, 1521, 169, 100, 25, 100, 49, 0, 529, 121, 289, 121, 4, 196, 1225, 841, 25, 324, 64, 324, 100, 25, 25, 25, 81, 49, 9, 4, 625, 196, 81, 4, 169, 1, 256, 81, 16, 16, 361, 2809, 36, 9, 1369, 64, 100, 1936, 16, 144, 9, 16, 9, 1, 100, 16, 1, 400, 16, 36, 100, 9, 16]

pred: 9590 [40, 217, 76, 123, 73, 24, 45, 100, 48, 81, 118, 25, 31, 53, 55, 27, 224, 72, 152, 50, 64, 78, 93, 43, 60, 24, 108, 39, 147, 142, 40, 82, 61, 57, 210, 67, 68, 29, 54, 41, 40, 112, 76, 41, 32, 63, 32, 59, 81, 102, 43, 89, 60, 22, 42, 19, 92, 68, 46, 87, 261, 45, 132, 94, 109, 25, 65, 189, 111, 39, 164, 97, 67, 25, 29, 19, 39, 144, 47, 30, 30, 30, 107, 96, 234, 69, 120, 88, 0, 55, 38, 41, 67, 75, 100, 58, 14, 74, 64, 104, 54, 87, 30, 152, 158, 32, 22, 28, 65, 85, 62, 186, 68, 115, 141, 44, 107, 54, 33, 46, 44, 83, 31, 47, 28, 44, 51, 31, 73, 47]
real: 11073 [46, 240, 93, 136, 73, 38, 46, 102, 54, 84, 134, 29, 30, 54, 56, 26, 268, 79, 173, 58, 96, 81, 126, 49, 95, 26, 123, 43, 168, 202, 114, 96, 93, 61, 234, 64, 68, 30, 58, 47, 40, 127, 81, 49, 32, 69, 46, 58, 83, 122, 44, 102, 71, 23, 49, 19, 98, 76, 55, 97, 280, 50, 148, 95, 124, 31, 75, 212, 120, 48, 203, 110, 77, 30, 39, 26, 39, 167, 58, 47, 41, 32, 121, 131, 263, 74, 138, 96, 18, 65, 43, 46, 72, 84, 107, 61, 16, 99, 78, 113, 56, 100, 29, 168, 167, 36, 26, 47, 118, 91, 65, 223, 76, 125, 185, 48, 119, 57, 37, 49, 43, 93, 35, 48, 48, 48, 57, 41, 76, 51]

grid_scale: 0.4
resize_scale: 0.5
confiance: 0.55

random_seed: 1011
data_augmentation: True
samples: 130
