MAE: 9.007692307692308 [6, 17, 10, 9, 8, 11, 5, 20, 3, 3, 16, 5, 3, 7, 6, 2, 29, 15, 12, 2, 4, 10, 11, 10, 1, 4, 7, 4, 17, 9, 8, 12, 0, 14, 35, 21, 13, 3, 7, 2, 7, 11, 27, 6, 4, 6, 8, 10, 7, 6, 2, 6, 11, 0, 7, 4, 13, 5, 2, 3, 66, 3, 22, 12, 13, 2, 14, 22, 13, 1, 21, 16, 1, 3, 0, 6, 6, 16, 2, 1, 4, 5, 6, 15, 29, 5, 12, 4, 17, 9, 2, 1, 9, 1, 8, 10, 3, 6, 10, 15, 8, 9, 1, 11, 23, 7, 5, 0, 5, 8, 6, 16, 6, 9, 8, 11, 25, 4, 5, 4, 9, 12, 2, 5, 1, 8, 6, 9, 3, 8]
MAPE: 11.489664926772582 [13.043478260869565, 7.083333333333333, 10.75268817204301, 6.61764705882353, 10.95890410958904, 28.947368421052634, 10.869565217391305, 19.607843137254903, 5.555555555555555, 3.571428571428571, 11.940298507462686, 17.24137931034483, 10.0, 12.962962962962962, 10.714285714285714, 7.6923076923076925, 10.820895522388058, 18.9873417721519, 6.9364161849710975, 3.4482758620689653, 4.166666666666666, 12.345679012345679, 8.73015873015873, 20.408163265306122, 1.0526315789473684, 15.384615384615385, 5.691056910569105, 9.30232558139535, 10.119047619047619, 4.455445544554455, 7.017543859649122, 12.5, 0.0, 22.950819672131146, 14.957264957264957, 32.8125, 19.11764705882353, 10.0, 12.068965517241379, 4.25531914893617, 17.5, 8.661417322834646, 33.33333333333333, 12.244897959183673, 12.5, 8.695652173913043, 17.391304347826086, 17.24137931034483, 8.433734939759036, 4.918032786885246, 4.545454545454546, 5.88235294117647, 15.492957746478872, 0.0, 14.285714285714285, 21.052631578947366, 13.26530612244898, 6.578947368421052, 3.6363636363636362, 3.0927835051546393, 23.57142857142857, 6.0, 14.864864864864865, 12.631578947368421, 10.483870967741936, 6.451612903225806, 18.666666666666668, 10.377358490566039, 10.833333333333334, 2.083333333333333, 10.344827586206897, 14.545454545454545, 1.2987012987012987, 10.0, 0.0, 23.076923076923077, 15.384615384615385, 9.580838323353294, 3.4482758620689653, 2.127659574468085, 9.75609756097561, 15.625, 4.958677685950414, 11.450381679389313, 11.02661596958175, 6.756756756756757, 8.695652173913043, 4.166666666666666, 94.44444444444444, 13.846153846153847, 4.651162790697675, 2.1739130434782608, 12.5, 1.1904761904761905, 7.476635514018691, 16.39344262295082, 18.75, 6.0606060606060606, 12.82051282051282, 13.274336283185843, 14.285714285714285, 9.0, 3.4482758620689653, 6.547619047619048, 13.77245508982036, 19.444444444444446, 19.230769230769234, 0.0, 4.23728813559322, 8.791208791208792, 9.230769230769232, 7.174887892376682, 7.894736842105263, 7.199999999999999, 4.324324324324325, 22.916666666666664, 21.008403361344538, 7.017543859649122, 13.513513513513514, 8.16326530612245, 20.930232558139537, 12.903225806451612, 5.714285714285714, 10.416666666666668, 2.083333333333333, 16.666666666666664, 10.526315789473683, 21.951219512195124, 3.9473684210526314, 15.686274509803921]
RMSE: 12.280378345462013 [36, 289, 100, 81, 64, 121, 25, 400, 9, 9, 256, 25, 9, 49, 36, 4, 841, 225, 144, 4, 16, 100, 121, 100, 1, 16, 49, 16, 289, 81, 64, 144, 0, 196, 1225, 441, 169, 9, 49, 4, 49, 121, 729, 36, 16, 36, 64, 100, 49, 36, 4, 36, 121, 0, 49, 16, 169, 25, 4, 9, 4356, 9, 484, 144, 169, 4, 196, 484, 169, 1, 441, 256, 1, 9, 0, 36, 36, 256, 4, 1, 16, 25, 36, 225, 841, 25, 144, 16, 289, 81, 4, 1, 81, 1, 64, 100, 9, 36, 100, 225, 64, 81, 1, 121, 529, 49, 25, 0, 25, 64, 36, 256, 36, 81, 64, 121, 625, 16, 25, 16, 81, 144, 4, 25, 1, 64, 36, 81, 9, 64]

pred: 12150 [52, 257, 103, 145, 81, 27, 51, 122, 51, 87, 150, 34, 33, 61, 62, 28, 297, 94, 185, 60, 92, 91, 137, 59, 94, 30, 130, 47, 185, 211, 106, 108, 93, 75, 269, 85, 81, 33, 65, 49, 47, 138, 108, 55, 36, 75, 54, 68, 90, 128, 46, 108, 82, 23, 56, 23, 111, 81, 53, 100, 346, 53, 170, 107, 137, 33, 89, 234, 133, 49, 224, 126, 78, 33, 39, 32, 45, 183, 60, 48, 45, 37, 127, 146, 292, 79, 150, 100, 1, 74, 45, 47, 81, 85, 115, 71, 19, 105, 88, 128, 64, 109, 30, 179, 190, 43, 31, 47, 123, 99, 71, 239, 82, 134, 193, 59, 144, 61, 42, 53, 52, 105, 37, 53, 47, 56, 63, 50, 79, 59]
real: 11073 [46, 240, 93, 136, 73, 38, 46, 102, 54, 84, 134, 29, 30, 54, 56, 26, 268, 79, 173, 58, 96, 81, 126, 49, 95, 26, 123, 43, 168, 202, 114, 96, 93, 61, 234, 64, 68, 30, 58, 47, 40, 127, 81, 49, 32, 69, 46, 58, 83, 122, 44, 102, 71, 23, 49, 19, 98, 76, 55, 97, 280, 50, 148, 95, 124, 31, 75, 212, 120, 48, 203, 110, 77, 30, 39, 26, 39, 167, 58, 47, 41, 32, 121, 131, 263, 74, 138, 96, 18, 65, 43, 46, 72, 84, 107, 61, 16, 99, 78, 113, 56, 100, 29, 168, 167, 36, 26, 47, 118, 91, 65, 223, 76, 125, 185, 48, 119, 57, 37, 49, 43, 93, 35, 48, 48, 48, 57, 41, 76, 51]

grid_scale: 0.3
resize_scale: 0.5
confiance: 0.3

random_seed: 1011
data_augmentation: True
samples: 130
