MAE: 8.246153846153845 [2, 22, 3, 10, 6, 8, 9, 16, 3, 5, 13, 4, 2, 9, 9, 4, 42, 20, 8, 0, 4, 4, 3, 12, 5, 4, 5, 4, 14, 9, 2, 8, 1, 10, 40, 21, 10, 2, 5, 7, 8, 8, 19, 11, 3, 14, 4, 13, 6, 2, 6, 10, 5, 2, 13, 6, 10, 0, 3, 10, 47, 2, 14, 5, 15, 5, 4, 27, 6, 2, 22, 5, 3, 4, 3, 4, 2, 9, 3, 3, 3, 7, 7, 6, 23, 3, 20, 7, 4, 3, 2, 1, 9, 1, 6, 16, 2, 6, 5, 13, 5, 9, 6, 5, 11, 1, 6, 3, 10, 9, 12, 30, 10, 4, 3, 8, 8, 1, 7, 9, 9, 12, 4, 9, 2, 6, 9, 5, 8, 4]
MAPE: 10.699479438894679 [4.3478260869565215, 9.166666666666666, 3.225806451612903, 7.352941176470589, 8.21917808219178, 21.052631578947366, 19.565217391304348, 15.686274509803921, 5.555555555555555, 5.952380952380952, 9.701492537313433, 13.793103448275861, 6.666666666666667, 16.666666666666664, 16.071428571428573, 15.384615384615385, 15.671641791044777, 25.31645569620253, 4.624277456647398, 0.0, 4.166666666666666, 4.938271604938271, 2.380952380952381, 24.489795918367346, 5.263157894736842, 15.384615384615385, 4.0650406504065035, 9.30232558139535, 8.333333333333332, 4.455445544554455, 1.7543859649122806, 8.333333333333332, 1.0752688172043012, 16.39344262295082, 17.094017094017094, 32.8125, 14.705882352941178, 6.666666666666667, 8.620689655172415, 14.893617021276595, 20.0, 6.299212598425196, 23.456790123456788, 22.448979591836736, 9.375, 20.28985507246377, 8.695652173913043, 22.413793103448278, 7.228915662650602, 1.639344262295082, 13.636363636363635, 9.803921568627452, 7.042253521126761, 8.695652173913043, 26.53061224489796, 31.57894736842105, 10.204081632653061, 0.0, 5.454545454545454, 10.309278350515463, 16.785714285714285, 4.0, 9.45945945945946, 5.263157894736842, 12.096774193548388, 16.129032258064516, 5.333333333333334, 12.735849056603774, 5.0, 4.166666666666666, 10.83743842364532, 4.545454545454546, 3.896103896103896, 13.333333333333334, 7.6923076923076925, 15.384615384615385, 5.128205128205128, 5.389221556886228, 5.172413793103448, 6.382978723404255, 7.317073170731707, 21.875, 5.785123966942149, 4.580152671755725, 8.745247148288973, 4.054054054054054, 14.492753623188406, 7.291666666666667, 22.22222222222222, 4.615384615384616, 4.651162790697675, 2.1739130434782608, 12.5, 1.1904761904761905, 5.607476635514018, 26.229508196721312, 12.5, 6.0606060606060606, 6.41025641025641, 11.504424778761061, 8.928571428571429, 9.0, 20.689655172413794, 2.976190476190476, 6.58682634730539, 2.7777777777777777, 23.076923076923077, 6.382978723404255, 8.47457627118644, 9.89010989010989, 18.461538461538463, 13.452914798206278, 13.157894736842104, 3.2, 1.6216216216216217, 16.666666666666664, 6.722689075630252, 1.7543859649122806, 18.91891891891892, 18.367346938775512, 20.930232558139537, 12.903225806451612, 11.428571428571429, 18.75, 4.166666666666666, 12.5, 15.789473684210526, 12.195121951219512, 10.526315789473683, 7.8431372549019605]
RMSE: 11.301463485897608 [4, 484, 9, 100, 36, 64, 81, 256, 9, 25, 169, 16, 4, 81, 81, 16, 1764, 400, 64, 0, 16, 16, 9, 144, 25, 16, 25, 16, 196, 81, 4, 64, 1, 100, 1600, 441, 100, 4, 25, 49, 64, 64, 361, 121, 9, 196, 16, 169, 36, 4, 36, 100, 25, 4, 169, 36, 100, 0, 9, 100, 2209, 4, 196, 25, 225, 25, 16, 729, 36, 4, 484, 25, 9, 16, 9, 16, 4, 81, 9, 9, 9, 49, 49, 36, 529, 9, 400, 49, 16, 9, 4, 1, 81, 1, 36, 256, 4, 36, 25, 169, 25, 81, 36, 25, 121, 1, 36, 9, 100, 81, 144, 900, 100, 16, 9, 64, 64, 1, 49, 81, 81, 144, 16, 81, 4, 36, 81, 25, 64, 16]

pred: 12061 [48, 262, 96, 146, 79, 30, 55, 118, 51, 89, 147, 33, 28, 63, 65, 30, 310, 99, 181, 58, 100, 85, 129, 61, 100, 30, 128, 47, 182, 211, 116, 104, 92, 71, 274, 85, 78, 32, 63, 54, 48, 135, 100, 60, 35, 83, 50, 71, 89, 124, 50, 112, 76, 25, 62, 25, 108, 76, 52, 107, 327, 52, 162, 100, 139, 36, 79, 239, 126, 50, 225, 105, 80, 34, 42, 30, 41, 176, 61, 44, 44, 39, 128, 137, 286, 77, 158, 103, 14, 62, 45, 47, 81, 85, 113, 77, 18, 105, 83, 126, 61, 109, 35, 173, 178, 37, 32, 50, 108, 100, 77, 253, 86, 129, 188, 56, 127, 58, 44, 58, 52, 105, 39, 57, 50, 54, 66, 46, 84, 55]
real: 11073 [46, 240, 93, 136, 73, 38, 46, 102, 54, 84, 134, 29, 30, 54, 56, 26, 268, 79, 173, 58, 96, 81, 126, 49, 95, 26, 123, 43, 168, 202, 114, 96, 93, 61, 234, 64, 68, 30, 58, 47, 40, 127, 81, 49, 32, 69, 46, 58, 83, 122, 44, 102, 71, 23, 49, 19, 98, 76, 55, 97, 280, 50, 148, 95, 124, 31, 75, 212, 120, 48, 203, 110, 77, 30, 39, 26, 39, 167, 58, 47, 41, 32, 121, 131, 263, 74, 138, 96, 18, 65, 43, 46, 72, 84, 107, 61, 16, 99, 78, 113, 56, 100, 29, 168, 167, 36, 26, 47, 118, 91, 65, 223, 76, 125, 185, 48, 119, 57, 37, 49, 43, 93, 35, 48, 48, 48, 57, 41, 76, 51]

grid_scale: 0.3
resize_scale: 0.5
confiance: 0.3

random_seed: 1011
data_augmentation: True
samples: 130
