MAE: 11.215384615384615 [5, 30, 15, 18, 1, 12, 3, 4, 6, 3, 12, 4, 1, 3, 2, 0, 43, 5, 20, 7, 30, 5, 30, 4, 37, 4, 18, 2, 19, 50, 64, 8, 33, 5, 23, 3, 5, 0, 6, 3, 1, 13, 6, 6, 1, 2, 10, 1, 2, 21, 4, 16, 6, 2, 3, 1, 6, 8, 7, 10, 23, 10, 19, 2, 14, 6, 2, 35, 6, 9, 34, 20, 9, 4, 7, 7, 2, 20, 12, 18, 5, 2, 5, 35, 31, 3, 15, 10, 18, 14, 5, 2, 3, 11, 8, 2, 2, 26, 11, 10, 6, 11, 1, 14, 9, 3, 4, 18, 49, 1, 3, 41, 7, 8, 52, 1, 18, 3, 3, 4, 1, 7, 4, 3, 17, 5, 5, 5, 6, 3]
MAPE: 12.775000466963688 [10.869565217391305, 12.5, 16.129032258064516, 13.23529411764706, 1.36986301369863, 31.57894736842105, 6.521739130434782, 3.9215686274509802, 11.11111111111111, 3.571428571428571, 8.955223880597014, 13.793103448275861, 3.3333333333333335, 5.555555555555555, 3.571428571428571, 0.0, 16.044776119402986, 6.329113924050633, 11.560693641618498, 12.068965517241379, 31.25, 6.172839506172839, 23.809523809523807, 8.16326530612245, 38.94736842105263, 15.384615384615385, 14.634146341463413, 4.651162790697675, 11.30952380952381, 24.752475247524753, 56.14035087719298, 8.333333333333332, 35.483870967741936, 8.19672131147541, 9.82905982905983, 4.6875, 7.352941176470589, 0.0, 10.344827586206897, 6.382978723404255, 2.5, 10.236220472440944, 7.4074074074074066, 12.244897959183673, 3.125, 2.898550724637681, 21.73913043478261, 1.7241379310344827, 2.4096385542168677, 17.21311475409836, 9.090909090909092, 15.686274509803921, 8.450704225352112, 8.695652173913043, 6.122448979591836, 5.263157894736842, 6.122448979591836, 10.526315789473683, 12.727272727272727, 10.309278350515463, 8.214285714285714, 20.0, 12.837837837837837, 2.1052631578947367, 11.29032258064516, 19.35483870967742, 2.666666666666667, 16.50943396226415, 5.0, 18.75, 16.748768472906402, 18.181818181818183, 11.688311688311687, 13.333333333333334, 17.94871794871795, 26.923076923076923, 5.128205128205128, 11.976047904191617, 20.689655172413794, 38.297872340425535, 12.195121951219512, 6.25, 4.132231404958678, 26.717557251908396, 11.787072243346007, 4.054054054054054, 10.869565217391305, 10.416666666666668, 100.0, 21.53846153846154, 11.627906976744185, 4.3478260869565215, 4.166666666666666, 13.095238095238097, 7.476635514018691, 3.278688524590164, 12.5, 26.262626262626267, 14.102564102564102, 8.849557522123893, 10.714285714285714, 11.0, 3.4482758620689653, 8.333333333333332, 5.389221556886228, 8.333333333333332, 15.384615384615385, 38.297872340425535, 41.52542372881356, 1.098901098901099, 4.615384615384616, 18.385650224215247, 9.210526315789473, 6.4, 28.10810810810811, 2.083333333333333, 15.126050420168067, 5.263157894736842, 8.108108108108109, 8.16326530612245, 2.3255813953488373, 7.526881720430108, 11.428571428571429, 6.25, 35.41666666666667, 10.416666666666668, 8.771929824561402, 12.195121951219512, 7.894736842105263, 5.88235294117647]
RMSE: 16.594716490034273 [25, 900, 225, 324, 1, 144, 9, 16, 36, 9, 144, 16, 1, 9, 4, 0, 1849, 25, 400, 49, 900, 25, 900, 16, 1369, 16, 324, 4, 361, 2500, 4096, 64, 1089, 25, 529, 9, 25, 0, 36, 9, 1, 169, 36, 36, 1, 4, 100, 1, 4, 441, 16, 256, 36, 4, 9, 1, 36, 64, 49, 100, 529, 100, 361, 4, 196, 36, 4, 1225, 36, 81, 1156, 400, 81, 16, 49, 49, 4, 400, 144, 324, 25, 4, 25, 1225, 961, 9, 225, 100, 324, 196, 25, 4, 9, 121, 64, 4, 4, 676, 121, 100, 36, 121, 1, 196, 81, 9, 16, 324, 2401, 1, 9, 1681, 49, 64, 2704, 1, 324, 9, 9, 16, 1, 49, 16, 9, 289, 25, 25, 25, 36, 9]

pred: 9629 [41, 210, 78, 118, 72, 26, 43, 98, 48, 81, 122, 25, 29, 51, 54, 26, 225, 74, 153, 51, 66, 76, 96, 45, 58, 22, 105, 41, 149, 152, 50, 88, 60, 56, 211, 67, 63, 30, 52, 44, 41, 114, 75, 43, 31, 67, 36, 57, 81, 101, 40, 86, 65, 21, 46, 20, 92, 68, 48, 87, 257, 40, 129, 93, 110, 25, 73, 177, 114, 39, 169, 90, 68, 26, 32, 19, 37, 147, 46, 29, 36, 30, 116, 96, 232, 71, 123, 86, 0, 51, 38, 44, 69, 73, 99, 59, 14, 73, 67, 103, 50, 89, 30, 154, 158, 33, 22, 29, 69, 90, 62, 182, 69, 117, 133, 47, 101, 54, 34, 45, 44, 86, 31, 45, 31, 43, 52, 36, 70, 48]
real: 11073 [46, 240, 93, 136, 73, 38, 46, 102, 54, 84, 134, 29, 30, 54, 56, 26, 268, 79, 173, 58, 96, 81, 126, 49, 95, 26, 123, 43, 168, 202, 114, 96, 93, 61, 234, 64, 68, 30, 58, 47, 40, 127, 81, 49, 32, 69, 46, 58, 83, 122, 44, 102, 71, 23, 49, 19, 98, 76, 55, 97, 280, 50, 148, 95, 124, 31, 75, 212, 120, 48, 203, 110, 77, 30, 39, 26, 39, 167, 58, 47, 41, 32, 121, 131, 263, 74, 138, 96, 18, 65, 43, 46, 72, 84, 107, 61, 16, 99, 78, 113, 56, 100, 29, 168, 167, 36, 26, 47, 118, 91, 65, 223, 76, 125, 185, 48, 119, 57, 37, 49, 43, 93, 35, 48, 48, 48, 57, 41, 76, 51]

grid_scale: 0.4
resize_scale: 0.5
confiance: 0.55

random_seed: 1011
data_augmentation: True
samples: 130
