MAE: 5.638461538461539 [5, 18, 3, 7, 6, 1, 6, 12, 4, 8, 8, 0, 0, 13, 3, 6, 22, 11, 5, 0, 7, 4, 1, 3, 1, 2, 0, 1, 2, 3, 23, 2, 3, 8, 23, 19, 7, 0, 4, 1, 4, 5, 11, 4, 4, 5, 1, 9, 8, 0, 3, 7, 2, 0, 3, 1, 4, 2, 5, 0, 37, 2, 9, 5, 4, 2, 8, 21, 6, 2, 15, 3, 0, 1, 5, 4, 2, 6, 1, 7, 5, 2, 7, 3, 14, 6, 14, 1, 18, 1, 0, 3, 8, 0, 4, 6, 1, 2, 2, 10, 5, 6, 4, 6, 6, 2, 3, 5, 12, 7, 6, 16, 4, 8, 6, 3, 5, 0, 2, 1, 10, 5, 4, 2, 7, 5, 2, 1, 3, 10]
MAPE: 7.596626189597065 [10.869565217391305, 7.5, 3.225806451612903, 5.147058823529411, 8.21917808219178, 2.631578947368421, 13.043478260869565, 11.76470588235294, 7.4074074074074066, 9.523809523809524, 5.970149253731343, 0.0, 0.0, 24.074074074074073, 5.357142857142857, 23.076923076923077, 8.208955223880597, 13.924050632911392, 2.8901734104046244, 0.0, 7.291666666666667, 4.938271604938271, 0.7936507936507936, 6.122448979591836, 1.0526315789473684, 7.6923076923076925, 0.0, 2.3255813953488373, 1.1904761904761905, 1.4851485148514851, 20.175438596491226, 2.083333333333333, 3.225806451612903, 13.114754098360656, 9.82905982905983, 29.6875, 10.294117647058822, 0.0, 6.896551724137931, 2.127659574468085, 10.0, 3.937007874015748, 13.580246913580247, 8.16326530612245, 12.5, 7.246376811594203, 2.1739130434782608, 15.517241379310345, 9.63855421686747, 0.0, 6.8181818181818175, 6.862745098039216, 2.8169014084507045, 0.0, 6.122448979591836, 5.263157894736842, 4.081632653061225, 2.631578947368421, 9.090909090909092, 0.0, 13.214285714285715, 4.0, 6.081081081081082, 5.263157894736842, 3.225806451612903, 6.451612903225806, 10.666666666666668, 9.90566037735849, 5.0, 4.166666666666666, 7.389162561576355, 2.727272727272727, 0.0, 3.3333333333333335, 12.82051282051282, 15.384615384615385, 5.128205128205128, 3.592814371257485, 1.7241379310344827, 14.893617021276595, 12.195121951219512, 6.25, 5.785123966942149, 2.2900763358778624, 5.323193916349809, 8.108108108108109, 10.144927536231885, 1.0416666666666665, 100.0, 1.5384615384615385, 0.0, 6.521739130434782, 11.11111111111111, 0.0, 3.7383177570093453, 9.836065573770492, 6.25, 2.0202020202020203, 2.564102564102564, 8.849557522123893, 8.928571428571429, 6.0, 13.793103448275861, 3.571428571428571, 3.592814371257485, 5.555555555555555, 11.538461538461538, 10.638297872340425, 10.16949152542373, 7.6923076923076925, 9.230769230769232, 7.174887892376682, 5.263157894736842, 6.4, 3.2432432432432434, 6.25, 4.201680672268908, 0.0, 5.405405405405405, 2.0408163265306123, 23.25581395348837, 5.376344086021505, 11.428571428571429, 4.166666666666666, 14.583333333333334, 10.416666666666668, 3.508771929824561, 2.4390243902439024, 3.9473684210526314, 19.607843137254903]
RMSE: 8.035976796688942 [25, 324, 9, 49, 36, 1, 36, 144, 16, 64, 64, 0, 0, 169, 9, 36, 484, 121, 25, 0, 49, 16, 1, 9, 1, 4, 0, 1, 4, 9, 529, 4, 9, 64, 529, 361, 49, 0, 16, 1, 16, 25, 121, 16, 16, 25, 1, 81, 64, 0, 9, 49, 4, 0, 9, 1, 16, 4, 25, 0, 1369, 4, 81, 25, 16, 4, 64, 441, 36, 4, 225, 9, 0, 1, 25, 16, 4, 36, 1, 49, 25, 4, 49, 9, 196, 36, 196, 1, 324, 1, 0, 9, 64, 0, 16, 36, 1, 4, 4, 100, 25, 36, 16, 36, 36, 4, 9, 25, 144, 49, 36, 256, 16, 64, 36, 9, 25, 0, 4, 1, 100, 25, 16, 4, 49, 25, 4, 1, 9, 100]

pred: 11564 [51, 258, 96, 143, 79, 37, 52, 114, 58, 92, 142, 29, 30, 67, 59, 32, 290, 90, 178, 58, 89, 85, 127, 52, 94, 28, 123, 44, 170, 205, 91, 98, 90, 69, 257, 83, 75, 30, 62, 46, 44, 132, 92, 53, 28, 74, 45, 67, 91, 122, 47, 109, 73, 23, 52, 20, 102, 78, 50, 97, 317, 52, 157, 100, 128, 33, 83, 233, 126, 46, 218, 113, 77, 29, 34, 22, 41, 173, 57, 40, 36, 34, 128, 134, 277, 80, 152, 97, 0, 64, 43, 49, 80, 84, 111, 67, 15, 101, 80, 123, 61, 106, 33, 174, 173, 38, 29, 42, 106, 98, 71, 239, 80, 133, 179, 51, 124, 57, 39, 50, 53, 98, 39, 50, 41, 53, 59, 42, 79, 61]
real: 11073 [46, 240, 93, 136, 73, 38, 46, 102, 54, 84, 134, 29, 30, 54, 56, 26, 268, 79, 173, 58, 96, 81, 126, 49, 95, 26, 123, 43, 168, 202, 114, 96, 93, 61, 234, 64, 68, 30, 58, 47, 40, 127, 81, 49, 32, 69, 46, 58, 83, 122, 44, 102, 71, 23, 49, 19, 98, 76, 55, 97, 280, 50, 148, 95, 124, 31, 75, 212, 120, 48, 203, 110, 77, 30, 39, 26, 39, 167, 58, 47, 41, 32, 121, 131, 263, 74, 138, 96, 18, 65, 43, 46, 72, 84, 107, 61, 16, 99, 78, 113, 56, 100, 29, 168, 167, 36, 26, 47, 118, 91, 65, 223, 76, 125, 185, 48, 119, 57, 37, 49, 43, 93, 35, 48, 48, 48, 57, 41, 76, 51]

grid_scale: 0.4
resize_scale: 0.5
confiance: 0.35

random_seed: 1011
data_augmentation: True
samples: 130
