MAE: 4.438461538461539 [3, 1, 5, 2, 2, 13, 1, 7, 2, 1, 3, 4, 2, 2, 4, 1, 4, 2, 14, 3, 11, 2, 5, 1, 11, 1, 4, 1, 4, 12, 33, 1, 11, 2, 10, 8, 5, 1, 2, 2, 2, 9, 6, 0, 7, 4, 7, 10, 2, 6, 1, 5, 2, 3, 3, 2, 0, 0, 5, 1, 28, 3, 3, 5, 2, 3, 0, 1, 4, 9, 8, 10, 3, 3, 0, 4, 0, 4, 3, 9, 5, 1, 3, 16, 5, 2, 5, 1, 18, 5, 1, 0, 2, 4, 0, 3, 0, 8, 4, 3, 4, 4, 2, 1, 2, 1, 0, 11, 23, 0, 2, 1, 4, 0, 18, 1, 3, 1, 0, 1, 5, 2, 1, 0, 9, 4, 3, 3, 3, 2]
MAPE: 6.507712106708974 [6.521739130434782, 0.4166666666666667, 5.376344086021505, 1.4705882352941175, 2.73972602739726, 34.21052631578947, 2.1739130434782608, 6.862745098039216, 3.7037037037037033, 1.1904761904761905, 2.2388059701492535, 13.793103448275861, 6.666666666666667, 3.7037037037037033, 7.142857142857142, 3.8461538461538463, 1.4925373134328357, 2.5316455696202533, 8.092485549132949, 5.172413793103448, 11.458333333333332, 2.4691358024691357, 3.968253968253968, 2.0408163265306123, 11.578947368421053, 3.8461538461538463, 3.2520325203252036, 2.3255813953488373, 2.380952380952381, 5.9405940594059405, 28.947368421052634, 1.0416666666666665, 11.827956989247312, 3.278688524590164, 4.273504273504273, 12.5, 7.352941176470589, 3.3333333333333335, 3.4482758620689653, 4.25531914893617, 5.0, 7.086614173228346, 7.4074074074074066, 0.0, 21.875, 5.797101449275362, 15.217391304347828, 17.24137931034483, 2.4096385542168677, 4.918032786885246, 2.272727272727273, 4.901960784313726, 2.8169014084507045, 13.043478260869565, 6.122448979591836, 10.526315789473683, 0.0, 0.0, 9.090909090909092, 1.0309278350515463, 10.0, 6.0, 2.027027027027027, 5.263157894736842, 1.6129032258064515, 9.67741935483871, 0.0, 0.4716981132075472, 3.3333333333333335, 18.75, 3.9408866995073892, 9.090909090909092, 3.896103896103896, 10.0, 0.0, 15.384615384615385, 0.0, 2.3952095808383236, 5.172413793103448, 19.148936170212767, 12.195121951219512, 3.125, 2.479338842975207, 12.213740458015266, 1.9011406844106464, 2.7027027027027026, 3.6231884057971016, 1.0416666666666665, 100.0, 7.6923076923076925, 2.3255813953488373, 0.0, 2.7777777777777777, 4.761904761904762, 0.0, 4.918032786885246, 0.0, 8.080808080808081, 5.128205128205128, 2.6548672566371683, 7.142857142857142, 4.0, 6.896551724137931, 0.5952380952380952, 1.1976047904191618, 2.7777777777777777, 0.0, 23.404255319148938, 19.491525423728813, 0.0, 3.076923076923077, 0.4484304932735426, 5.263157894736842, 0.0, 9.72972972972973, 2.083333333333333, 2.5210084033613445, 1.7543859649122806, 0.0, 2.0408163265306123, 11.627906976744185, 2.1505376344086025, 2.857142857142857, 0.0, 18.75, 8.333333333333332, 5.263157894736842, 7.317073170731707, 3.9473684210526314, 3.9215686274509802]
RMSE: 6.861823036527201 [9, 1, 25, 4, 4, 169, 1, 49, 4, 1, 9, 16, 4, 4, 16, 1, 16, 4, 196, 9, 121, 4, 25, 1, 121, 1, 16, 1, 16, 144, 1089, 1, 121, 4, 100, 64, 25, 1, 4, 4, 4, 81, 36, 0, 49, 16, 49, 100, 4, 36, 1, 25, 4, 9, 9, 4, 0, 0, 25, 1, 784, 9, 9, 25, 4, 9, 0, 1, 16, 81, 64, 100, 9, 9, 0, 16, 0, 16, 9, 81, 25, 1, 9, 256, 25, 4, 25, 1, 324, 25, 1, 0, 4, 16, 0, 9, 0, 64, 16, 9, 16, 16, 4, 1, 4, 1, 0, 121, 529, 0, 4, 1, 16, 0, 324, 1, 9, 1, 0, 1, 25, 4, 1, 0, 81, 16, 9, 9, 9, 4]

pred: 10824 [43, 239, 88, 138, 75, 25, 47, 109, 52, 85, 137, 25, 28, 56, 60, 27, 272, 77, 159, 55, 85, 83, 121, 48, 84, 25, 119, 42, 164, 190, 81, 97, 82, 63, 244, 72, 63, 31, 60, 45, 42, 118, 87, 49, 25, 73, 39, 68, 85, 116, 45, 97, 69, 20, 52, 21, 98, 76, 50, 96, 308, 47, 151, 100, 126, 28, 75, 213, 116, 39, 195, 100, 74, 27, 39, 22, 39, 163, 55, 38, 36, 33, 118, 115, 268, 76, 133, 97, 0, 70, 42, 46, 74, 80, 107, 64, 16, 91, 74, 116, 60, 96, 31, 167, 169, 35, 26, 36, 95, 91, 63, 222, 72, 125, 167, 47, 116, 56, 37, 50, 48, 95, 34, 48, 39, 52, 54, 38, 73, 49]
real: 11073 [46, 240, 93, 136, 73, 38, 46, 102, 54, 84, 134, 29, 30, 54, 56, 26, 268, 79, 173, 58, 96, 81, 126, 49, 95, 26, 123, 43, 168, 202, 114, 96, 93, 61, 234, 64, 68, 30, 58, 47, 40, 127, 81, 49, 32, 69, 46, 58, 83, 122, 44, 102, 71, 23, 49, 19, 98, 76, 55, 97, 280, 50, 148, 95, 124, 31, 75, 212, 120, 48, 203, 110, 77, 30, 39, 26, 39, 167, 58, 47, 41, 32, 121, 131, 263, 74, 138, 96, 18, 65, 43, 46, 72, 84, 107, 61, 16, 99, 78, 113, 56, 100, 29, 168, 167, 36, 26, 47, 118, 91, 65, 223, 76, 125, 185, 48, 119, 57, 37, 49, 43, 93, 35, 48, 48, 48, 57, 41, 76, 51]

grid_scale: 0.4
resize_scale: 0.5
confiance: 0.45

random_seed: 1011
data_augmentation: True
samples: 130
