MAE: 5.038461538461538 [7, 7, 3, 8, 5, 10, 4, 8, 1, 8, 6, 2, 2, 2, 8, 5, 18, 13, 16, 0, 0, 0, 1, 2, 2, 3, 4, 1, 7, 5, 3, 4, 0, 8, 18, 13, 10, 5, 0, 3, 4, 1, 13, 3, 3, 6, 2, 12, 4, 9, 3, 4, 1, 2, 10, 5, 5, 2, 4, 5, 32, 3, 8, 10, 0, 1, 8, 7, 4, 0, 10, 10, 1, 0, 5, 0, 1, 4, 1, 4, 3, 3, 6, 3, 20, 2, 10, 6, 15, 2, 2, 7, 6, 3, 3, 6, 1, 0, 1, 5, 3, 6, 5, 6, 4, 0, 5, 2, 15, 5, 2, 6, 3, 5, 3, 4, 3, 1, 2, 3, 5, 7, 1, 3, 3, 5, 8, 4, 1, 2]
MAPE: 7.275681814899125 [15.217391304347828, 2.9166666666666665, 3.225806451612903, 5.88235294117647, 6.8493150684931505, 26.31578947368421, 8.695652173913043, 7.8431372549019605, 1.8518518518518516, 9.523809523809524, 4.477611940298507, 6.896551724137931, 6.666666666666667, 3.7037037037037033, 14.285714285714285, 19.230769230769234, 6.7164179104477615, 16.455696202531644, 9.248554913294797, 0.0, 0.0, 0.0, 0.7936507936507936, 4.081632653061225, 2.1052631578947367, 11.538461538461538, 3.2520325203252036, 2.3255813953488373, 4.166666666666666, 2.4752475247524752, 2.631578947368421, 4.166666666666666, 0.0, 13.114754098360656, 7.6923076923076925, 20.3125, 14.705882352941178, 16.666666666666664, 0.0, 6.382978723404255, 10.0, 0.7874015748031495, 16.049382716049383, 6.122448979591836, 9.375, 8.695652173913043, 4.3478260869565215, 20.689655172413794, 4.819277108433735, 7.377049180327869, 6.8181818181818175, 3.9215686274509802, 1.4084507042253522, 8.695652173913043, 20.408163265306122, 26.31578947368421, 5.1020408163265305, 2.631578947368421, 7.2727272727272725, 5.154639175257731, 11.428571428571429, 6.0, 5.405405405405405, 10.526315789473683, 0.0, 3.225806451612903, 10.666666666666668, 3.30188679245283, 3.3333333333333335, 0.0, 4.926108374384237, 9.090909090909092, 1.2987012987012987, 0.0, 12.82051282051282, 0.0, 2.564102564102564, 2.3952095808383236, 1.7241379310344827, 8.51063829787234, 7.317073170731707, 9.375, 4.958677685950414, 2.2900763358778624, 7.604562737642586, 2.7027027027027026, 7.246376811594203, 6.25, 83.33333333333334, 3.076923076923077, 4.651162790697675, 15.217391304347828, 8.333333333333332, 3.571428571428571, 2.803738317757009, 9.836065573770492, 6.25, 0.0, 1.282051282051282, 4.424778761061947, 5.357142857142857, 6.0, 17.24137931034483, 3.571428571428571, 2.3952095808383236, 0.0, 19.230769230769234, 4.25531914893617, 12.711864406779661, 5.4945054945054945, 3.076923076923077, 2.690582959641256, 3.9473684210526314, 4.0, 1.6216216216216217, 8.333333333333332, 2.5210084033613445, 1.7543859649122806, 5.405405405405405, 6.122448979591836, 11.627906976744185, 7.526881720430108, 2.857142857142857, 6.25, 6.25, 10.416666666666668, 14.035087719298245, 9.75609756097561, 1.3157894736842104, 3.9215686274509802]
RMSE: 6.893140402993734 [49, 49, 9, 64, 25, 100, 16, 64, 1, 64, 36, 4, 4, 4, 64, 25, 324, 169, 256, 0, 0, 0, 1, 4, 4, 9, 16, 1, 49, 25, 9, 16, 0, 64, 324, 169, 100, 25, 0, 9, 16, 1, 169, 9, 9, 36, 4, 144, 16, 81, 9, 16, 1, 4, 100, 25, 25, 4, 16, 25, 1024, 9, 64, 100, 0, 1, 64, 49, 16, 0, 100, 100, 1, 0, 25, 0, 1, 16, 1, 16, 9, 9, 36, 9, 400, 4, 100, 36, 225, 4, 4, 49, 36, 9, 9, 36, 1, 0, 1, 25, 9, 36, 25, 36, 16, 0, 25, 4, 225, 25, 4, 36, 9, 25, 9, 16, 9, 1, 4, 9, 25, 49, 1, 9, 9, 25, 64, 16, 1, 4]

pred: 11536 [53, 247, 96, 144, 78, 28, 50, 110, 53, 92, 140, 31, 32, 56, 64, 31, 286, 92, 189, 58, 96, 81, 127, 51, 93, 29, 119, 44, 175, 197, 117, 100, 93, 69, 252, 77, 78, 35, 58, 50, 44, 128, 94, 52, 35, 75, 48, 70, 87, 131, 47, 106, 72, 25, 59, 24, 103, 74, 51, 102, 312, 53, 156, 105, 124, 32, 83, 219, 124, 48, 213, 100, 76, 30, 34, 26, 40, 171, 57, 43, 44, 35, 127, 128, 283, 76, 148, 102, 3, 67, 45, 53, 78, 81, 110, 67, 17, 99, 77, 118, 59, 106, 34, 174, 171, 36, 31, 45, 103, 96, 67, 229, 79, 130, 182, 52, 122, 56, 39, 52, 48, 100, 36, 51, 45, 53, 65, 45, 75, 53]
real: 11073 [46, 240, 93, 136, 73, 38, 46, 102, 54, 84, 134, 29, 30, 54, 56, 26, 268, 79, 173, 58, 96, 81, 126, 49, 95, 26, 123, 43, 168, 202, 114, 96, 93, 61, 234, 64, 68, 30, 58, 47, 40, 127, 81, 49, 32, 69, 46, 58, 83, 122, 44, 102, 71, 23, 49, 19, 98, 76, 55, 97, 280, 50, 148, 95, 124, 31, 75, 212, 120, 48, 203, 110, 77, 30, 39, 26, 39, 167, 58, 47, 41, 32, 121, 131, 263, 74, 138, 96, 18, 65, 43, 46, 72, 84, 107, 61, 16, 99, 78, 113, 56, 100, 29, 168, 167, 36, 26, 47, 118, 91, 65, 223, 76, 125, 185, 48, 119, 57, 37, 49, 43, 93, 35, 48, 48, 48, 57, 41, 76, 51]

grid_scale: 0.4
resize_scale: 0.5
confiance: 0.35

random_seed: 1011
data_augmentation: True
samples: 130
