MAE: 7.1923076923076925 [4, 14, 7, 5, 4, 15, 1, 1, 5, 1, 4, 4, 0, 1, 1, 0, 25, 9, 17, 7, 21, 5, 20, 2, 26, 0, 8, 2, 8, 25, 60, 4, 23, 1, 3, 3, 4, 2, 1, 3, 1, 15, 4, 0, 0, 2, 6, 5, 0, 6, 3, 11, 7, 4, 2, 1, 3, 4, 5, 5, 6, 4, 9, 1, 8, 2, 5, 13, 5, 6, 30, 14, 5, 5, 3, 4, 4, 23, 4, 10, 9, 1, 0, 29, 16, 0, 16, 3, 18, 3, 3, 3, 1, 5, 4, 4, 4, 13, 6, 1, 3, 8, 1, 3, 0, 1, 4, 14, 47, 2, 2, 19, 5, 4, 33, 0, 8, 3, 1, 1, 4, 1, 1, 2, 19, 3, 4, 2, 7, 3]
MAPE: 9.054456698957306 [8.695652173913043, 5.833333333333333, 7.526881720430108, 3.6764705882352944, 5.47945205479452, 39.473684210526315, 2.1739130434782608, 0.9803921568627451, 9.25925925925926, 1.1904761904761905, 2.9850746268656714, 13.793103448275861, 0.0, 1.8518518518518516, 1.7857142857142856, 0.0, 9.328358208955224, 11.39240506329114, 9.826589595375722, 12.068965517241379, 21.875, 6.172839506172839, 15.873015873015872, 4.081632653061225, 27.368421052631582, 0.0, 6.504065040650407, 4.651162790697675, 4.761904761904762, 12.376237623762377, 52.63157894736842, 4.166666666666666, 24.731182795698924, 1.639344262295082, 1.282051282051282, 4.6875, 5.88235294117647, 6.666666666666667, 1.7241379310344827, 6.382978723404255, 2.5, 11.811023622047244, 4.938271604938271, 0.0, 0.0, 2.898550724637681, 13.043478260869565, 8.620689655172415, 0.0, 4.918032786885246, 6.8181818181818175, 10.784313725490197, 9.859154929577464, 17.391304347826086, 4.081632653061225, 5.263157894736842, 3.061224489795918, 5.263157894736842, 9.090909090909092, 5.154639175257731, 2.142857142857143, 8.0, 6.081081081081082, 1.0526315789473684, 6.451612903225806, 6.451612903225806, 6.666666666666667, 6.132075471698113, 4.166666666666666, 12.5, 14.77832512315271, 12.727272727272727, 6.493506493506493, 16.666666666666664, 7.6923076923076925, 15.384615384615385, 10.256410256410255, 13.77245508982036, 6.896551724137931, 21.27659574468085, 21.951219512195124, 3.125, 0.0, 22.137404580152673, 6.083650190114068, 0.0, 11.594202898550725, 3.125, 100.0, 4.615384615384616, 6.976744186046512, 6.521739130434782, 1.3888888888888888, 5.952380952380952, 3.7383177570093453, 6.557377049180328, 25.0, 13.131313131313133, 7.6923076923076925, 0.8849557522123894, 5.357142857142857, 8.0, 3.4482758620689653, 1.7857142857142856, 0.0, 2.7777777777777777, 15.384615384615385, 29.78723404255319, 39.83050847457627, 2.197802197802198, 3.076923076923077, 8.520179372197308, 6.578947368421052, 3.2, 17.83783783783784, 0.0, 6.722689075630252, 5.263157894736842, 2.7027027027027026, 2.0408163265306123, 9.30232558139535, 1.0752688172043012, 2.857142857142857, 4.166666666666666, 39.58333333333333, 6.25, 7.017543859649122, 4.878048780487805, 9.210526315789473, 5.88235294117647]
RMSE: 11.655635810793255 [16, 196, 49, 25, 16, 225, 1, 1, 25, 1, 16, 16, 0, 1, 1, 0, 625, 81, 289, 49, 441, 25, 400, 4, 676, 0, 64, 4, 64, 625, 3600, 16, 529, 1, 9, 9, 16, 4, 1, 9, 1, 225, 16, 0, 0, 4, 36, 25, 0, 36, 9, 121, 49, 16, 4, 1, 9, 16, 25, 25, 36, 16, 81, 1, 64, 4, 25, 169, 25, 36, 900, 196, 25, 25, 9, 16, 16, 529, 16, 100, 81, 1, 0, 841, 256, 0, 256, 9, 324, 9, 9, 9, 1, 25, 16, 16, 16, 169, 36, 1, 9, 64, 1, 9, 0, 1, 16, 196, 2209, 4, 4, 361, 25, 16, 1089, 0, 64, 9, 1, 1, 16, 1, 1, 4, 361, 9, 16, 4, 49, 9]

pred: 10208 [42, 226, 86, 131, 77, 23, 45, 103, 49, 83, 130, 25, 30, 55, 57, 26, 243, 70, 156, 51, 75, 76, 106, 47, 69, 26, 115, 41, 160, 177, 54, 92, 70, 60, 231, 67, 64, 28, 57, 44, 41, 112, 77, 49, 32, 67, 40, 63, 83, 116, 41, 91, 64, 19, 47, 20, 95, 72, 50, 92, 286, 46, 139, 94, 116, 29, 70, 199, 115, 42, 173, 96, 72, 25, 36, 22, 35, 144, 54, 37, 32, 31, 121, 102, 247, 74, 122, 93, 0, 62, 40, 43, 73, 79, 103, 65, 12, 86, 72, 112, 53, 92, 30, 165, 167, 35, 22, 33, 71, 89, 63, 204, 71, 121, 152, 48, 111, 54, 36, 48, 47, 92, 34, 50, 29, 45, 53, 39, 69, 48]
real: 11073 [46, 240, 93, 136, 73, 38, 46, 102, 54, 84, 134, 29, 30, 54, 56, 26, 268, 79, 173, 58, 96, 81, 126, 49, 95, 26, 123, 43, 168, 202, 114, 96, 93, 61, 234, 64, 68, 30, 58, 47, 40, 127, 81, 49, 32, 69, 46, 58, 83, 122, 44, 102, 71, 23, 49, 19, 98, 76, 55, 97, 280, 50, 148, 95, 124, 31, 75, 212, 120, 48, 203, 110, 77, 30, 39, 26, 39, 167, 58, 47, 41, 32, 121, 131, 263, 74, 138, 96, 18, 65, 43, 46, 72, 84, 107, 61, 16, 99, 78, 113, 56, 100, 29, 168, 167, 36, 26, 47, 118, 91, 65, 223, 76, 125, 185, 48, 119, 57, 37, 49, 43, 93, 35, 48, 48, 48, 57, 41, 76, 51]

grid_scale: 0.45
resize_scale: 0.5
confiance: 0.5

random_seed: 1011
data_augmentation: True
samples: 130
