MAE: 5.507692307692308 [2, 15, 5, 5, 0, 12, 0, 2, 2, 2, 4, 5, 3, 0, 1, 0, 10, 1, 14, 4, 7, 4, 17, 2, 9, 1, 7, 2, 6, 23, 12, 0, 8, 0, 10, 6, 4, 1, 2, 1, 0, 8, 1, 2, 1, 0, 2, 4, 6, 8, 1, 9, 4, 2, 2, 1, 3, 3, 7, 2, 4, 1, 11, 3, 13, 2, 0, 14, 1, 10, 16, 17, 7, 5, 6, 1, 1, 14, 5, 14, 4, 1, 1, 17, 7, 1, 7, 3, 14, 3, 3, 3, 1, 8, 1, 7, 3, 11, 12, 2, 2, 6, 1, 12, 4, 1, 2, 7, 45, 3, 0, 20, 7, 8, 30, 0, 8, 5, 2, 3, 1, 0, 4, 0, 6, 0, 2, 2, 4, 2]
MAPE: 6.974089444515413 [4.3478260869565215, 6.25, 5.376344086021505, 3.6764705882352944, 0.0, 31.57894736842105, 0.0, 1.9607843137254901, 3.7037037037037033, 2.380952380952381, 2.9850746268656714, 17.24137931034483, 10.0, 0.0, 1.7857142857142856, 0.0, 3.731343283582089, 1.2658227848101267, 8.092485549132949, 6.896551724137931, 7.291666666666667, 4.938271604938271, 13.492063492063492, 4.081632653061225, 9.473684210526317, 3.8461538461538463, 5.691056910569105, 4.651162790697675, 3.571428571428571, 11.386138613861387, 10.526315789473683, 0.0, 8.60215053763441, 0.0, 4.273504273504273, 9.375, 5.88235294117647, 3.3333333333333335, 3.4482758620689653, 2.127659574468085, 0.0, 6.299212598425196, 1.2345679012345678, 4.081632653061225, 3.125, 0.0, 4.3478260869565215, 6.896551724137931, 7.228915662650602, 6.557377049180328, 2.272727272727273, 8.823529411764707, 5.633802816901409, 8.695652173913043, 4.081632653061225, 5.263157894736842, 3.061224489795918, 3.9473684210526314, 12.727272727272727, 2.0618556701030926, 1.4285714285714286, 2.0, 7.4324324324324325, 3.1578947368421053, 10.483870967741936, 6.451612903225806, 0.0, 6.60377358490566, 0.8333333333333334, 20.833333333333336, 7.8817733990147785, 15.454545454545453, 9.090909090909092, 16.666666666666664, 15.384615384615385, 3.8461538461538463, 2.564102564102564, 8.383233532934131, 8.620689655172415, 29.78723404255319, 9.75609756097561, 3.125, 0.8264462809917356, 12.977099236641221, 2.6615969581749046, 1.3513513513513513, 5.072463768115942, 3.125, 77.77777777777779, 4.615384615384616, 6.976744186046512, 6.521739130434782, 1.3888888888888888, 9.523809523809524, 0.9345794392523363, 11.475409836065573, 18.75, 11.11111111111111, 15.384615384615385, 1.7699115044247788, 3.571428571428571, 6.0, 3.4482758620689653, 7.142857142857142, 2.3952095808383236, 2.7777777777777777, 7.6923076923076925, 14.893617021276595, 38.13559322033898, 3.296703296703297, 0.0, 8.968609865470851, 9.210526315789473, 6.4, 16.216216216216218, 0.0, 6.722689075630252, 8.771929824561402, 5.405405405405405, 6.122448979591836, 2.3255813953488373, 0.0, 11.428571428571429, 0.0, 12.5, 0.0, 3.508771929824561, 4.878048780487805, 5.263157894736842, 3.9215686274509802]
RMSE: 8.411530547637936 [4, 225, 25, 25, 0, 144, 0, 4, 4, 4, 16, 25, 9, 0, 1, 0, 100, 1, 196, 16, 49, 16, 289, 4, 81, 1, 49, 4, 36, 529, 144, 0, 64, 0, 100, 36, 16, 1, 4, 1, 0, 64, 1, 4, 1, 0, 4, 16, 36, 64, 1, 81, 16, 4, 4, 1, 9, 9, 49, 4, 16, 1, 121, 9, 169, 4, 0, 196, 1, 100, 256, 289, 49, 25, 36, 1, 1, 196, 25, 196, 16, 1, 1, 289, 49, 1, 49, 9, 196, 9, 9, 9, 1, 64, 1, 49, 9, 121, 144, 4, 4, 36, 1, 144, 16, 1, 4, 49, 2025, 9, 0, 400, 49, 64, 900, 0, 64, 25, 4, 9, 1, 0, 16, 0, 36, 0, 4, 4, 16, 4]

pred: 10431 [44, 225, 88, 131, 73, 26, 46, 104, 52, 82, 130, 24, 27, 54, 55, 26, 258, 80, 159, 54, 89, 77, 109, 47, 86, 25, 116, 41, 162, 179, 102, 96, 85, 61, 224, 70, 64, 29, 60, 46, 40, 119, 80, 47, 33, 69, 44, 62, 77, 114, 43, 93, 67, 21, 47, 20, 101, 73, 48, 95, 276, 49, 137, 92, 111, 29, 75, 198, 119, 38, 187, 93, 70, 25, 33, 25, 38, 153, 53, 33, 37, 33, 120, 114, 256, 73, 131, 93, 4, 62, 40, 43, 73, 76, 106, 68, 19, 88, 66, 111, 54, 94, 30, 156, 163, 35, 24, 40, 73, 94, 65, 203, 69, 117, 155, 48, 111, 52, 35, 46, 44, 93, 31, 48, 42, 48, 55, 39, 72, 49]
real: 11073 [46, 240, 93, 136, 73, 38, 46, 102, 54, 84, 134, 29, 30, 54, 56, 26, 268, 79, 173, 58, 96, 81, 126, 49, 95, 26, 123, 43, 168, 202, 114, 96, 93, 61, 234, 64, 68, 30, 58, 47, 40, 127, 81, 49, 32, 69, 46, 58, 83, 122, 44, 102, 71, 23, 49, 19, 98, 76, 55, 97, 280, 50, 148, 95, 124, 31, 75, 212, 120, 48, 203, 110, 77, 30, 39, 26, 39, 167, 58, 47, 41, 32, 121, 131, 263, 74, 138, 96, 18, 65, 43, 46, 72, 84, 107, 61, 16, 99, 78, 113, 56, 100, 29, 168, 167, 36, 26, 47, 118, 91, 65, 223, 76, 125, 185, 48, 119, 57, 37, 49, 43, 93, 35, 48, 48, 48, 57, 41, 76, 51]

grid_scale: 0.35
resize_scale: 0.5
confiance: 0.55

random_seed: 1011
data_augmentation: True
samples: 130
