MAE: 6.407692307692308 [6, 15, 5, 9, 9, 11, 3, 14, 3, 5, 3, 3, 1, 7, 10, 6, 24, 10, 12, 3, 3, 7, 4, 9, 2, 2, 6, 2, 11, 2, 2, 11, 3, 12, 29, 25, 9, 1, 2, 4, 4, 6, 11, 0, 1, 6, 4, 10, 6, 8, 5, 5, 5, 1, 10, 5, 10, 3, 1, 4, 34, 4, 10, 9, 12, 3, 11, 8, 2, 1, 17, 6, 6, 0, 1, 1, 3, 9, 2, 0, 5, 2, 8, 5, 20, 8, 7, 4, 10, 8, 2, 7, 11, 1, 2, 6, 1, 5, 5, 9, 3, 6, 2, 9, 21, 7, 5, 0, 19, 10, 4, 1, 6, 6, 0, 6, 6, 2, 3, 2, 5, 3, 1, 6, 0, 5, 3, 6, 4, 7]
MAPE: 8.561806055271068 [13.043478260869565, 6.25, 5.376344086021505, 6.61764705882353, 12.32876712328767, 28.947368421052634, 6.521739130434782, 13.725490196078432, 5.555555555555555, 5.952380952380952, 2.2388059701492535, 10.344827586206897, 3.3333333333333335, 12.962962962962962, 17.857142857142858, 23.076923076923077, 8.955223880597014, 12.658227848101266, 6.9364161849710975, 5.172413793103448, 3.125, 8.641975308641975, 3.1746031746031744, 18.367346938775512, 2.1052631578947367, 7.6923076923076925, 4.878048780487805, 4.651162790697675, 6.547619047619048, 0.9900990099009901, 1.7543859649122806, 11.458333333333332, 3.225806451612903, 19.672131147540984, 12.393162393162394, 39.0625, 13.23529411764706, 3.3333333333333335, 3.4482758620689653, 8.51063829787234, 10.0, 4.724409448818897, 13.580246913580247, 0.0, 3.125, 8.695652173913043, 8.695652173913043, 17.24137931034483, 7.228915662650602, 6.557377049180328, 11.363636363636363, 4.901960784313726, 7.042253521126761, 4.3478260869565215, 20.408163265306122, 26.31578947368421, 10.204081632653061, 3.9473684210526314, 1.8181818181818181, 4.123711340206185, 12.142857142857142, 8.0, 6.756756756756757, 9.473684210526317, 9.67741935483871, 9.67741935483871, 14.666666666666666, 3.7735849056603774, 1.6666666666666667, 2.083333333333333, 8.374384236453201, 5.454545454545454, 7.792207792207792, 0.0, 2.564102564102564, 3.8461538461538463, 7.6923076923076925, 5.389221556886228, 3.4482758620689653, 0.0, 12.195121951219512, 6.25, 6.6115702479338845, 3.816793893129771, 7.604562737642586, 10.81081081081081, 5.072463768115942, 4.166666666666666, 55.55555555555556, 12.307692307692308, 4.651162790697675, 15.217391304347828, 15.277777777777779, 1.1904761904761905, 1.8691588785046727, 9.836065573770492, 6.25, 5.05050505050505, 6.41025641025641, 7.964601769911504, 5.357142857142857, 6.0, 6.896551724137931, 5.357142857142857, 12.574850299401197, 19.444444444444446, 19.230769230769234, 0.0, 16.101694915254235, 10.989010989010989, 6.153846153846154, 0.4484304932735426, 7.894736842105263, 4.8, 0.0, 12.5, 5.042016806722689, 3.508771929824561, 8.108108108108109, 4.081632653061225, 11.627906976744185, 3.225806451612903, 2.857142857142857, 12.5, 0.0, 10.416666666666668, 5.263157894736842, 14.634146341463413, 5.263157894736842, 13.725490196078432]
RMSE: 8.579492543716809 [36, 225, 25, 81, 81, 121, 9, 196, 9, 25, 9, 9, 1, 49, 100, 36, 576, 100, 144, 9, 9, 49, 16, 81, 4, 4, 36, 4, 121, 4, 4, 121, 9, 144, 841, 625, 81, 1, 4, 16, 16, 36, 121, 0, 1, 36, 16, 100, 36, 64, 25, 25, 25, 1, 100, 25, 100, 9, 1, 16, 1156, 16, 100, 81, 144, 9, 121, 64, 4, 1, 289, 36, 36, 0, 1, 1, 9, 81, 4, 0, 25, 4, 64, 25, 400, 64, 49, 16, 100, 64, 4, 49, 121, 1, 4, 36, 1, 25, 25, 81, 9, 36, 4, 81, 441, 49, 25, 0, 361, 100, 16, 1, 36, 36, 0, 36, 36, 4, 9, 4, 25, 9, 1, 36, 0, 25, 9, 36, 16, 49]

pred: 11766 [52, 255, 98, 145, 82, 27, 49, 116, 51, 89, 137, 32, 31, 61, 66, 32, 292, 89, 185, 55, 93, 88, 130, 58, 97, 28, 129, 45, 179, 200, 112, 107, 96, 73, 263, 89, 77, 31, 60, 51, 44, 133, 92, 49, 33, 75, 50, 68, 89, 130, 49, 107, 76, 22, 59, 24, 108, 79, 56, 101, 314, 54, 158, 104, 136, 34, 86, 220, 122, 47, 220, 104, 83, 30, 40, 27, 42, 176, 56, 47, 46, 34, 129, 136, 283, 82, 145, 100, 8, 73, 45, 53, 83, 85, 109, 67, 17, 94, 83, 122, 59, 106, 31, 177, 188, 43, 31, 47, 99, 101, 69, 224, 82, 131, 185, 54, 125, 55, 40, 51, 48, 96, 36, 54, 48, 53, 60, 47, 80, 58]
real: 11073 [46, 240, 93, 136, 73, 38, 46, 102, 54, 84, 134, 29, 30, 54, 56, 26, 268, 79, 173, 58, 96, 81, 126, 49, 95, 26, 123, 43, 168, 202, 114, 96, 93, 61, 234, 64, 68, 30, 58, 47, 40, 127, 81, 49, 32, 69, 46, 58, 83, 122, 44, 102, 71, 23, 49, 19, 98, 76, 55, 97, 280, 50, 148, 95, 124, 31, 75, 212, 120, 48, 203, 110, 77, 30, 39, 26, 39, 167, 58, 47, 41, 32, 121, 131, 263, 74, 138, 96, 18, 65, 43, 46, 72, 84, 107, 61, 16, 99, 78, 113, 56, 100, 29, 168, 167, 36, 26, 47, 118, 91, 65, 223, 76, 125, 185, 48, 119, 57, 37, 49, 43, 93, 35, 48, 48, 48, 57, 41, 76, 51]

grid_scale: 0.3
resize_scale: 0.5
confiance: 0.35

random_seed: 1011
data_augmentation: True
samples: 130
