MAE: 5.484615384615385 [3, 8, 0, 8, 9, 12, 2, 11, 3, 3, 6, 0, 2, 5, 6, 4, 17, 10, 7, 3, 3, 6, 0, 5, 2, 2, 1, 4, 7, 2, 3, 2, 0, 8, 27, 15, 11, 0, 4, 1, 6, 2, 15, 3, 4, 7, 4, 7, 11, 7, 2, 6, 1, 1, 8, 1, 4, 4, 7, 0, 50, 2, 5, 8, 11, 1, 4, 23, 4, 2, 12, 6, 0, 3, 1, 3, 4, 0, 2, 4, 5, 3, 4, 18, 17, 6, 11, 4, 14, 0, 1, 3, 3, 1, 0, 9, 4, 2, 1, 5, 4, 4, 3, 1, 1, 0, 5, 2, 12, 7, 3, 17, 0, 5, 2, 10, 9, 1, 2, 8, 2, 6, 0, 12, 5, 4, 3, 6, 1, 0]
MAPE: 7.59313893770708 [6.521739130434782, 3.3333333333333335, 0.0, 5.88235294117647, 12.32876712328767, 31.57894736842105, 4.3478260869565215, 10.784313725490197, 5.555555555555555, 3.571428571428571, 4.477611940298507, 0.0, 6.666666666666667, 9.25925925925926, 10.714285714285714, 15.384615384615385, 6.343283582089552, 12.658227848101266, 4.046242774566474, 5.172413793103448, 3.125, 7.4074074074074066, 0.0, 10.204081632653061, 2.1052631578947367, 7.6923076923076925, 0.8130081300813009, 9.30232558139535, 4.166666666666666, 0.9900990099009901, 2.631578947368421, 2.083333333333333, 0.0, 13.114754098360656, 11.538461538461538, 23.4375, 16.176470588235293, 0.0, 6.896551724137931, 2.127659574468085, 15.0, 1.574803149606299, 18.51851851851852, 6.122448979591836, 12.5, 10.144927536231885, 8.695652173913043, 12.068965517241379, 13.253012048192772, 5.737704918032787, 4.545454545454546, 5.88235294117647, 1.4084507042253522, 4.3478260869565215, 16.3265306122449, 5.263157894736842, 4.081632653061225, 5.263157894736842, 12.727272727272727, 0.0, 17.857142857142858, 4.0, 3.3783783783783785, 8.421052631578947, 8.870967741935484, 3.225806451612903, 5.333333333333334, 10.849056603773585, 3.3333333333333335, 4.166666666666666, 5.911330049261084, 5.454545454545454, 0.0, 10.0, 2.564102564102564, 11.538461538461538, 10.256410256410255, 0.0, 3.4482758620689653, 8.51063829787234, 12.195121951219512, 9.375, 3.3057851239669422, 13.740458015267176, 6.4638783269961975, 8.108108108108109, 7.971014492753622, 4.166666666666666, 77.77777777777779, 0.0, 2.3255813953488373, 6.521739130434782, 4.166666666666666, 1.1904761904761905, 0.0, 14.754098360655737, 25.0, 2.0202020202020203, 1.282051282051282, 4.424778761061947, 7.142857142857142, 4.0, 10.344827586206897, 0.5952380952380952, 0.5988023952095809, 0.0, 19.230769230769234, 4.25531914893617, 10.16949152542373, 7.6923076923076925, 4.615384615384616, 7.623318385650224, 0.0, 4.0, 1.0810810810810811, 20.833333333333336, 7.563025210084033, 1.7543859649122806, 5.405405405405405, 16.3265306122449, 4.651162790697675, 6.451612903225806, 0.0, 25.0, 10.416666666666668, 8.333333333333332, 5.263157894736842, 14.634146341463413, 1.3157894736842104, 0.0]
RMSE: 8.299675619240512 [9, 64, 0, 64, 81, 144, 4, 121, 9, 9, 36, 0, 4, 25, 36, 16, 289, 100, 49, 9, 9, 36, 0, 25, 4, 4, 1, 16, 49, 4, 9, 4, 0, 64, 729, 225, 121, 0, 16, 1, 36, 4, 225, 9, 16, 49, 16, 49, 121, 49, 4, 36, 1, 1, 64, 1, 16, 16, 49, 0, 2500, 4, 25, 64, 121, 1, 16, 529, 16, 4, 144, 36, 0, 9, 1, 9, 16, 0, 4, 16, 25, 9, 16, 324, 289, 36, 121, 16, 196, 0, 1, 9, 9, 1, 0, 81, 16, 4, 1, 25, 16, 16, 9, 1, 1, 0, 25, 4, 144, 49, 9, 289, 0, 25, 4, 100, 81, 1, 4, 64, 4, 36, 0, 144, 25, 16, 9, 36, 1, 0]

pred: 11628 [49, 248, 93, 144, 82, 26, 48, 113, 51, 87, 140, 29, 32, 59, 62, 30, 285, 89, 180, 61, 99, 87, 126, 54, 97, 28, 122, 47, 175, 204, 117, 98, 93, 69, 261, 79, 79, 30, 62, 46, 46, 125, 96, 52, 36, 76, 50, 65, 94, 129, 46, 108, 70, 22, 57, 20, 102, 80, 48, 97, 330, 52, 153, 103, 135, 30, 79, 235, 124, 46, 215, 104, 77, 33, 40, 29, 43, 167, 56, 43, 46, 35, 125, 149, 280, 80, 149, 100, 4, 65, 42, 49, 75, 85, 107, 70, 20, 101, 77, 118, 60, 104, 32, 169, 168, 36, 31, 49, 106, 98, 68, 240, 76, 130, 183, 58, 128, 58, 39, 57, 45, 99, 35, 60, 43, 52, 60, 47, 75, 51]
real: 11073 [46, 240, 93, 136, 73, 38, 46, 102, 54, 84, 134, 29, 30, 54, 56, 26, 268, 79, 173, 58, 96, 81, 126, 49, 95, 26, 123, 43, 168, 202, 114, 96, 93, 61, 234, 64, 68, 30, 58, 47, 40, 127, 81, 49, 32, 69, 46, 58, 83, 122, 44, 102, 71, 23, 49, 19, 98, 76, 55, 97, 280, 50, 148, 95, 124, 31, 75, 212, 120, 48, 203, 110, 77, 30, 39, 26, 39, 167, 58, 47, 41, 32, 121, 131, 263, 74, 138, 96, 18, 65, 43, 46, 72, 84, 107, 61, 16, 99, 78, 113, 56, 100, 29, 168, 167, 36, 26, 47, 118, 91, 65, 223, 76, 125, 185, 48, 119, 57, 37, 49, 43, 93, 35, 48, 48, 48, 57, 41, 76, 51]

grid_scale: 0.45
resize_scale: 0.5
confiance: 0.3

random_seed: 1011
data_augmentation: True
samples: 130
