MAE: 6.938461538461539 [4, 20, 4, 11, 7, 10, 4, 11, 2, 3, 11, 1, 1, 5, 5, 3, 26, 10, 9, 2, 7, 5, 8, 8, 3, 1, 5, 4, 12, 3, 16, 9, 6, 6, 24, 17, 8, 3, 7, 6, 6, 5, 17, 7, 3, 8, 5, 9, 5, 3, 6, 2, 5, 1, 6, 4, 6, 1, 5, 9, 52, 1, 16, 10, 8, 2, 2, 30, 9, 4, 11, 4, 4, 1, 4, 0, 4, 12, 2, 0, 4, 2, 8, 4, 26, 5, 16, 7, 16, 8, 2, 7, 9, 2, 3, 14, 0, 0, 3, 7, 8, 1, 3, 8, 17, 4, 6, 2, 1, 8, 4, 7, 7, 6, 6, 7, 4, 4, 9, 3, 6, 8, 2, 11, 1, 4, 2, 5, 3, 6]
MAPE: 9.115122242764858 [8.695652173913043, 8.333333333333332, 4.301075268817205, 8.088235294117647, 9.58904109589041, 26.31578947368421, 8.695652173913043, 10.784313725490197, 3.7037037037037033, 3.571428571428571, 8.208955223880597, 3.4482758620689653, 3.3333333333333335, 9.25925925925926, 8.928571428571429, 11.538461538461538, 9.701492537313433, 12.658227848101266, 5.202312138728324, 3.4482758620689653, 7.291666666666667, 6.172839506172839, 6.349206349206349, 16.3265306122449, 3.1578947368421053, 3.8461538461538463, 4.0650406504065035, 9.30232558139535, 7.142857142857142, 1.4851485148514851, 14.035087719298245, 9.375, 6.451612903225806, 9.836065573770492, 10.256410256410255, 26.5625, 11.76470588235294, 10.0, 12.068965517241379, 12.76595744680851, 15.0, 3.937007874015748, 20.98765432098765, 14.285714285714285, 9.375, 11.594202898550725, 10.869565217391305, 15.517241379310345, 6.024096385542169, 2.459016393442623, 13.636363636363635, 1.9607843137254901, 7.042253521126761, 4.3478260869565215, 12.244897959183673, 21.052631578947366, 6.122448979591836, 1.3157894736842104, 9.090909090909092, 9.278350515463918, 18.571428571428573, 2.0, 10.81081081081081, 10.526315789473683, 6.451612903225806, 6.451612903225806, 2.666666666666667, 14.150943396226415, 7.5, 8.333333333333332, 5.41871921182266, 3.6363636363636362, 5.194805194805195, 3.3333333333333335, 10.256410256410255, 0.0, 10.256410256410255, 7.18562874251497, 3.4482758620689653, 0.0, 9.75609756097561, 6.25, 6.6115702479338845, 3.0534351145038165, 9.885931558935361, 6.756756756756757, 11.594202898550725, 7.291666666666667, 88.88888888888889, 12.307692307692308, 4.651162790697675, 15.217391304347828, 12.5, 2.380952380952381, 2.803738317757009, 22.950819672131146, 0.0, 0.0, 3.8461538461538463, 6.1946902654867255, 14.285714285714285, 1.0, 10.344827586206897, 4.761904761904762, 10.179640718562874, 11.11111111111111, 23.076923076923077, 4.25531914893617, 0.847457627118644, 8.791208791208792, 6.153846153846154, 3.1390134529147984, 9.210526315789473, 4.8, 3.2432432432432434, 14.583333333333334, 3.361344537815126, 7.017543859649122, 24.324324324324326, 6.122448979591836, 13.953488372093023, 8.60215053763441, 5.714285714285714, 22.916666666666664, 2.083333333333333, 8.333333333333332, 3.508771929824561, 12.195121951219512, 3.9473684210526314, 11.76470588235294]
RMSE: 9.654811474875345 [16, 400, 16, 121, 49, 100, 16, 121, 4, 9, 121, 1, 1, 25, 25, 9, 676, 100, 81, 4, 49, 25, 64, 64, 9, 1, 25, 16, 144, 9, 256, 81, 36, 36, 576, 289, 64, 9, 49, 36, 36, 25, 289, 49, 9, 64, 25, 81, 25, 9, 36, 4, 25, 1, 36, 16, 36, 1, 25, 81, 2704, 1, 256, 100, 64, 4, 4, 900, 81, 16, 121, 16, 16, 1, 16, 0, 16, 144, 4, 0, 16, 4, 64, 16, 676, 25, 256, 49, 256, 64, 4, 49, 81, 4, 9, 196, 0, 0, 9, 49, 64, 1, 9, 64, 289, 16, 36, 4, 1, 64, 16, 49, 49, 36, 36, 49, 16, 16, 81, 9, 36, 64, 4, 121, 1, 16, 4, 25, 9, 36]

pred: 11825 [50, 260, 97, 147, 80, 28, 50, 113, 52, 87, 145, 30, 31, 59, 61, 29, 294, 89, 182, 60, 89, 86, 134, 57, 92, 27, 128, 47, 180, 205, 98, 105, 87, 67, 258, 81, 76, 33, 65, 53, 46, 132, 98, 56, 29, 77, 51, 67, 88, 125, 50, 104, 76, 24, 55, 23, 104, 77, 50, 106, 332, 51, 164, 105, 132, 33, 77, 242, 129, 52, 214, 114, 81, 31, 35, 26, 43, 179, 60, 47, 45, 34, 129, 135, 289, 79, 154, 103, 2, 73, 45, 53, 81, 86, 110, 75, 16, 99, 81, 120, 64, 101, 32, 176, 184, 40, 32, 45, 119, 99, 69, 230, 83, 131, 191, 55, 123, 61, 46, 52, 49, 101, 37, 59, 47, 52, 59, 46, 79, 57]
real: 11073 [46, 240, 93, 136, 73, 38, 46, 102, 54, 84, 134, 29, 30, 54, 56, 26, 268, 79, 173, 58, 96, 81, 126, 49, 95, 26, 123, 43, 168, 202, 114, 96, 93, 61, 234, 64, 68, 30, 58, 47, 40, 127, 81, 49, 32, 69, 46, 58, 83, 122, 44, 102, 71, 23, 49, 19, 98, 76, 55, 97, 280, 50, 148, 95, 124, 31, 75, 212, 120, 48, 203, 110, 77, 30, 39, 26, 39, 167, 58, 47, 41, 32, 121, 131, 263, 74, 138, 96, 18, 65, 43, 46, 72, 84, 107, 61, 16, 99, 78, 113, 56, 100, 29, 168, 167, 36, 26, 47, 118, 91, 65, 223, 76, 125, 185, 48, 119, 57, 37, 49, 43, 93, 35, 48, 48, 48, 57, 41, 76, 51]

grid_scale: 0.3
resize_scale: 0.5
confiance: 0.35

random_seed: 1011
data_augmentation: True
samples: 130
