MAE: 4.3 [1, 6, 1, 1, 4, 12, 0, 2, 4, 1, 3, 3, 1, 0, 1, 2, 4, 5, 4, 4, 17, 0, 17, 1, 14, 0, 3, 1, 1, 17, 43, 2, 13, 1, 1, 10, 1, 6, 1, 2, 4, 5, 4, 2, 0, 2, 3, 7, 2, 1, 0, 1, 1, 0, 4, 2, 1, 1, 6, 3, 27, 2, 1, 7, 2, 1, 1, 1, 0, 2, 14, 8, 3, 3, 5, 4, 1, 6, 2, 14, 2, 2, 0, 13, 3, 1, 1, 2, 18, 2, 1, 2, 0, 1, 2, 6, 0, 1, 1, 2, 0, 7, 3, 1, 4, 1, 1, 10, 22, 5, 3, 13, 3, 3, 21, 2, 6, 3, 3, 4, 6, 1, 0, 0, 7, 4, 0, 1, 0, 2]
MAPE: 6.146791366569171 [2.1739130434782608, 2.5, 1.0752688172043012, 0.7352941176470588, 5.47945205479452, 31.57894736842105, 0.0, 1.9607843137254901, 7.4074074074074066, 1.1904761904761905, 2.2388059701492535, 10.344827586206897, 3.3333333333333335, 0.0, 1.7857142857142856, 7.6923076923076925, 1.4925373134328357, 6.329113924050633, 2.312138728323699, 6.896551724137931, 17.708333333333336, 0.0, 13.492063492063492, 2.0408163265306123, 14.736842105263156, 0.0, 2.4390243902439024, 2.3255813953488373, 0.5952380952380952, 8.415841584158416, 37.719298245614034, 2.083333333333333, 13.978494623655912, 1.639344262295082, 0.4273504273504274, 15.625, 1.4705882352941175, 20.0, 1.7241379310344827, 4.25531914893617, 10.0, 3.937007874015748, 4.938271604938271, 4.081632653061225, 0.0, 2.898550724637681, 6.521739130434782, 12.068965517241379, 2.4096385542168677, 0.819672131147541, 0.0, 0.9803921568627451, 1.4084507042253522, 0.0, 8.16326530612245, 10.526315789473683, 1.0204081632653061, 1.3157894736842104, 10.909090909090908, 3.0927835051546393, 9.642857142857144, 4.0, 0.6756756756756757, 7.368421052631578, 1.6129032258064515, 3.225806451612903, 1.3333333333333335, 0.4716981132075472, 0.0, 4.166666666666666, 6.896551724137931, 7.2727272727272725, 3.896103896103896, 10.0, 12.82051282051282, 15.384615384615385, 2.564102564102564, 3.592814371257485, 3.4482758620689653, 29.78723404255319, 4.878048780487805, 6.25, 0.0, 9.923664122137405, 1.1406844106463878, 1.3513513513513513, 0.7246376811594203, 2.083333333333333, 100.0, 3.076923076923077, 2.3255813953488373, 4.3478260869565215, 0.0, 1.1904761904761905, 1.8691588785046727, 9.836065573770492, 0.0, 1.0101010101010102, 1.282051282051282, 1.7699115044247788, 0.0, 7.000000000000001, 10.344827586206897, 0.5952380952380952, 2.3952095808383236, 2.7777777777777777, 3.8461538461538463, 21.27659574468085, 18.64406779661017, 5.4945054945054945, 4.615384615384616, 5.829596412556054, 3.9473684210526314, 2.4, 11.351351351351353, 4.166666666666666, 5.042016806722689, 5.263157894736842, 8.108108108108109, 8.16326530612245, 13.953488372093023, 1.0752688172043012, 0.0, 0.0, 14.583333333333334, 8.333333333333332, 0.0, 2.4390243902439024, 0.0, 3.9215686274509802]
RMSE: 7.432258172215328 [1, 36, 1, 1, 16, 144, 0, 4, 16, 1, 9, 9, 1, 0, 1, 4, 16, 25, 16, 16, 289, 0, 289, 1, 196, 0, 9, 1, 1, 289, 1849, 4, 169, 1, 1, 100, 1, 36, 1, 4, 16, 25, 16, 4, 0, 4, 9, 49, 4, 1, 0, 1, 1, 0, 16, 4, 1, 1, 36, 9, 729, 4, 1, 49, 4, 1, 1, 1, 0, 4, 196, 64, 9, 9, 25, 16, 1, 36, 4, 196, 4, 4, 0, 169, 9, 1, 1, 4, 324, 4, 1, 4, 0, 1, 4, 36, 0, 1, 1, 4, 0, 49, 9, 1, 16, 1, 1, 100, 484, 25, 9, 169, 9, 9, 441, 4, 36, 9, 9, 16, 36, 1, 0, 0, 49, 16, 0, 1, 0, 4]

pred: 10830 [45, 234, 92, 135, 77, 26, 46, 104, 50, 85, 131, 26, 29, 54, 57, 28, 264, 84, 169, 54, 79, 81, 109, 48, 81, 26, 120, 44, 167, 185, 71, 94, 80, 62, 235, 74, 69, 36, 59, 49, 44, 122, 85, 47, 32, 71, 43, 65, 85, 121, 44, 101, 70, 23, 53, 21, 97, 77, 49, 100, 307, 48, 147, 102, 122, 32, 76, 211, 120, 46, 189, 102, 74, 27, 34, 22, 40, 161, 56, 33, 43, 34, 121, 118, 260, 75, 137, 94, 0, 67, 42, 44, 72, 83, 109, 67, 16, 98, 77, 115, 56, 93, 32, 167, 171, 37, 25, 37, 96, 96, 62, 210, 73, 122, 164, 50, 125, 54, 34, 53, 49, 92, 35, 48, 41, 52, 57, 40, 76, 53]
real: 11073 [46, 240, 93, 136, 73, 38, 46, 102, 54, 84, 134, 29, 30, 54, 56, 26, 268, 79, 173, 58, 96, 81, 126, 49, 95, 26, 123, 43, 168, 202, 114, 96, 93, 61, 234, 64, 68, 30, 58, 47, 40, 127, 81, 49, 32, 69, 46, 58, 83, 122, 44, 102, 71, 23, 49, 19, 98, 76, 55, 97, 280, 50, 148, 95, 124, 31, 75, 212, 120, 48, 203, 110, 77, 30, 39, 26, 39, 167, 58, 47, 41, 32, 121, 131, 263, 74, 138, 96, 18, 65, 43, 46, 72, 84, 107, 61, 16, 99, 78, 113, 56, 100, 29, 168, 167, 36, 26, 47, 118, 91, 65, 223, 76, 125, 185, 48, 119, 57, 37, 49, 43, 93, 35, 48, 48, 48, 57, 41, 76, 51]

grid_scale: 0.45
resize_scale: 0.5
confiance: 0.4

random_seed: 1011
data_augmentation: True
samples: 130
