MAE: 7.1461538461538465 [3, 23, 4, 11, 8, 11, 4, 10, 4, 4, 14, 1, 3, 2, 7, 6, 31, 15, 17, 2, 8, 8, 12, 6, 4, 1, 3, 2, 19, 4, 17, 1, 5, 10, 26, 20, 11, 3, 8, 5, 8, 1, 10, 4, 2, 6, 0, 13, 6, 2, 5, 2, 8, 1, 4, 2, 4, 6, 0, 11, 66, 9, 9, 7, 11, 2, 10, 28, 1, 4, 20, 6, 0, 2, 0, 0, 1, 8, 1, 4, 1, 4, 4, 3, 11, 7, 14, 3, 18, 9, 1, 1, 8, 1, 13, 12, 1, 4, 0, 9, 3, 11, 9, 9, 8, 1, 3, 1, 13, 3, 5, 12, 7, 9, 0, 4, 6, 3, 3, 6, 6, 7, 2, 8, 0, 11, 1, 5, 6, 6]
MAPE: 9.189209177047111 [6.521739130434782, 9.583333333333334, 4.301075268817205, 8.088235294117647, 10.95890410958904, 28.947368421052634, 8.695652173913043, 9.803921568627452, 7.4074074074074066, 4.761904761904762, 10.44776119402985, 3.4482758620689653, 10.0, 3.7037037037037033, 12.5, 23.076923076923077, 11.567164179104477, 18.9873417721519, 9.826589595375722, 3.4482758620689653, 8.333333333333332, 9.876543209876543, 9.523809523809524, 12.244897959183673, 4.2105263157894735, 3.8461538461538463, 2.4390243902439024, 4.651162790697675, 11.30952380952381, 1.9801980198019802, 14.912280701754385, 1.0416666666666665, 5.376344086021505, 16.39344262295082, 11.11111111111111, 31.25, 16.176470588235293, 10.0, 13.793103448275861, 10.638297872340425, 20.0, 0.7874015748031495, 12.345679012345679, 8.16326530612245, 6.25, 8.695652173913043, 0.0, 22.413793103448278, 7.228915662650602, 1.639344262295082, 11.363636363636363, 1.9607843137254901, 11.267605633802818, 4.3478260869565215, 8.16326530612245, 10.526315789473683, 4.081632653061225, 7.894736842105263, 0.0, 11.34020618556701, 23.57142857142857, 18.0, 6.081081081081082, 7.368421052631578, 8.870967741935484, 6.451612903225806, 13.333333333333334, 13.20754716981132, 0.8333333333333334, 8.333333333333332, 9.852216748768473, 5.454545454545454, 0.0, 6.666666666666667, 0.0, 0.0, 2.564102564102564, 4.790419161676647, 1.7241379310344827, 8.51063829787234, 2.4390243902439024, 12.5, 3.3057851239669422, 2.2900763358778624, 4.182509505703422, 9.45945945945946, 10.144927536231885, 3.125, 100.0, 13.846153846153847, 2.3255813953488373, 2.1739130434782608, 11.11111111111111, 1.1904761904761905, 12.149532710280374, 19.672131147540984, 6.25, 4.040404040404041, 0.0, 7.964601769911504, 5.357142857142857, 11.0, 31.03448275862069, 5.357142857142857, 4.790419161676647, 2.7777777777777777, 11.538461538461538, 2.127659574468085, 11.016949152542372, 3.296703296703297, 7.6923076923076925, 5.381165919282512, 9.210526315789473, 7.199999999999999, 0.0, 8.333333333333332, 5.042016806722689, 5.263157894736842, 8.108108108108109, 12.244897959183673, 13.953488372093023, 7.526881720430108, 5.714285714285714, 16.666666666666664, 0.0, 22.916666666666664, 1.7543859649122806, 12.195121951219512, 7.894736842105263, 11.76470588235294]
RMSE: 10.6196479733051 [9, 529, 16, 121, 64, 121, 16, 100, 16, 16, 196, 1, 9, 4, 49, 36, 961, 225, 289, 4, 64, 64, 144, 36, 16, 1, 9, 4, 361, 16, 289, 1, 25, 100, 676, 400, 121, 9, 64, 25, 64, 1, 100, 16, 4, 36, 0, 169, 36, 4, 25, 4, 64, 1, 16, 4, 16, 36, 0, 121, 4356, 81, 81, 49, 121, 4, 100, 784, 1, 16, 400, 36, 0, 4, 0, 0, 1, 64, 1, 16, 1, 16, 16, 9, 121, 49, 196, 9, 324, 81, 1, 1, 64, 1, 169, 144, 1, 16, 0, 81, 9, 121, 81, 81, 64, 1, 9, 1, 169, 9, 25, 144, 49, 81, 0, 16, 36, 9, 9, 36, 36, 49, 4, 64, 0, 121, 1, 25, 36, 36]

pred: 11796 [49, 263, 97, 147, 81, 27, 50, 112, 50, 88, 148, 30, 33, 56, 63, 32, 299, 94, 190, 56, 88, 89, 138, 55, 91, 27, 126, 45, 187, 206, 97, 97, 88, 71, 260, 84, 79, 33, 66, 52, 48, 128, 91, 53, 34, 75, 46, 71, 89, 124, 49, 100, 79, 22, 53, 21, 102, 82, 55, 108, 346, 59, 157, 102, 135, 29, 85, 240, 121, 44, 223, 104, 77, 32, 39, 26, 40, 175, 57, 43, 40, 36, 125, 134, 274, 81, 152, 99, 0, 74, 44, 47, 80, 85, 120, 73, 17, 103, 78, 122, 59, 111, 38, 177, 175, 37, 29, 48, 105, 94, 70, 235, 83, 134, 185, 52, 125, 60, 40, 55, 49, 100, 37, 56, 48, 59, 58, 46, 82, 57]
real: 11073 [46, 240, 93, 136, 73, 38, 46, 102, 54, 84, 134, 29, 30, 54, 56, 26, 268, 79, 173, 58, 96, 81, 126, 49, 95, 26, 123, 43, 168, 202, 114, 96, 93, 61, 234, 64, 68, 30, 58, 47, 40, 127, 81, 49, 32, 69, 46, 58, 83, 122, 44, 102, 71, 23, 49, 19, 98, 76, 55, 97, 280, 50, 148, 95, 124, 31, 75, 212, 120, 48, 203, 110, 77, 30, 39, 26, 39, 167, 58, 47, 41, 32, 121, 131, 263, 74, 138, 96, 18, 65, 43, 46, 72, 84, 107, 61, 16, 99, 78, 113, 56, 100, 29, 168, 167, 36, 26, 47, 118, 91, 65, 223, 76, 125, 185, 48, 119, 57, 37, 49, 43, 93, 35, 48, 48, 48, 57, 41, 76, 51]

grid_scale: 0.3
resize_scale: 0.5
confiance: 0.35

random_seed: 1011
data_augmentation: True
samples: 130
