MAE: 6.053846153846154 [3, 16, 4, 5, 0, 15, 0, 3, 5, 1, 6, 3, 3, 3, 0, 1, 7, 1, 19, 6, 20, 4, 16, 1, 21, 0, 8, 0, 12, 18, 38, 2, 14, 2, 1, 3, 1, 0, 2, 1, 2, 11, 3, 1, 1, 0, 7, 5, 1, 16, 2, 11, 2, 3, 5, 1, 6, 5, 8, 3, 12, 4, 4, 4, 7, 2, 1, 4, 4, 4, 20, 13, 1, 3, 5, 4, 2, 13, 7, 9, 17, 1, 3, 23, 1, 1, 15, 2, 18, 12, 1, 3, 1, 4, 0, 2, 3, 10, 8, 1, 4, 4, 1, 5, 5, 1, 5, 15, 41, 1, 1, 10, 4, 6, 24, 1, 6, 3, 0, 0, 4, 7, 2, 1, 12, 4, 6, 1, 6, 0]
MAPE: 8.156573243576949 [6.521739130434782, 6.666666666666667, 4.301075268817205, 3.6764705882352944, 0.0, 39.473684210526315, 0.0, 2.941176470588235, 9.25925925925926, 1.1904761904761905, 4.477611940298507, 10.344827586206897, 10.0, 5.555555555555555, 0.0, 3.8461538461538463, 2.6119402985074625, 1.2658227848101267, 10.982658959537572, 10.344827586206897, 20.833333333333336, 4.938271604938271, 12.698412698412698, 2.0408163265306123, 22.105263157894736, 0.0, 6.504065040650407, 0.0, 7.142857142857142, 8.91089108910891, 33.33333333333333, 2.083333333333333, 15.053763440860216, 3.278688524590164, 0.4273504273504274, 4.6875, 1.4705882352941175, 0.0, 3.4482758620689653, 2.127659574468085, 5.0, 8.661417322834646, 3.7037037037037033, 2.0408163265306123, 3.125, 0.0, 15.217391304347828, 8.620689655172415, 1.2048192771084338, 13.114754098360656, 4.545454545454546, 10.784313725490197, 2.8169014084507045, 13.043478260869565, 10.204081632653061, 5.263157894736842, 6.122448979591836, 6.578947368421052, 14.545454545454545, 3.0927835051546393, 4.285714285714286, 8.0, 2.7027027027027026, 4.2105263157894735, 5.64516129032258, 6.451612903225806, 1.3333333333333335, 1.8867924528301887, 3.3333333333333335, 8.333333333333332, 9.852216748768473, 11.818181818181818, 1.2987012987012987, 10.0, 12.82051282051282, 15.384615384615385, 5.128205128205128, 7.784431137724551, 12.068965517241379, 19.148936170212767, 41.46341463414634, 3.125, 2.479338842975207, 17.557251908396946, 0.38022813688212925, 1.3513513513513513, 10.869565217391305, 2.083333333333333, 100.0, 18.461538461538463, 2.3255813953488373, 6.521739130434782, 1.3888888888888888, 4.761904761904762, 0.0, 3.278688524590164, 18.75, 10.1010101010101, 10.256410256410255, 0.8849557522123894, 7.142857142857142, 4.0, 3.4482758620689653, 2.976190476190476, 2.9940119760479043, 2.7777777777777777, 19.230769230769234, 31.914893617021278, 34.74576271186441, 1.098901098901099, 1.5384615384615385, 4.484304932735426, 5.263157894736842, 4.8, 12.972972972972974, 2.083333333333333, 5.042016806722689, 5.263157894736842, 0.0, 0.0, 9.30232558139535, 7.526881720430108, 5.714285714285714, 2.083333333333333, 25.0, 8.333333333333332, 10.526315789473683, 2.4390243902439024, 7.894736842105263, 0.0]
RMSE: 9.279837531734303 [9, 256, 16, 25, 0, 225, 0, 9, 25, 1, 36, 9, 9, 9, 0, 1, 49, 1, 361, 36, 400, 16, 256, 1, 441, 0, 64, 0, 144, 324, 1444, 4, 196, 4, 1, 9, 1, 0, 4, 1, 4, 121, 9, 1, 1, 0, 49, 25, 1, 256, 4, 121, 4, 9, 25, 1, 36, 25, 64, 9, 144, 16, 16, 16, 49, 4, 1, 16, 16, 16, 400, 169, 1, 9, 25, 16, 4, 169, 49, 81, 289, 1, 9, 529, 1, 1, 225, 4, 324, 144, 1, 9, 1, 16, 0, 4, 9, 100, 64, 1, 16, 16, 1, 25, 25, 1, 25, 225, 1681, 1, 1, 100, 16, 36, 576, 1, 36, 9, 0, 0, 16, 49, 4, 1, 144, 16, 36, 1, 36, 0]

pred: 10380 [43, 224, 89, 131, 73, 23, 46, 105, 49, 85, 128, 26, 27, 51, 56, 27, 261, 80, 154, 52, 76, 77, 110, 50, 74, 26, 115, 43, 156, 184, 76, 94, 79, 59, 233, 67, 69, 30, 56, 46, 42, 116, 78, 48, 33, 69, 39, 63, 84, 106, 42, 91, 69, 20, 44, 20, 92, 71, 47, 94, 292, 46, 144, 99, 117, 29, 74, 208, 116, 44, 183, 97, 76, 27, 34, 22, 41, 154, 51, 38, 24, 31, 118, 108, 264, 73, 123, 94, 0, 53, 42, 43, 71, 80, 107, 59, 13, 89, 70, 114, 52, 96, 30, 163, 162, 35, 21, 32, 77, 90, 64, 213, 72, 119, 161, 49, 113, 54, 37, 49, 47, 86, 33, 47, 36, 44, 51, 40, 70, 51]
real: 11073 [46, 240, 93, 136, 73, 38, 46, 102, 54, 84, 134, 29, 30, 54, 56, 26, 268, 79, 173, 58, 96, 81, 126, 49, 95, 26, 123, 43, 168, 202, 114, 96, 93, 61, 234, 64, 68, 30, 58, 47, 40, 127, 81, 49, 32, 69, 46, 58, 83, 122, 44, 102, 71, 23, 49, 19, 98, 76, 55, 97, 280, 50, 148, 95, 124, 31, 75, 212, 120, 48, 203, 110, 77, 30, 39, 26, 39, 167, 58, 47, 41, 32, 121, 131, 263, 74, 138, 96, 18, 65, 43, 46, 72, 84, 107, 61, 16, 99, 78, 113, 56, 100, 29, 168, 167, 36, 26, 47, 118, 91, 65, 223, 76, 125, 185, 48, 119, 57, 37, 49, 43, 93, 35, 48, 48, 48, 57, 41, 76, 51]

grid_scale: 0.4
resize_scale: 0.5
confiance: 0.5

random_seed: 1011
data_augmentation: True
samples: 130
