MAE: 9.3 [5, 32, 4, 11, 9, 11, 5, 20, 2, 3, 17, 3, 1, 7, 8, 5, 29, 17, 13, 2, 1, 9, 9, 6, 2, 2, 2, 3, 25, 19, 16, 6, 3, 6, 39, 17, 6, 9, 9, 5, 12, 7, 8, 5, 3, 8, 7, 18, 12, 1, 4, 3, 10, 2, 11, 3, 8, 9, 3, 18, 69, 9, 14, 9, 23, 5, 7, 41, 6, 1, 19, 6, 7, 1, 2, 0, 1, 12, 2, 1, 6, 0, 8, 17, 30, 8, 16, 5, 17, 12, 6, 1, 20, 6, 7, 15, 2, 1, 9, 11, 11, 4, 4, 14, 18, 6, 7, 0, 10, 10, 8, 19, 7, 2, 6, 10, 16, 7, 6, 5, 8, 9, 4, 5, 1, 9, 4, 7, 3, 7]
MAPE: 11.736229889378988 [10.869565217391305, 13.333333333333334, 4.301075268817205, 8.088235294117647, 12.32876712328767, 28.947368421052634, 10.869565217391305, 19.607843137254903, 3.7037037037037033, 3.571428571428571, 12.686567164179104, 10.344827586206897, 3.3333333333333335, 12.962962962962962, 14.285714285714285, 19.230769230769234, 10.820895522388058, 21.518987341772153, 7.514450867052023, 3.4482758620689653, 1.0416666666666665, 11.11111111111111, 7.142857142857142, 12.244897959183673, 2.1052631578947367, 7.6923076923076925, 1.6260162601626018, 6.976744186046512, 14.880952380952381, 9.405940594059405, 14.035087719298245, 6.25, 3.225806451612903, 9.836065573770492, 16.666666666666664, 26.5625, 8.823529411764707, 30.0, 15.517241379310345, 10.638297872340425, 30.0, 5.511811023622047, 9.876543209876543, 10.204081632653061, 9.375, 11.594202898550725, 15.217391304347828, 31.03448275862069, 14.457831325301203, 0.819672131147541, 9.090909090909092, 2.941176470588235, 14.084507042253522, 8.695652173913043, 22.448979591836736, 15.789473684210526, 8.16326530612245, 11.842105263157894, 5.454545454545454, 18.556701030927837, 24.642857142857146, 18.0, 9.45945945945946, 9.473684210526317, 18.548387096774192, 16.129032258064516, 9.333333333333334, 19.339622641509436, 5.0, 2.083333333333333, 9.35960591133005, 5.454545454545454, 9.090909090909092, 3.3333333333333335, 5.128205128205128, 0.0, 2.564102564102564, 7.18562874251497, 3.4482758620689653, 2.127659574468085, 14.634146341463413, 0.0, 6.6115702479338845, 12.977099236641221, 11.406844106463879, 10.81081081081081, 11.594202898550725, 5.208333333333334, 94.44444444444444, 18.461538461538463, 13.953488372093023, 2.1739130434782608, 27.77777777777778, 7.142857142857142, 6.5420560747663545, 24.59016393442623, 12.5, 1.0101010101010102, 11.538461538461538, 9.734513274336283, 19.642857142857142, 4.0, 13.793103448275861, 8.333333333333332, 10.778443113772456, 16.666666666666664, 26.923076923076923, 0.0, 8.47457627118644, 10.989010989010989, 12.307692307692308, 8.520179372197308, 9.210526315789473, 1.6, 3.2432432432432434, 20.833333333333336, 13.445378151260504, 12.280701754385964, 16.216216216216218, 10.204081632653061, 18.6046511627907, 9.67741935483871, 11.428571428571429, 10.416666666666668, 2.083333333333333, 18.75, 7.017543859649122, 17.073170731707318, 3.9473684210526314, 13.725490196078432]
RMSE: 13.051083067346143 [25, 1024, 16, 121, 81, 121, 25, 400, 4, 9, 289, 9, 1, 49, 64, 25, 841, 289, 169, 4, 1, 81, 81, 36, 4, 4, 4, 9, 625, 361, 256, 36, 9, 36, 1521, 289, 36, 81, 81, 25, 144, 49, 64, 25, 9, 64, 49, 324, 144, 1, 16, 9, 100, 4, 121, 9, 64, 81, 9, 324, 4761, 81, 196, 81, 529, 25, 49, 1681, 36, 1, 361, 36, 49, 1, 4, 0, 1, 144, 4, 1, 36, 0, 64, 289, 900, 64, 256, 25, 289, 144, 36, 1, 400, 36, 49, 225, 4, 1, 81, 121, 121, 16, 16, 196, 324, 36, 49, 0, 100, 100, 64, 361, 49, 4, 36, 100, 256, 49, 36, 25, 64, 81, 16, 25, 1, 81, 16, 49, 9, 49]

pred: 12154 [51, 272, 97, 147, 82, 27, 51, 122, 56, 87, 151, 32, 31, 61, 64, 31, 297, 96, 186, 60, 97, 90, 135, 55, 93, 28, 125, 46, 193, 221, 98, 102, 90, 67, 273, 81, 74, 39, 67, 52, 52, 134, 89, 54, 35, 77, 53, 76, 95, 123, 48, 105, 81, 25, 60, 22, 106, 85, 52, 115, 349, 59, 162, 104, 147, 36, 82, 253, 126, 49, 222, 116, 84, 31, 41, 26, 40, 179, 60, 46, 47, 32, 129, 148, 293, 82, 154, 101, 1, 77, 49, 47, 92, 90, 114, 76, 18, 100, 87, 124, 67, 104, 33, 182, 185, 42, 33, 47, 108, 101, 73, 242, 83, 127, 191, 58, 135, 64, 43, 54, 51, 102, 39, 53, 47, 57, 61, 48, 79, 58]
real: 11073 [46, 240, 93, 136, 73, 38, 46, 102, 54, 84, 134, 29, 30, 54, 56, 26, 268, 79, 173, 58, 96, 81, 126, 49, 95, 26, 123, 43, 168, 202, 114, 96, 93, 61, 234, 64, 68, 30, 58, 47, 40, 127, 81, 49, 32, 69, 46, 58, 83, 122, 44, 102, 71, 23, 49, 19, 98, 76, 55, 97, 280, 50, 148, 95, 124, 31, 75, 212, 120, 48, 203, 110, 77, 30, 39, 26, 39, 167, 58, 47, 41, 32, 121, 131, 263, 74, 138, 96, 18, 65, 43, 46, 72, 84, 107, 61, 16, 99, 78, 113, 56, 100, 29, 168, 167, 36, 26, 47, 118, 91, 65, 223, 76, 125, 185, 48, 119, 57, 37, 49, 43, 93, 35, 48, 48, 48, 57, 41, 76, 51]

grid_scale: 0.35
resize_scale: 0.5
confiance: 0.3

random_seed: 1011
data_augmentation: True
samples: 130
