MAE: 6.2846153846153845 [7, 11, 5, 7, 9, 12, 3, 10, 1, 7, 14, 0, 6, 8, 6, 6, 24, 13, 8, 0, 3, 8, 4, 5, 2, 3, 4, 3, 8, 3, 21, 4, 3, 3, 23, 13, 3, 2, 3, 1, 6, 2, 14, 2, 5, 9, 1, 15, 5, 6, 1, 8, 11, 2, 10, 2, 7, 3, 1, 5, 53, 6, 11, 10, 1, 1, 4, 20, 3, 0, 15, 2, 5, 2, 4, 0, 1, 7, 3, 5, 2, 0, 4, 10, 22, 9, 10, 3, 17, 8, 2, 1, 4, 2, 5, 8, 0, 4, 1, 9, 3, 3, 4, 9, 12, 1, 3, 4, 10, 6, 5, 12, 3, 4, 0, 6, 6, 5, 2, 5, 8, 2, 3, 6, 5, 6, 6, 5, 4, 4]
MAPE: 8.418898951460513 [15.217391304347828, 4.583333333333333, 5.376344086021505, 5.147058823529411, 12.32876712328767, 31.57894736842105, 6.521739130434782, 9.803921568627452, 1.8518518518518516, 8.333333333333332, 10.44776119402985, 0.0, 20.0, 14.814814814814813, 10.714285714285714, 23.076923076923077, 8.955223880597014, 16.455696202531644, 4.624277456647398, 0.0, 3.125, 9.876543209876543, 3.1746031746031744, 10.204081632653061, 2.1052631578947367, 11.538461538461538, 3.2520325203252036, 6.976744186046512, 4.761904761904762, 1.4851485148514851, 18.421052631578945, 4.166666666666666, 3.225806451612903, 4.918032786885246, 9.82905982905983, 20.3125, 4.411764705882353, 6.666666666666667, 5.172413793103448, 2.127659574468085, 15.0, 1.574803149606299, 17.28395061728395, 4.081632653061225, 15.625, 13.043478260869565, 2.1739130434782608, 25.862068965517242, 6.024096385542169, 4.918032786885246, 2.272727272727273, 7.8431372549019605, 15.492957746478872, 8.695652173913043, 20.408163265306122, 10.526315789473683, 7.142857142857142, 3.9473684210526314, 1.8181818181818181, 5.154639175257731, 18.928571428571427, 12.0, 7.4324324324324325, 10.526315789473683, 0.8064516129032258, 3.225806451612903, 5.333333333333334, 9.433962264150944, 2.5, 0.0, 7.389162561576355, 1.8181818181818181, 6.493506493506493, 6.666666666666667, 10.256410256410255, 0.0, 2.564102564102564, 4.191616766467066, 5.172413793103448, 10.638297872340425, 4.878048780487805, 0.0, 3.3057851239669422, 7.633587786259542, 8.365019011406844, 12.162162162162163, 7.246376811594203, 3.125, 94.44444444444444, 12.307692307692308, 4.651162790697675, 2.1739130434782608, 5.555555555555555, 2.380952380952381, 4.672897196261682, 13.114754098360656, 0.0, 4.040404040404041, 1.282051282051282, 7.964601769911504, 5.357142857142857, 3.0, 13.793103448275861, 5.357142857142857, 7.18562874251497, 2.7777777777777777, 11.538461538461538, 8.51063829787234, 8.47457627118644, 6.593406593406594, 7.6923076923076925, 5.381165919282512, 3.9473684210526314, 3.2, 0.0, 12.5, 5.042016806722689, 8.771929824561402, 5.405405405405405, 10.204081632653061, 18.6046511627907, 2.1505376344086025, 8.571428571428571, 12.5, 10.416666666666668, 12.5, 10.526315789473683, 12.195121951219512, 5.263157894736842, 7.8431372549019605]
RMSE: 8.967891442422623 [49, 121, 25, 49, 81, 144, 9, 100, 1, 49, 196, 0, 36, 64, 36, 36, 576, 169, 64, 0, 9, 64, 16, 25, 4, 9, 16, 9, 64, 9, 441, 16, 9, 9, 529, 169, 9, 4, 9, 1, 36, 4, 196, 4, 25, 81, 1, 225, 25, 36, 1, 64, 121, 4, 100, 4, 49, 9, 1, 25, 2809, 36, 121, 100, 1, 1, 16, 400, 9, 0, 225, 4, 25, 4, 16, 0, 1, 49, 9, 25, 4, 0, 16, 100, 484, 81, 100, 9, 289, 64, 4, 1, 16, 4, 25, 64, 0, 16, 1, 81, 9, 9, 16, 81, 144, 1, 9, 16, 100, 36, 25, 144, 9, 16, 0, 36, 36, 25, 4, 25, 64, 4, 9, 36, 25, 36, 36, 25, 16, 16]

pred: 11698 [53, 251, 98, 143, 82, 26, 49, 112, 55, 91, 148, 29, 36, 62, 62, 32, 292, 92, 181, 58, 93, 89, 130, 54, 93, 29, 119, 46, 176, 205, 93, 100, 90, 64, 257, 77, 71, 32, 61, 48, 46, 129, 95, 51, 37, 78, 47, 73, 88, 128, 43, 110, 82, 25, 59, 21, 105, 79, 54, 102, 333, 56, 159, 105, 125, 32, 79, 232, 123, 48, 218, 108, 82, 32, 35, 26, 40, 174, 61, 42, 39, 32, 125, 141, 285, 83, 148, 99, 1, 73, 45, 47, 76, 86, 112, 69, 16, 103, 79, 122, 59, 103, 33, 177, 179, 37, 29, 43, 108, 97, 70, 235, 79, 129, 185, 54, 125, 62, 39, 54, 51, 95, 38, 54, 43, 54, 63, 46, 80, 55]
real: 11073 [46, 240, 93, 136, 73, 38, 46, 102, 54, 84, 134, 29, 30, 54, 56, 26, 268, 79, 173, 58, 96, 81, 126, 49, 95, 26, 123, 43, 168, 202, 114, 96, 93, 61, 234, 64, 68, 30, 58, 47, 40, 127, 81, 49, 32, 69, 46, 58, 83, 122, 44, 102, 71, 23, 49, 19, 98, 76, 55, 97, 280, 50, 148, 95, 124, 31, 75, 212, 120, 48, 203, 110, 77, 30, 39, 26, 39, 167, 58, 47, 41, 32, 121, 131, 263, 74, 138, 96, 18, 65, 43, 46, 72, 84, 107, 61, 16, 99, 78, 113, 56, 100, 29, 168, 167, 36, 26, 47, 118, 91, 65, 223, 76, 125, 185, 48, 119, 57, 37, 49, 43, 93, 35, 48, 48, 48, 57, 41, 76, 51]

grid_scale: 0.35
resize_scale: 0.5
confiance: 0.35

random_seed: 1011
data_augmentation: True
samples: 130
