MAE: 4.469230769230769 [3, 2, 4, 2, 5, 11, 4, 6, 5, 1, 3, 2, 2, 3, 3, 2, 10, 3, 10, 3, 21, 0, 3, 9, 19, 2, 7, 0, 2, 21, 55, 2, 14, 6, 4, 6, 1, 0, 5, 5, 4, 3, 2, 2, 1, 0, 6, 7, 0, 2, 0, 2, 3, 2, 4, 0, 6, 3, 7, 3, 11, 1, 5, 2, 6, 2, 0, 2, 1, 1, 5, 5, 3, 1, 1, 2, 0, 3, 2, 5, 4, 4, 2, 15, 3, 4, 2, 2, 15, 6, 1, 0, 2, 3, 0, 5, 2, 3, 2, 4, 2, 3, 4, 9, 3, 1, 2, 7, 32, 5, 0, 9, 1, 2, 20, 1, 0, 0, 2, 3, 3, 2, 0, 0, 6, 0, 0, 1, 1, 2]
MAPE: 6.221619169669986 [6.521739130434782, 0.8333333333333334, 4.301075268817205, 1.4705882352941175, 6.8493150684931505, 28.947368421052634, 8.695652173913043, 5.88235294117647, 9.25925925925926, 1.1904761904761905, 2.2388059701492535, 6.896551724137931, 6.666666666666667, 5.555555555555555, 5.357142857142857, 7.6923076923076925, 3.731343283582089, 3.79746835443038, 5.780346820809249, 5.172413793103448, 21.875, 0.0, 2.380952380952381, 18.367346938775512, 20.0, 7.6923076923076925, 5.691056910569105, 0.0, 1.1904761904761905, 10.396039603960396, 48.24561403508772, 2.083333333333333, 15.053763440860216, 9.836065573770492, 1.7094017094017095, 9.375, 1.4705882352941175, 0.0, 8.620689655172415, 10.638297872340425, 10.0, 2.3622047244094486, 2.4691358024691357, 4.081632653061225, 3.125, 0.0, 13.043478260869565, 12.068965517241379, 0.0, 1.639344262295082, 0.0, 1.9607843137254901, 4.225352112676056, 8.695652173913043, 8.16326530612245, 0.0, 6.122448979591836, 3.9473684210526314, 12.727272727272727, 3.0927835051546393, 3.9285714285714284, 2.0, 3.3783783783783785, 2.1052631578947367, 4.838709677419355, 6.451612903225806, 0.0, 0.9433962264150944, 0.8333333333333334, 2.083333333333333, 2.4630541871921183, 4.545454545454546, 3.896103896103896, 3.3333333333333335, 2.564102564102564, 7.6923076923076925, 0.0, 1.7964071856287425, 3.4482758620689653, 10.638297872340425, 9.75609756097561, 12.5, 1.6528925619834711, 11.450381679389313, 1.1406844106463878, 5.405405405405405, 1.4492753623188406, 2.083333333333333, 83.33333333333334, 9.230769230769232, 2.3255813953488373, 0.0, 2.7777777777777777, 3.571428571428571, 0.0, 8.19672131147541, 12.5, 3.0303030303030303, 2.564102564102564, 3.5398230088495577, 3.571428571428571, 3.0, 13.793103448275861, 5.357142857142857, 1.7964071856287425, 2.7777777777777777, 7.6923076923076925, 14.893617021276595, 27.11864406779661, 5.4945054945054945, 0.0, 4.0358744394618835, 1.3157894736842104, 1.6, 10.81081081081081, 2.083333333333333, 0.0, 0.0, 5.405405405405405, 6.122448979591836, 6.976744186046512, 2.1505376344086025, 0.0, 0.0, 12.5, 0.0, 0.0, 2.4390243902439024, 1.3157894736842104, 3.9215686274509802]
RMSE: 7.957096494035033 [9, 4, 16, 4, 25, 121, 16, 36, 25, 1, 9, 4, 4, 9, 9, 4, 100, 9, 100, 9, 441, 0, 9, 81, 361, 4, 49, 0, 4, 441, 3025, 4, 196, 36, 16, 36, 1, 0, 25, 25, 16, 9, 4, 4, 1, 0, 36, 49, 0, 4, 0, 4, 9, 4, 16, 0, 36, 9, 49, 9, 121, 1, 25, 4, 36, 4, 0, 4, 1, 1, 25, 25, 9, 1, 1, 4, 0, 9, 4, 25, 16, 16, 4, 225, 9, 16, 4, 4, 225, 36, 1, 0, 4, 9, 0, 25, 4, 9, 4, 16, 4, 9, 16, 81, 9, 1, 4, 49, 1024, 25, 0, 81, 1, 4, 400, 1, 0, 0, 4, 9, 9, 4, 0, 0, 36, 0, 0, 1, 1, 4]

pred: 10856 [49, 238, 89, 138, 78, 27, 50, 108, 49, 85, 137, 27, 28, 57, 59, 28, 278, 76, 163, 55, 75, 81, 123, 58, 76, 28, 116, 43, 170, 181, 59, 98, 79, 67, 238, 70, 69, 30, 63, 52, 44, 124, 83, 51, 33, 69, 40, 65, 83, 120, 44, 100, 68, 21, 53, 19, 104, 73, 48, 100, 291, 49, 143, 97, 118, 29, 75, 210, 121, 47, 198, 105, 74, 29, 38, 24, 39, 164, 56, 42, 37, 36, 123, 116, 266, 78, 136, 94, 3, 71, 44, 46, 74, 81, 107, 66, 14, 96, 76, 117, 54, 97, 33, 159, 164, 37, 28, 40, 86, 96, 65, 214, 75, 123, 165, 49, 119, 57, 39, 52, 46, 95, 35, 48, 42, 48, 57, 42, 75, 49]
real: 11073 [46, 240, 93, 136, 73, 38, 46, 102, 54, 84, 134, 29, 30, 54, 56, 26, 268, 79, 173, 58, 96, 81, 126, 49, 95, 26, 123, 43, 168, 202, 114, 96, 93, 61, 234, 64, 68, 30, 58, 47, 40, 127, 81, 49, 32, 69, 46, 58, 83, 122, 44, 102, 71, 23, 49, 19, 98, 76, 55, 97, 280, 50, 148, 95, 124, 31, 75, 212, 120, 48, 203, 110, 77, 30, 39, 26, 39, 167, 58, 47, 41, 32, 121, 131, 263, 74, 138, 96, 18, 65, 43, 46, 72, 84, 107, 61, 16, 99, 78, 113, 56, 100, 29, 168, 167, 36, 26, 47, 118, 91, 65, 223, 76, 125, 185, 48, 119, 57, 37, 49, 43, 93, 35, 48, 48, 48, 57, 41, 76, 51]

grid_scale: 0.3
resize_scale: 0.5
confiance: 0.45

random_seed: 1011
data_augmentation: True
samples: 130
