MAE: 8.507692307692308 [6, 35, 3, 12, 14, 10, 7, 20, 2, 9, 10, 4, 2, 9, 7, 4, 32, 15, 6, 4, 4, 3, 11, 7, 1, 1, 3, 2, 18, 9, 12, 10, 3, 10, 35, 18, 8, 1, 4, 4, 4, 1, 12, 5, 0, 11, 3, 13, 12, 6, 1, 6, 6, 2, 11, 7, 4, 5, 6, 10, 60, 7, 14, 14, 5, 3, 13, 44, 8, 0, 22, 2, 1, 4, 3, 5, 2, 8, 5, 3, 5, 2, 5, 6, 25, 6, 25, 5, 18, 14, 4, 2, 11, 10, 5, 18, 3, 5, 6, 11, 4, 7, 6, 11, 10, 4, 4, 1, 12, 10, 4, 23, 8, 13, 4, 6, 12, 1, 3, 9, 5, 8, 0, 5, 0, 5, 7, 6, 3, 6]
MAPE: 10.855485874757083 [13.043478260869565, 14.583333333333334, 3.225806451612903, 8.823529411764707, 19.17808219178082, 26.31578947368421, 15.217391304347828, 19.607843137254903, 3.7037037037037033, 10.714285714285714, 7.462686567164178, 13.793103448275861, 6.666666666666667, 16.666666666666664, 12.5, 15.384615384615385, 11.940298507462686, 18.9873417721519, 3.4682080924855487, 6.896551724137931, 4.166666666666666, 3.7037037037037033, 8.73015873015873, 14.285714285714285, 1.0526315789473684, 3.8461538461538463, 2.4390243902439024, 4.651162790697675, 10.714285714285714, 4.455445544554455, 10.526315789473683, 10.416666666666668, 3.225806451612903, 16.39344262295082, 14.957264957264957, 28.125, 11.76470588235294, 3.3333333333333335, 6.896551724137931, 8.51063829787234, 10.0, 0.7874015748031495, 14.814814814814813, 10.204081632653061, 0.0, 15.942028985507244, 6.521739130434782, 22.413793103448278, 14.457831325301203, 4.918032786885246, 2.272727272727273, 5.88235294117647, 8.450704225352112, 8.695652173913043, 22.448979591836736, 36.84210526315789, 4.081632653061225, 6.578947368421052, 10.909090909090908, 10.309278350515463, 21.428571428571427, 14.000000000000002, 9.45945945945946, 14.736842105263156, 4.032258064516129, 9.67741935483871, 17.333333333333336, 20.754716981132077, 6.666666666666667, 0.0, 10.83743842364532, 1.8181818181818181, 1.2987012987012987, 13.333333333333334, 7.6923076923076925, 19.230769230769234, 5.128205128205128, 4.790419161676647, 8.620689655172415, 6.382978723404255, 12.195121951219512, 6.25, 4.132231404958678, 4.580152671755725, 9.505703422053232, 8.108108108108109, 18.115942028985508, 5.208333333333334, 100.0, 21.53846153846154, 9.30232558139535, 4.3478260869565215, 15.277777777777779, 11.904761904761903, 4.672897196261682, 29.508196721311474, 18.75, 5.05050505050505, 7.6923076923076925, 9.734513274336283, 7.142857142857142, 7.000000000000001, 20.689655172413794, 6.547619047619048, 5.9880239520958085, 11.11111111111111, 15.384615384615385, 2.127659574468085, 10.16949152542373, 10.989010989010989, 6.153846153846154, 10.31390134529148, 10.526315789473683, 10.4, 2.1621621621621623, 12.5, 10.084033613445378, 1.7543859649122806, 8.108108108108109, 18.367346938775512, 11.627906976744185, 8.60215053763441, 0.0, 10.416666666666668, 0.0, 10.416666666666668, 12.280701754385964, 14.634146341463413, 3.9473684210526314, 11.76470588235294]
RMSE: 12.100222502722197 [36, 1225, 9, 144, 196, 100, 49, 400, 4, 81, 100, 16, 4, 81, 49, 16, 1024, 225, 36, 16, 16, 9, 121, 49, 1, 1, 9, 4, 324, 81, 144, 100, 9, 100, 1225, 324, 64, 1, 16, 16, 16, 1, 144, 25, 0, 121, 9, 169, 144, 36, 1, 36, 36, 4, 121, 49, 16, 25, 36, 100, 3600, 49, 196, 196, 25, 9, 169, 1936, 64, 0, 484, 4, 1, 16, 9, 25, 4, 64, 25, 9, 25, 4, 25, 36, 625, 36, 625, 25, 324, 196, 16, 4, 121, 100, 25, 324, 9, 25, 36, 121, 16, 49, 36, 121, 100, 16, 16, 1, 144, 100, 16, 529, 64, 169, 16, 36, 144, 1, 9, 81, 25, 64, 0, 25, 0, 25, 49, 36, 9, 36]

pred: 12045 [52, 275, 96, 148, 87, 28, 53, 122, 52, 93, 144, 33, 32, 63, 63, 30, 300, 94, 179, 62, 100, 84, 137, 56, 94, 27, 126, 45, 186, 211, 102, 106, 90, 71, 269, 82, 76, 31, 62, 51, 44, 126, 93, 54, 32, 80, 49, 71, 95, 128, 45, 108, 77, 25, 60, 26, 102, 81, 61, 107, 340, 57, 162, 109, 129, 34, 88, 256, 128, 48, 225, 108, 78, 34, 36, 31, 41, 175, 63, 44, 46, 34, 126, 137, 288, 80, 163, 101, 0, 79, 47, 48, 83, 94, 112, 79, 19, 104, 84, 124, 60, 107, 35, 179, 177, 40, 30, 48, 106, 101, 69, 246, 84, 138, 189, 54, 131, 58, 40, 58, 48, 101, 35, 53, 48, 53, 64, 47, 79, 57]
real: 11073 [46, 240, 93, 136, 73, 38, 46, 102, 54, 84, 134, 29, 30, 54, 56, 26, 268, 79, 173, 58, 96, 81, 126, 49, 95, 26, 123, 43, 168, 202, 114, 96, 93, 61, 234, 64, 68, 30, 58, 47, 40, 127, 81, 49, 32, 69, 46, 58, 83, 122, 44, 102, 71, 23, 49, 19, 98, 76, 55, 97, 280, 50, 148, 95, 124, 31, 75, 212, 120, 48, 203, 110, 77, 30, 39, 26, 39, 167, 58, 47, 41, 32, 121, 131, 263, 74, 138, 96, 18, 65, 43, 46, 72, 84, 107, 61, 16, 99, 78, 113, 56, 100, 29, 168, 167, 36, 26, 47, 118, 91, 65, 223, 76, 125, 185, 48, 119, 57, 37, 49, 43, 93, 35, 48, 48, 48, 57, 41, 76, 51]

grid_scale: 0.35
resize_scale: 0.5
confiance: 0.3

random_seed: 1011
data_augmentation: True
samples: 130
