MAE: 4.569230769230769 [1, 5, 4, 2, 7, 12, 3, 3, 5, 1, 4, 2, 3, 5, 4, 1, 7, 2, 2, 1, 17, 3, 2, 1, 14, 0, 4, 2, 1, 11, 43, 0, 12, 7, 8, 12, 6, 0, 3, 1, 3, 3, 5, 1, 2, 1, 2, 8, 1, 3, 1, 2, 0, 1, 8, 2, 2, 0, 5, 0, 21, 0, 3, 5, 5, 1, 4, 14, 2, 9, 5, 9, 4, 3, 5, 3, 1, 5, 2, 7, 9, 2, 2, 9, 5, 3, 2, 1, 18, 5, 1, 3, 5, 3, 1, 9, 0, 5, 1, 0, 0, 9, 2, 10, 1, 2, 0, 7, 40, 3, 1, 0, 0, 4, 17, 0, 4, 1, 4, 1, 3, 0, 1, 1, 8, 4, 2, 2, 3, 1]
MAPE: 6.565133682181625 [2.1739130434782608, 2.083333333333333, 4.301075268817205, 1.4705882352941175, 9.58904109589041, 31.57894736842105, 6.521739130434782, 2.941176470588235, 9.25925925925926, 1.1904761904761905, 2.9850746268656714, 6.896551724137931, 10.0, 9.25925925925926, 7.142857142857142, 3.8461538461538463, 2.6119402985074625, 2.5316455696202533, 1.1560693641618496, 1.7241379310344827, 17.708333333333336, 3.7037037037037033, 1.5873015873015872, 2.0408163265306123, 14.736842105263156, 0.0, 3.2520325203252036, 4.651162790697675, 0.5952380952380952, 5.445544554455446, 37.719298245614034, 0.0, 12.903225806451612, 11.475409836065573, 3.418803418803419, 18.75, 8.823529411764707, 0.0, 5.172413793103448, 2.127659574468085, 7.5, 2.3622047244094486, 6.172839506172839, 2.0408163265306123, 6.25, 1.4492753623188406, 4.3478260869565215, 13.793103448275861, 1.2048192771084338, 2.459016393442623, 2.272727272727273, 1.9607843137254901, 0.0, 4.3478260869565215, 16.3265306122449, 10.526315789473683, 2.0408163265306123, 0.0, 9.090909090909092, 0.0, 7.5, 0.0, 2.027027027027027, 5.263157894736842, 4.032258064516129, 3.225806451612903, 5.333333333333334, 6.60377358490566, 1.6666666666666667, 18.75, 2.4630541871921183, 8.181818181818182, 5.194805194805195, 10.0, 12.82051282051282, 11.538461538461538, 2.564102564102564, 2.9940119760479043, 3.4482758620689653, 14.893617021276595, 21.951219512195124, 6.25, 1.6528925619834711, 6.870229007633588, 1.9011406844106464, 4.054054054054054, 1.4492753623188406, 1.0416666666666665, 100.0, 7.6923076923076925, 2.3255813953488373, 6.521739130434782, 6.944444444444445, 3.571428571428571, 0.9345794392523363, 14.754098360655737, 0.0, 5.05050505050505, 1.282051282051282, 0.0, 0.0, 9.0, 6.896551724137931, 5.952380952380952, 0.5988023952095809, 5.555555555555555, 0.0, 14.893617021276595, 33.89830508474576, 3.296703296703297, 1.5384615384615385, 0.0, 0.0, 3.2, 9.18918918918919, 0.0, 3.361344537815126, 1.7543859649122806, 10.81081081081081, 2.0408163265306123, 6.976744186046512, 0.0, 2.857142857142857, 2.083333333333333, 16.666666666666664, 8.333333333333332, 3.508771929824561, 4.878048780487805, 3.9473684210526314, 1.9607843137254901]
RMSE: 7.660086362236595 [1, 25, 16, 4, 49, 144, 9, 9, 25, 1, 16, 4, 9, 25, 16, 1, 49, 4, 4, 1, 289, 9, 4, 1, 196, 0, 16, 4, 1, 121, 1849, 0, 144, 49, 64, 144, 36, 0, 9, 1, 9, 9, 25, 1, 4, 1, 4, 64, 1, 9, 1, 4, 0, 1, 64, 4, 4, 0, 25, 0, 441, 0, 9, 25, 25, 1, 16, 196, 4, 81, 25, 81, 16, 9, 25, 9, 1, 25, 4, 49, 81, 4, 4, 81, 25, 9, 4, 1, 324, 25, 1, 9, 25, 9, 1, 81, 0, 25, 1, 0, 0, 81, 4, 100, 1, 4, 0, 49, 1600, 9, 1, 0, 0, 16, 289, 0, 16, 1, 16, 1, 9, 0, 1, 1, 64, 16, 4, 4, 9, 1]

pred: 10955 [45, 245, 89, 138, 80, 26, 49, 105, 49, 85, 138, 27, 33, 59, 60, 27, 275, 81, 171, 59, 79, 78, 124, 50, 81, 26, 119, 45, 167, 191, 71, 96, 81, 68, 242, 76, 74, 30, 61, 46, 43, 124, 86, 48, 34, 70, 44, 66, 84, 119, 45, 100, 71, 22, 57, 21, 100, 76, 50, 97, 301, 50, 151, 100, 119, 30, 79, 226, 118, 39, 208, 101, 73, 27, 34, 23, 38, 162, 56, 40, 32, 34, 119, 122, 268, 77, 140, 95, 0, 60, 44, 43, 77, 81, 108, 70, 16, 94, 79, 113, 56, 109, 31, 158, 166, 38, 26, 40, 78, 94, 66, 223, 76, 121, 168, 48, 123, 56, 41, 50, 46, 93, 34, 49, 40, 52, 55, 43, 73, 52]
real: 11073 [46, 240, 93, 136, 73, 38, 46, 102, 54, 84, 134, 29, 30, 54, 56, 26, 268, 79, 173, 58, 96, 81, 126, 49, 95, 26, 123, 43, 168, 202, 114, 96, 93, 61, 234, 64, 68, 30, 58, 47, 40, 127, 81, 49, 32, 69, 46, 58, 83, 122, 44, 102, 71, 23, 49, 19, 98, 76, 55, 97, 280, 50, 148, 95, 124, 31, 75, 212, 120, 48, 203, 110, 77, 30, 39, 26, 39, 167, 58, 47, 41, 32, 121, 131, 263, 74, 138, 96, 18, 65, 43, 46, 72, 84, 107, 61, 16, 99, 78, 113, 56, 100, 29, 168, 167, 36, 26, 47, 118, 91, 65, 223, 76, 125, 185, 48, 119, 57, 37, 49, 43, 93, 35, 48, 48, 48, 57, 41, 76, 51]

grid_scale: 0.3
resize_scale: 0.5
confiance: 0.45

random_seed: 1011
data_augmentation: True
samples: 130
