MAE: 13.138461538461538 [8, 33, 22, 11, 2, 17, 1, 8, 7, 5, 10, 6, 3, 6, 1, 1, 58, 11, 30, 8, 42, 7, 40, 2, 38, 0, 21, 3, 23, 62, 63, 19, 37, 0, 28, 2, 0, 3, 8, 2, 1, 19, 2, 4, 6, 3, 13, 0, 4, 18, 2, 12, 6, 2, 4, 1, 4, 7, 8, 8, 23, 7, 20, 5, 24, 7, 6, 43, 9, 9, 51, 19, 7, 7, 3, 7, 2, 24, 5, 21, 11, 4, 16, 41, 30, 9, 23, 8, 18, 13, 6, 4, 2, 9, 9, 2, 2, 30, 16, 17, 3, 12, 0, 14, 8, 0, 6, 23, 53, 9, 4, 44, 13, 13, 58, 1, 24, 6, 5, 3, 0, 10, 3, 3, 24, 3, 4, 9, 10, 2]
MAPE: 14.754984501306234 [17.391304347826086, 13.750000000000002, 23.655913978494624, 8.088235294117647, 2.73972602739726, 44.73684210526316, 2.1739130434782608, 7.8431372549019605, 12.962962962962962, 5.952380952380952, 7.462686567164178, 20.689655172413794, 10.0, 11.11111111111111, 1.7857142857142856, 3.8461538461538463, 21.641791044776117, 13.924050632911392, 17.341040462427745, 13.793103448275861, 43.75, 8.641975308641975, 31.746031746031743, 4.081632653061225, 40.0, 0.0, 17.073170731707318, 6.976744186046512, 13.690476190476192, 30.693069306930692, 55.26315789473685, 19.791666666666664, 39.784946236559136, 0.0, 11.965811965811966, 3.125, 0.0, 10.0, 13.793103448275861, 4.25531914893617, 2.5, 14.960629921259844, 2.4691358024691357, 8.16326530612245, 18.75, 4.3478260869565215, 28.26086956521739, 0.0, 4.819277108433735, 14.754098360655737, 4.545454545454546, 11.76470588235294, 8.450704225352112, 8.695652173913043, 8.16326530612245, 5.263157894736842, 4.081632653061225, 9.210526315789473, 14.545454545454545, 8.24742268041237, 8.214285714285714, 14.000000000000002, 13.513513513513514, 5.263157894736842, 19.35483870967742, 22.58064516129032, 8.0, 20.28301886792453, 7.5, 18.75, 25.12315270935961, 17.272727272727273, 9.090909090909092, 23.333333333333332, 7.6923076923076925, 26.923076923076923, 5.128205128205128, 14.37125748502994, 8.620689655172415, 44.680851063829785, 26.82926829268293, 12.5, 13.223140495867769, 31.297709923664126, 11.406844106463879, 12.162162162162163, 16.666666666666664, 8.333333333333332, 100.0, 20.0, 13.953488372093023, 8.695652173913043, 2.7777777777777777, 10.714285714285714, 8.411214953271028, 3.278688524590164, 12.5, 30.303030303030305, 20.51282051282051, 15.04424778761062, 5.357142857142857, 12.0, 0.0, 8.333333333333332, 4.790419161676647, 0.0, 23.076923076923077, 48.93617021276596, 44.91525423728814, 9.89010989010989, 6.153846153846154, 19.730941704035875, 17.105263157894736, 10.4, 31.351351351351354, 2.083333333333333, 20.168067226890756, 10.526315789473683, 13.513513513513514, 6.122448979591836, 0.0, 10.75268817204301, 8.571428571428571, 6.25, 50.0, 6.25, 7.017543859649122, 21.951219512195124, 13.157894736842104, 3.9215686274509802]
RMSE: 19.439848052587557 [64, 1089, 484, 121, 4, 289, 1, 64, 49, 25, 100, 36, 9, 36, 1, 1, 3364, 121, 900, 64, 1764, 49, 1600, 4, 1444, 0, 441, 9, 529, 3844, 3969, 361, 1369, 0, 784, 4, 0, 9, 64, 4, 1, 361, 4, 16, 36, 9, 169, 0, 16, 324, 4, 144, 36, 4, 16, 1, 16, 49, 64, 64, 529, 49, 400, 25, 576, 49, 36, 1849, 81, 81, 2601, 361, 49, 49, 9, 49, 4, 576, 25, 441, 121, 16, 256, 1681, 900, 81, 529, 64, 324, 169, 36, 16, 4, 81, 81, 4, 4, 900, 256, 289, 9, 144, 0, 196, 64, 0, 36, 529, 2809, 81, 16, 1936, 169, 169, 3364, 1, 576, 36, 25, 9, 0, 100, 9, 9, 576, 9, 16, 81, 100, 4]

pred: 9369 [38, 207, 71, 125, 71, 21, 45, 94, 47, 79, 124, 23, 27, 48, 55, 25, 210, 68, 143, 50, 54, 74, 86, 47, 57, 26, 102, 40, 145, 140, 51, 77, 56, 61, 206, 62, 68, 27, 50, 45, 41, 108, 79, 45, 26, 66, 33, 58, 79, 104, 42, 90, 65, 21, 45, 20, 94, 69, 47, 89, 257, 43, 128, 90, 100, 24, 69, 169, 111, 39, 152, 91, 70, 23, 36, 19, 37, 143, 53, 26, 30, 28, 105, 90, 233, 65, 115, 88, 0, 52, 37, 42, 70, 75, 98, 59, 14, 69, 62, 96, 53, 88, 29, 154, 159, 36, 20, 24, 65, 82, 61, 179, 63, 112, 127, 47, 95, 51, 32, 46, 43, 83, 32, 45, 24, 45, 53, 32, 66, 49]
real: 11073 [46, 240, 93, 136, 73, 38, 46, 102, 54, 84, 134, 29, 30, 54, 56, 26, 268, 79, 173, 58, 96, 81, 126, 49, 95, 26, 123, 43, 168, 202, 114, 96, 93, 61, 234, 64, 68, 30, 58, 47, 40, 127, 81, 49, 32, 69, 46, 58, 83, 122, 44, 102, 71, 23, 49, 19, 98, 76, 55, 97, 280, 50, 148, 95, 124, 31, 75, 212, 120, 48, 203, 110, 77, 30, 39, 26, 39, 167, 58, 47, 41, 32, 121, 131, 263, 74, 138, 96, 18, 65, 43, 46, 72, 84, 107, 61, 16, 99, 78, 113, 56, 100, 29, 168, 167, 36, 26, 47, 118, 91, 65, 223, 76, 125, 185, 48, 119, 57, 37, 49, 43, 93, 35, 48, 48, 48, 57, 41, 76, 51]

grid_scale: 0.45
resize_scale: 0.5
confiance: 0.55

random_seed: 1011
data_augmentation: True
samples: 130
