MAE: 4.446153846153846 [4, 5, 1, 1, 5, 9, 3, 9, 0, 5, 1, 1, 1, 3, 10, 4, 18, 7, 2, 3, 9, 1, 3, 6, 5, 2, 1, 2, 4, 2, 22, 3, 7, 5, 20, 16, 5, 1, 2, 3, 2, 0, 6, 0, 1, 3, 2, 7, 7, 2, 2, 4, 2, 1, 8, 2, 8, 3, 7, 5, 43, 7, 8, 10, 3, 0, 0, 16, 4, 0, 2, 4, 3, 0, 1, 1, 3, 11, 1, 4, 1, 1, 4, 1, 11, 2, 6, 1, 18, 7, 0, 2, 1, 4, 3, 8, 0, 2, 2, 6, 0, 5, 1, 4, 4, 0, 1, 3, 15, 1, 1, 5, 3, 2, 2, 4, 3, 4, 3, 1, 5, 2, 3, 7, 5, 5, 2, 2, 0, 1]
MAPE: 6.165873097525463 [8.695652173913043, 2.083333333333333, 1.0752688172043012, 0.7352941176470588, 6.8493150684931505, 23.684210526315788, 6.521739130434782, 8.823529411764707, 0.0, 5.952380952380952, 0.7462686567164178, 3.4482758620689653, 3.3333333333333335, 5.555555555555555, 17.857142857142858, 15.384615384615385, 6.7164179104477615, 8.860759493670885, 1.1560693641618496, 5.172413793103448, 9.375, 1.2345679012345678, 2.380952380952381, 12.244897959183673, 5.263157894736842, 7.6923076923076925, 0.8130081300813009, 4.651162790697675, 2.380952380952381, 0.9900990099009901, 19.298245614035086, 3.125, 7.526881720430108, 8.19672131147541, 8.547008547008547, 25.0, 7.352941176470589, 3.3333333333333335, 3.4482758620689653, 6.382978723404255, 5.0, 0.0, 7.4074074074074066, 0.0, 3.125, 4.3478260869565215, 4.3478260869565215, 12.068965517241379, 8.433734939759036, 1.639344262295082, 4.545454545454546, 3.9215686274509802, 2.8169014084507045, 4.3478260869565215, 16.3265306122449, 10.526315789473683, 8.16326530612245, 3.9473684210526314, 12.727272727272727, 5.154639175257731, 15.357142857142858, 14.000000000000002, 5.405405405405405, 10.526315789473683, 2.4193548387096775, 0.0, 0.0, 7.547169811320755, 3.3333333333333335, 0.0, 0.9852216748768473, 3.6363636363636362, 3.896103896103896, 0.0, 2.564102564102564, 3.8461538461538463, 7.6923076923076925, 6.58682634730539, 1.7241379310344827, 8.51063829787234, 2.4390243902439024, 3.125, 3.3057851239669422, 0.7633587786259541, 4.182509505703422, 2.7027027027027026, 4.3478260869565215, 1.0416666666666665, 100.0, 10.76923076923077, 0.0, 4.3478260869565215, 1.3888888888888888, 4.761904761904762, 2.803738317757009, 13.114754098360656, 0.0, 2.0202020202020203, 2.564102564102564, 5.3097345132743365, 0.0, 5.0, 3.4482758620689653, 2.380952380952381, 2.3952095808383236, 0.0, 3.8461538461538463, 6.382978723404255, 12.711864406779661, 1.098901098901099, 1.5384615384615385, 2.242152466367713, 3.9473684210526314, 1.6, 1.0810810810810811, 8.333333333333332, 2.5210084033613445, 7.017543859649122, 8.108108108108109, 2.0408163265306123, 11.627906976744185, 2.1505376344086025, 8.571428571428571, 14.583333333333334, 10.416666666666668, 10.416666666666668, 3.508771929824561, 4.878048780487805, 0.0, 1.9607843137254901]
RMSE: 6.996702520033716 [16, 25, 1, 1, 25, 81, 9, 81, 0, 25, 1, 1, 1, 9, 100, 16, 324, 49, 4, 9, 81, 1, 9, 36, 25, 4, 1, 4, 16, 4, 484, 9, 49, 25, 400, 256, 25, 1, 4, 9, 4, 0, 36, 0, 1, 9, 4, 49, 49, 4, 4, 16, 4, 1, 64, 4, 64, 9, 49, 25, 1849, 49, 64, 100, 9, 0, 0, 256, 16, 0, 4, 16, 9, 0, 1, 1, 9, 121, 1, 16, 1, 1, 16, 1, 121, 4, 36, 1, 324, 49, 0, 4, 1, 16, 9, 64, 0, 4, 4, 36, 0, 25, 1, 16, 16, 0, 1, 9, 225, 1, 1, 25, 9, 4, 4, 16, 9, 16, 9, 1, 25, 4, 9, 49, 25, 25, 4, 4, 0, 1]

pred: 11391 [50, 245, 94, 137, 78, 29, 49, 111, 54, 89, 133, 28, 31, 57, 66, 30, 286, 86, 175, 55, 87, 82, 123, 55, 90, 28, 122, 45, 172, 204, 92, 99, 86, 66, 254, 80, 73, 31, 60, 50, 42, 127, 87, 49, 33, 72, 48, 65, 90, 124, 46, 98, 73, 22, 57, 21, 106, 79, 48, 102, 323, 57, 156, 105, 127, 31, 75, 228, 124, 48, 201, 114, 80, 30, 38, 25, 42, 178, 57, 43, 40, 33, 125, 132, 274, 76, 144, 97, 0, 72, 43, 48, 73, 88, 110, 69, 16, 97, 76, 119, 56, 105, 30, 172, 171, 36, 27, 44, 103, 92, 66, 228, 79, 127, 187, 52, 122, 61, 40, 50, 48, 95, 38, 55, 43, 53, 55, 43, 76, 52]
real: 11073 [46, 240, 93, 136, 73, 38, 46, 102, 54, 84, 134, 29, 30, 54, 56, 26, 268, 79, 173, 58, 96, 81, 126, 49, 95, 26, 123, 43, 168, 202, 114, 96, 93, 61, 234, 64, 68, 30, 58, 47, 40, 127, 81, 49, 32, 69, 46, 58, 83, 122, 44, 102, 71, 23, 49, 19, 98, 76, 55, 97, 280, 50, 148, 95, 124, 31, 75, 212, 120, 48, 203, 110, 77, 30, 39, 26, 39, 167, 58, 47, 41, 32, 121, 131, 263, 74, 138, 96, 18, 65, 43, 46, 72, 84, 107, 61, 16, 99, 78, 113, 56, 100, 29, 168, 167, 36, 26, 47, 118, 91, 65, 223, 76, 125, 185, 48, 119, 57, 37, 49, 43, 93, 35, 48, 48, 48, 57, 41, 76, 51]

grid_scale: 0.4
resize_scale: 0.5
confiance: 0.4

random_seed: 1011
data_augmentation: True
samples: 130
