MAE: 3.976923076923077 [1, 4, 2, 3, 3, 14, 2, 4, 3, 2, 4, 2, 1, 0, 2, 1, 11, 2, 3, 4, 8, 2, 6, 3, 10, 0, 5, 1, 6, 4, 37, 4, 10, 3, 1, 10, 2, 0, 1, 2, 0, 5, 1, 1, 6, 2, 3, 7, 1, 5, 0, 5, 0, 2, 3, 2, 1, 1, 5, 0, 24, 4, 1, 3, 0, 3, 3, 7, 1, 5, 2, 11, 1, 1, 5, 2, 1, 1, 4, 5, 5, 1, 1, 7, 1, 2, 5, 1, 17, 3, 4, 2, 4, 4, 1, 6, 1, 5, 0, 4, 1, 1, 3, 4, 7, 0, 2, 10, 39, 0, 1, 2, 1, 2, 15, 1, 3, 2, 1, 0, 6, 0, 1, 2, 12, 2, 3, 1, 2, 2]
MAPE: 5.929536445065581 [2.1739130434782608, 1.6666666666666667, 2.1505376344086025, 2.2058823529411766, 4.10958904109589, 36.84210526315789, 4.3478260869565215, 3.9215686274509802, 5.555555555555555, 2.380952380952381, 2.9850746268656714, 6.896551724137931, 3.3333333333333335, 0.0, 3.571428571428571, 3.8461538461538463, 4.104477611940299, 2.5316455696202533, 1.7341040462427744, 6.896551724137931, 8.333333333333332, 2.4691358024691357, 4.761904761904762, 6.122448979591836, 10.526315789473683, 0.0, 4.0650406504065035, 2.3255813953488373, 3.571428571428571, 1.9801980198019802, 32.45614035087719, 4.166666666666666, 10.75268817204301, 4.918032786885246, 0.4273504273504274, 15.625, 2.941176470588235, 0.0, 1.7241379310344827, 4.25531914893617, 0.0, 3.937007874015748, 1.2345679012345678, 2.0408163265306123, 18.75, 2.898550724637681, 6.521739130434782, 12.068965517241379, 1.2048192771084338, 4.098360655737705, 0.0, 4.901960784313726, 0.0, 8.695652173913043, 6.122448979591836, 10.526315789473683, 1.0204081632653061, 1.3157894736842104, 9.090909090909092, 0.0, 8.571428571428571, 8.0, 0.6756756756756757, 3.1578947368421053, 0.0, 9.67741935483871, 4.0, 3.30188679245283, 0.8333333333333334, 10.416666666666668, 0.9852216748768473, 10.0, 1.2987012987012987, 3.3333333333333335, 12.82051282051282, 7.6923076923076925, 2.564102564102564, 0.5988023952095809, 6.896551724137931, 10.638297872340425, 12.195121951219512, 3.125, 0.8264462809917356, 5.343511450381679, 0.38022813688212925, 2.7027027027027026, 3.6231884057971016, 1.0416666666666665, 94.44444444444444, 4.615384615384616, 9.30232558139535, 4.3478260869565215, 5.555555555555555, 4.761904761904762, 0.9345794392523363, 9.836065573770492, 6.25, 5.05050505050505, 0.0, 3.5398230088495577, 1.7857142857142856, 1.0, 10.344827586206897, 2.380952380952381, 4.191616766467066, 0.0, 7.6923076923076925, 21.27659574468085, 33.05084745762712, 0.0, 1.5384615384615385, 0.8968609865470852, 1.3157894736842104, 1.6, 8.108108108108109, 2.083333333333333, 2.5210084033613445, 3.508771929824561, 2.7027027027027026, 0.0, 13.953488372093023, 0.0, 2.857142857142857, 4.166666666666666, 25.0, 4.166666666666666, 5.263157894736842, 2.4390243902439024, 2.631578947368421, 3.9215686274509802]
RMSE: 6.876380980182481 [1, 16, 4, 9, 9, 196, 4, 16, 9, 4, 16, 4, 1, 0, 4, 1, 121, 4, 9, 16, 64, 4, 36, 9, 100, 0, 25, 1, 36, 16, 1369, 16, 100, 9, 1, 100, 4, 0, 1, 4, 0, 25, 1, 1, 36, 4, 9, 49, 1, 25, 0, 25, 0, 4, 9, 4, 1, 1, 25, 0, 576, 16, 1, 9, 0, 9, 9, 49, 1, 25, 4, 121, 1, 1, 25, 4, 1, 1, 16, 25, 25, 1, 1, 49, 1, 4, 25, 1, 289, 9, 16, 4, 16, 16, 1, 36, 1, 25, 0, 16, 1, 1, 9, 16, 49, 0, 4, 100, 1521, 0, 1, 4, 1, 4, 225, 1, 9, 4, 1, 0, 36, 0, 1, 4, 144, 4, 9, 1, 4, 4]

pred: 10920 [47, 244, 91, 139, 76, 24, 48, 106, 51, 86, 138, 27, 31, 54, 58, 27, 279, 81, 170, 54, 88, 83, 120, 52, 85, 26, 118, 44, 174, 198, 77, 92, 83, 64, 233, 74, 70, 30, 59, 49, 40, 122, 82, 50, 26, 71, 43, 65, 84, 117, 44, 97, 71, 21, 52, 21, 99, 77, 50, 97, 304, 54, 147, 98, 124, 28, 78, 219, 119, 43, 205, 99, 78, 29, 34, 24, 38, 166, 54, 42, 36, 33, 120, 124, 264, 72, 133, 95, 1, 68, 39, 44, 76, 80, 106, 67, 15, 94, 78, 117, 57, 99, 32, 164, 174, 36, 28, 37, 79, 91, 66, 225, 75, 123, 170, 49, 116, 55, 38, 49, 49, 93, 34, 50, 36, 50, 54, 40, 74, 53]
real: 11073 [46, 240, 93, 136, 73, 38, 46, 102, 54, 84, 134, 29, 30, 54, 56, 26, 268, 79, 173, 58, 96, 81, 126, 49, 95, 26, 123, 43, 168, 202, 114, 96, 93, 61, 234, 64, 68, 30, 58, 47, 40, 127, 81, 49, 32, 69, 46, 58, 83, 122, 44, 102, 71, 23, 49, 19, 98, 76, 55, 97, 280, 50, 148, 95, 124, 31, 75, 212, 120, 48, 203, 110, 77, 30, 39, 26, 39, 167, 58, 47, 41, 32, 121, 131, 263, 74, 138, 96, 18, 65, 43, 46, 72, 84, 107, 61, 16, 99, 78, 113, 56, 100, 29, 168, 167, 36, 26, 47, 118, 91, 65, 223, 76, 125, 185, 48, 119, 57, 37, 49, 43, 93, 35, 48, 48, 48, 57, 41, 76, 51]

grid_scale: 0.3
resize_scale: 0.5
confiance: 0.45

random_seed: 1011
data_augmentation: True
samples: 130
