MAE: 6.915384615384616 [2, 9, 5, 6, 4, 14, 1, 0, 7, 4, 2, 5, 2, 4, 1, 0, 19, 3, 25, 6, 26, 3, 22, 0, 19, 1, 15, 0, 9, 27, 42, 5, 22, 0, 10, 5, 5, 0, 2, 3, 1, 11, 2, 2, 0, 1, 5, 4, 0, 8, 2, 9, 2, 3, 1, 2, 0, 2, 9, 3, 8, 10, 3, 4, 8, 4, 5, 8, 6, 9, 24, 14, 4, 5, 8, 6, 3, 15, 8, 10, 11, 1, 7, 32, 18, 2, 12, 3, 18, 3, 1, 3, 0, 9, 6, 2, 1, 15, 10, 2, 4, 4, 4, 7, 3, 0, 6, 12, 35, 1, 3, 12, 6, 4, 27, 0, 4, 3, 3, 2, 2, 7, 3, 1, 15, 0, 4, 2, 4, 1]
MAPE: 9.005272844141524 [4.3478260869565215, 3.75, 5.376344086021505, 4.411764705882353, 5.47945205479452, 36.84210526315789, 2.1739130434782608, 0.0, 12.962962962962962, 4.761904761904762, 1.4925373134328357, 17.24137931034483, 6.666666666666667, 7.4074074074074066, 1.7857142857142856, 0.0, 7.08955223880597, 3.79746835443038, 14.450867052023122, 10.344827586206897, 27.083333333333332, 3.7037037037037033, 17.46031746031746, 0.0, 20.0, 3.8461538461538463, 12.195121951219512, 0.0, 5.357142857142857, 13.366336633663368, 36.84210526315789, 5.208333333333334, 23.655913978494624, 0.0, 4.273504273504273, 7.8125, 7.352941176470589, 0.0, 3.4482758620689653, 6.382978723404255, 2.5, 8.661417322834646, 2.4691358024691357, 4.081632653061225, 0.0, 1.4492753623188406, 10.869565217391305, 6.896551724137931, 0.0, 6.557377049180328, 4.545454545454546, 8.823529411764707, 2.8169014084507045, 13.043478260869565, 2.0408163265306123, 10.526315789473683, 0.0, 2.631578947368421, 16.363636363636363, 3.0927835051546393, 2.857142857142857, 20.0, 2.027027027027027, 4.2105263157894735, 6.451612903225806, 12.903225806451612, 6.666666666666667, 3.7735849056603774, 5.0, 18.75, 11.822660098522167, 12.727272727272727, 5.194805194805195, 16.666666666666664, 20.51282051282051, 23.076923076923077, 7.6923076923076925, 8.982035928143713, 13.793103448275861, 21.27659574468085, 26.82926829268293, 3.125, 5.785123966942149, 24.427480916030532, 6.844106463878327, 2.7027027027027026, 8.695652173913043, 3.125, 100.0, 4.615384615384616, 2.3255813953488373, 6.521739130434782, 0.0, 10.714285714285714, 5.607476635514018, 3.278688524590164, 6.25, 15.151515151515152, 12.82051282051282, 1.7699115044247788, 7.142857142857142, 4.0, 13.793103448275861, 4.166666666666666, 1.7964071856287425, 0.0, 23.076923076923077, 25.53191489361702, 29.66101694915254, 1.098901098901099, 4.615384615384616, 5.381165919282512, 7.894736842105263, 3.2, 14.594594594594595, 0.0, 3.361344537815126, 5.263157894736842, 8.108108108108109, 4.081632653061225, 4.651162790697675, 7.526881720430108, 8.571428571428571, 2.083333333333333, 31.25, 0.0, 7.017543859649122, 4.878048780487805, 5.263157894736842, 1.9607843137254901]
RMSE: 10.379343391119171 [4, 81, 25, 36, 16, 196, 1, 0, 49, 16, 4, 25, 4, 16, 1, 0, 361, 9, 625, 36, 676, 9, 484, 0, 361, 1, 225, 0, 81, 729, 1764, 25, 484, 0, 100, 25, 25, 0, 4, 9, 1, 121, 4, 4, 0, 1, 25, 16, 0, 64, 4, 81, 4, 9, 1, 4, 0, 4, 81, 9, 64, 100, 9, 16, 64, 16, 25, 64, 36, 81, 576, 196, 16, 25, 64, 36, 9, 225, 64, 100, 121, 1, 49, 1024, 324, 4, 144, 9, 324, 9, 1, 9, 0, 81, 36, 4, 1, 225, 100, 4, 16, 16, 16, 49, 9, 0, 36, 144, 1225, 1, 9, 144, 36, 16, 729, 0, 16, 9, 9, 4, 4, 49, 9, 1, 225, 0, 16, 4, 16, 1]

pred: 10258 [44, 231, 88, 130, 77, 24, 45, 102, 47, 88, 132, 24, 28, 50, 57, 26, 249, 76, 148, 52, 70, 78, 104, 49, 76, 27, 108, 43, 159, 175, 72, 91, 71, 61, 224, 69, 63, 30, 56, 44, 41, 116, 79, 47, 32, 68, 41, 62, 83, 114, 42, 93, 69, 20, 48, 21, 98, 74, 46, 94, 288, 40, 145, 99, 116, 27, 70, 204, 114, 39, 179, 96, 73, 25, 31, 20, 36, 152, 50, 37, 30, 31, 114, 99, 245, 72, 126, 93, 0, 62, 42, 43, 72, 75, 101, 63, 15, 84, 68, 111, 52, 96, 33, 161, 164, 36, 20, 35, 83, 90, 62, 211, 70, 121, 158, 48, 115, 54, 34, 47, 45, 86, 32, 47, 33, 48, 53, 39, 72, 50]
real: 11073 [46, 240, 93, 136, 73, 38, 46, 102, 54, 84, 134, 29, 30, 54, 56, 26, 268, 79, 173, 58, 96, 81, 126, 49, 95, 26, 123, 43, 168, 202, 114, 96, 93, 61, 234, 64, 68, 30, 58, 47, 40, 127, 81, 49, 32, 69, 46, 58, 83, 122, 44, 102, 71, 23, 49, 19, 98, 76, 55, 97, 280, 50, 148, 95, 124, 31, 75, 212, 120, 48, 203, 110, 77, 30, 39, 26, 39, 167, 58, 47, 41, 32, 121, 131, 263, 74, 138, 96, 18, 65, 43, 46, 72, 84, 107, 61, 16, 99, 78, 113, 56, 100, 29, 168, 167, 36, 26, 47, 118, 91, 65, 223, 76, 125, 185, 48, 119, 57, 37, 49, 43, 93, 35, 48, 48, 48, 57, 41, 76, 51]

grid_scale: 0.45
resize_scale: 0.5
confiance: 0.5

random_seed: 1011
data_augmentation: True
samples: 130
