MAE: 6.3538461538461535 [1, 17, 10, 7, 1, 15, 1, 1, 8, 1, 5, 4, 0, 7, 0, 1, 11, 2, 13, 9, 21, 4, 21, 3, 19, 0, 20, 3, 10, 15, 44, 2, 20, 1, 1, 4, 6, 1, 1, 2, 1, 10, 7, 1, 1, 2, 9, 7, 3, 12, 4, 8, 4, 1, 9, 1, 3, 0, 6, 2, 8, 4, 2, 1, 10, 3, 1, 2, 7, 5, 20, 16, 2, 5, 4, 8, 2, 8, 8, 14, 7, 2, 2, 23, 8, 3, 13, 6, 18, 0, 4, 2, 2, 9, 4, 1, 1, 7, 8, 1, 3, 4, 2, 8, 1, 1, 3, 12, 46, 2, 1, 10, 5, 5, 17, 1, 7, 4, 2, 0, 3, 4, 3, 1, 12, 1, 3, 5, 4, 2]
MAPE: 8.594153858573202 [2.1739130434782608, 7.083333333333333, 10.75268817204301, 5.147058823529411, 1.36986301369863, 39.473684210526315, 2.1739130434782608, 0.9803921568627451, 14.814814814814813, 1.1904761904761905, 3.731343283582089, 13.793103448275861, 0.0, 12.962962962962962, 0.0, 3.8461538461538463, 4.104477611940299, 2.5316455696202533, 7.514450867052023, 15.517241379310345, 21.875, 4.938271604938271, 16.666666666666664, 6.122448979591836, 20.0, 0.0, 16.260162601626014, 6.976744186046512, 5.952380952380952, 7.425742574257425, 38.59649122807017, 2.083333333333333, 21.50537634408602, 1.639344262295082, 0.4273504273504274, 6.25, 8.823529411764707, 3.3333333333333335, 1.7241379310344827, 4.25531914893617, 2.5, 7.874015748031496, 8.641975308641975, 2.0408163265306123, 3.125, 2.898550724637681, 19.565217391304348, 12.068965517241379, 3.614457831325301, 9.836065573770492, 9.090909090909092, 7.8431372549019605, 5.633802816901409, 4.3478260869565215, 18.367346938775512, 5.263157894736842, 3.061224489795918, 0.0, 10.909090909090908, 2.0618556701030926, 2.857142857142857, 8.0, 1.3513513513513513, 1.0526315789473684, 8.064516129032258, 9.67741935483871, 1.3333333333333335, 0.9433962264150944, 5.833333333333333, 10.416666666666668, 9.852216748768473, 14.545454545454545, 2.5974025974025974, 16.666666666666664, 10.256410256410255, 30.76923076923077, 5.128205128205128, 4.790419161676647, 13.793103448275861, 29.78723404255319, 17.073170731707318, 6.25, 1.6528925619834711, 17.557251908396946, 3.041825095057034, 4.054054054054054, 9.420289855072465, 6.25, 100.0, 0.0, 9.30232558139535, 4.3478260869565215, 2.7777777777777777, 10.714285714285714, 3.7383177570093453, 1.639344262295082, 6.25, 7.07070707070707, 10.256410256410255, 0.8849557522123894, 5.357142857142857, 4.0, 6.896551724137931, 4.761904761904762, 0.5988023952095809, 2.7777777777777777, 11.538461538461538, 25.53191489361702, 38.983050847457626, 2.197802197802198, 1.5384615384615385, 4.484304932735426, 6.578947368421052, 4.0, 9.18918918918919, 2.083333333333333, 5.88235294117647, 7.017543859649122, 5.405405405405405, 0.0, 6.976744186046512, 4.301075268817205, 8.571428571428571, 2.083333333333333, 25.0, 2.083333333333333, 5.263157894736842, 12.195121951219512, 5.263157894736842, 3.9215686274509802]
RMSE: 9.675504359741906 [1, 289, 100, 49, 1, 225, 1, 1, 64, 1, 25, 16, 0, 49, 0, 1, 121, 4, 169, 81, 441, 16, 441, 9, 361, 0, 400, 9, 100, 225, 1936, 4, 400, 1, 1, 16, 36, 1, 1, 4, 1, 100, 49, 1, 1, 4, 81, 49, 9, 144, 16, 64, 16, 1, 81, 1, 9, 0, 36, 4, 64, 16, 4, 1, 100, 9, 1, 4, 49, 25, 400, 256, 4, 25, 16, 64, 4, 64, 64, 196, 49, 4, 4, 529, 64, 9, 169, 36, 324, 0, 16, 4, 4, 81, 16, 1, 1, 49, 64, 1, 9, 16, 4, 64, 1, 1, 9, 144, 2116, 4, 1, 100, 25, 25, 289, 1, 49, 16, 4, 0, 9, 16, 9, 1, 144, 1, 9, 25, 16, 4]

pred: 10337 [45, 223, 83, 129, 74, 23, 47, 101, 46, 83, 129, 25, 30, 47, 56, 27, 257, 81, 160, 49, 75, 77, 105, 46, 76, 26, 103, 40, 158, 187, 70, 94, 73, 60, 235, 68, 62, 31, 57, 45, 39, 117, 74, 48, 33, 67, 37, 65, 86, 110, 40, 94, 67, 22, 40, 20, 95, 76, 49, 95, 288, 46, 146, 94, 114, 28, 76, 210, 113, 43, 183, 94, 75, 25, 35, 18, 41, 159, 50, 33, 34, 30, 119, 108, 255, 71, 125, 90, 0, 65, 39, 44, 74, 75, 103, 62, 15, 92, 70, 114, 53, 96, 31, 160, 168, 35, 23, 35, 72, 89, 64, 213, 71, 120, 168, 47, 112, 53, 35, 49, 46, 89, 32, 49, 36, 47, 54, 36, 72, 49]
real: 11073 [46, 240, 93, 136, 73, 38, 46, 102, 54, 84, 134, 29, 30, 54, 56, 26, 268, 79, 173, 58, 96, 81, 126, 49, 95, 26, 123, 43, 168, 202, 114, 96, 93, 61, 234, 64, 68, 30, 58, 47, 40, 127, 81, 49, 32, 69, 46, 58, 83, 122, 44, 102, 71, 23, 49, 19, 98, 76, 55, 97, 280, 50, 148, 95, 124, 31, 75, 212, 120, 48, 203, 110, 77, 30, 39, 26, 39, 167, 58, 47, 41, 32, 121, 131, 263, 74, 138, 96, 18, 65, 43, 46, 72, 84, 107, 61, 16, 99, 78, 113, 56, 100, 29, 168, 167, 36, 26, 47, 118, 91, 65, 223, 76, 125, 185, 48, 119, 57, 37, 49, 43, 93, 35, 48, 48, 48, 57, 41, 76, 51]

grid_scale: 0.4
resize_scale: 0.5
confiance: 0.5

random_seed: 1011
data_augmentation: True
samples: 130
