MAE: 10.161538461538461 [4, 27, 17, 12, 3, 14, 2, 4, 6, 5, 10, 7, 2, 1, 0, 1, 27, 6, 17, 8, 30, 5, 23, 5, 33, 3, 12, 1, 16, 43, 55, 3, 22, 1, 25, 3, 4, 5, 3, 6, 0, 14, 8, 4, 8, 0, 16, 1, 5, 19, 3, 9, 9, 2, 5, 0, 4, 9, 9, 4, 11, 4, 20, 6, 21, 7, 6, 27, 12, 7, 29, 21, 11, 6, 6, 6, 4, 8, 11, 18, 10, 1, 2, 27, 15, 7, 17, 8, 18, 13, 7, 5, 7, 12, 3, 1, 3, 22, 8, 9, 7, 7, 2, 18, 8, 1, 1, 15, 49, 8, 6, 34, 6, 9, 38, 0, 16, 6, 3, 1, 1, 2, 5, 2, 19, 5, 5, 3, 6, 2]
MAPE: 12.486120900060847 [8.695652173913043, 11.25, 18.27956989247312, 8.823529411764707, 4.10958904109589, 36.84210526315789, 4.3478260869565215, 3.9215686274509802, 11.11111111111111, 5.952380952380952, 7.462686567164178, 24.137931034482758, 6.666666666666667, 1.8518518518518516, 0.0, 3.8461538461538463, 10.074626865671641, 7.59493670886076, 9.826589595375722, 13.793103448275861, 31.25, 6.172839506172839, 18.253968253968253, 10.204081632653061, 34.73684210526316, 11.538461538461538, 9.75609756097561, 2.3255813953488373, 9.523809523809524, 21.287128712871286, 48.24561403508772, 3.125, 23.655913978494624, 1.639344262295082, 10.683760683760683, 4.6875, 5.88235294117647, 16.666666666666664, 5.172413793103448, 12.76595744680851, 0.0, 11.023622047244094, 9.876543209876543, 8.16326530612245, 25.0, 0.0, 34.78260869565217, 1.7241379310344827, 6.024096385542169, 15.573770491803279, 6.8181818181818175, 8.823529411764707, 12.676056338028168, 8.695652173913043, 10.204081632653061, 0.0, 4.081632653061225, 11.842105263157894, 16.363636363636363, 4.123711340206185, 3.9285714285714284, 8.0, 13.513513513513514, 6.315789473684211, 16.93548387096774, 22.58064516129032, 8.0, 12.735849056603774, 10.0, 14.583333333333334, 14.285714285714285, 19.090909090909093, 14.285714285714285, 20.0, 15.384615384615385, 23.076923076923077, 10.256410256410255, 4.790419161676647, 18.96551724137931, 38.297872340425535, 24.390243902439025, 3.125, 1.6528925619834711, 20.610687022900763, 5.7034220532319395, 9.45945945945946, 12.318840579710146, 8.333333333333332, 100.0, 20.0, 16.27906976744186, 10.869565217391305, 9.722222222222223, 14.285714285714285, 2.803738317757009, 1.639344262295082, 18.75, 22.22222222222222, 10.256410256410255, 7.964601769911504, 12.5, 7.000000000000001, 6.896551724137931, 10.714285714285714, 4.790419161676647, 2.7777777777777777, 3.8461538461538463, 31.914893617021278, 41.52542372881356, 8.791208791208792, 9.230769230769232, 15.246636771300448, 7.894736842105263, 7.199999999999999, 20.54054054054054, 0.0, 13.445378151260504, 10.526315789473683, 8.108108108108109, 2.0408163265306123, 2.3255813953488373, 2.1505376344086025, 14.285714285714285, 4.166666666666666, 39.58333333333333, 10.416666666666668, 8.771929824561402, 7.317073170731707, 7.894736842105263, 3.9215686274509802]
RMSE: 14.367966506728136 [16, 729, 289, 144, 9, 196, 4, 16, 36, 25, 100, 49, 4, 1, 0, 1, 729, 36, 289, 64, 900, 25, 529, 25, 1089, 9, 144, 1, 256, 1849, 3025, 9, 484, 1, 625, 9, 16, 25, 9, 36, 0, 196, 64, 16, 64, 0, 256, 1, 25, 361, 9, 81, 81, 4, 25, 0, 16, 81, 81, 16, 121, 16, 400, 36, 441, 49, 36, 729, 144, 49, 841, 441, 121, 36, 36, 36, 16, 64, 121, 324, 100, 1, 4, 729, 225, 49, 289, 64, 324, 169, 49, 25, 49, 144, 9, 1, 9, 484, 64, 81, 49, 49, 4, 324, 64, 1, 1, 225, 2401, 64, 36, 1156, 36, 81, 1444, 0, 256, 36, 9, 1, 1, 4, 25, 4, 361, 25, 25, 9, 36, 4]

pred: 9766 [42, 213, 76, 124, 70, 24, 44, 98, 48, 79, 124, 22, 28, 53, 56, 25, 241, 73, 156, 50, 66, 76, 103, 44, 62, 23, 111, 42, 152, 159, 59, 93, 71, 60, 209, 67, 64, 25, 55, 41, 40, 113, 73, 45, 24, 69, 30, 59, 78, 103, 41, 93, 62, 21, 44, 19, 94, 67, 46, 93, 269, 46, 128, 89, 103, 24, 69, 185, 108, 41, 174, 89, 66, 24, 33, 20, 35, 159, 47, 29, 31, 31, 119, 104, 248, 67, 121, 88, 0, 52, 36, 41, 65, 72, 104, 62, 13, 77, 70, 104, 49, 93, 31, 150, 159, 35, 25, 32, 69, 83, 59, 189, 70, 116, 147, 48, 103, 51, 34, 48, 42, 91, 30, 46, 29, 43, 52, 38, 70, 49]
real: 11073 [46, 240, 93, 136, 73, 38, 46, 102, 54, 84, 134, 29, 30, 54, 56, 26, 268, 79, 173, 58, 96, 81, 126, 49, 95, 26, 123, 43, 168, 202, 114, 96, 93, 61, 234, 64, 68, 30, 58, 47, 40, 127, 81, 49, 32, 69, 46, 58, 83, 122, 44, 102, 71, 23, 49, 19, 98, 76, 55, 97, 280, 50, 148, 95, 124, 31, 75, 212, 120, 48, 203, 110, 77, 30, 39, 26, 39, 167, 58, 47, 41, 32, 121, 131, 263, 74, 138, 96, 18, 65, 43, 46, 72, 84, 107, 61, 16, 99, 78, 113, 56, 100, 29, 168, 167, 36, 26, 47, 118, 91, 65, 223, 76, 125, 185, 48, 119, 57, 37, 49, 43, 93, 35, 48, 48, 48, 57, 41, 76, 51]

grid_scale: 0.35
resize_scale: 0.5
confiance: 0.55

random_seed: 1011
data_augmentation: True
samples: 130
