MAE: 8.484615384615385 [4, 17, 13, 6, 16, 11, 9, 29, 7, 6, 1, 11, 11, 3, 1, 6, 8, 13, 2, 0, 6, 5, 2, 9, 6, 11, 5, 15, 11, 11, 5, 2, 9, 10, 5, 33, 13, 2, 1, 3, 7, 6, 10, 7, 12, 12, 7, 6, 2, 28, 6, 4, 7, 0, 4, 9, 2, 10, 6, 5, 3, 2, 6, 5, 7, 7, 8, 7, 2, 66, 15, 3, 6, 1, 5, 14, 5, 4, 15, 3, 6, 0, 12, 11, 6, 5, 4, 9, 9, 16, 11, 3, 3, 3, 20, 9, 37, 7, 1, 8, 4, 12, 4, 19, 9, 9, 10, 3, 6, 7, 1, 8, 7, 16, 2, 5, 20, 2, 2, 30, 12, 5, 6, 2, 6, 5, 21, 7, 6, 5]
MAPE: 11.180101493273147 [4.123711340206185, 15.04424778761062, 18.84057971014493, 12.244897959183673, 17.582417582417584, 61.111111111111114, 5.357142857142857, 10.820895522388058, 24.137931034482758, 13.953488372093023, 1.0416666666666665, 27.500000000000004, 11.458333333333332, 8.108108108108109, 2.857142857142857, 5.263157894736842, 4.761904761904762, 9.420289855072465, 1.6129032258064515, 0.0, 9.230769230769232, 6.666666666666667, 3.076923076923077, 12.5, 3.4682080924855487, 18.0327868852459, 15.625, 12.295081967213115, 22.0, 7.4324324324324325, 9.25925925925926, 3.4482758620689653, 8.411214953271028, 7.352941176470589, 10.204081632653061, 15.566037735849056, 26.53061224489796, 4.25531914893617, 2.7777777777777777, 9.67741935483871, 15.217391304347828, 7.4074074074074066, 23.25581395348837, 14.893617021276595, 11.76470588235294, 8.955223880597014, 7.526881720430108, 6.0606060606060606, 1.0810810810810811, 12.556053811659194, 10.714285714285714, 10.256410256410255, 7.291666666666667, 0.0, 13.333333333333334, 7.199999999999999, 6.666666666666667, 10.75268817204301, 6.315789473684211, 5.1020408163265305, 2.4390243902439024, 1.5873015873015872, 23.076923076923077, 4.901960784313726, 12.280701754385964, 5.511811023622047, 18.181818181818183, 8.433734939759036, 6.25, 23.57142857142857, 7.389162561576355, 6.976744186046512, 14.634146341463413, 1.7241379310344827, 7.042253521126761, 11.864406779661017, 10.416666666666668, 8.51063829787234, 8.982035928143713, 10.0, 7.142857142857142, 0.0, 16.216216216216218, 22.448979591836736, 7.792207792207792, 8.771929824561402, 25.0, 21.951219512195124, 4.455445544554455, 9.580838323353294, 13.924050632911392, 6.25, 15.789473684210526, 11.538461538461538, 29.411764705882355, 16.666666666666664, 15.81196581196581, 5.785123966942149, 2.564102564102564, 17.391304347826086, 8.695652173913043, 10.084033613445378, 15.384615384615385, 23.456790123456788, 16.071428571428573, 9.0, 13.157894736842104, 2.727272727272727, 7.6923076923076925, 7.526881720430108, 0.8333333333333334, 16.666666666666664, 18.421052631578945, 21.91780821917808, 2.631578947368421, 10.416666666666668, 31.25, 6.896551724137931, 2.1052631578947367, 12.5, 20.689655172413794, 19.230769230769234, 10.344827586206897, 3.6363636363636362, 11.76470588235294, 10.869565217391305, 7.984790874524715, 11.475409836065573, 7.894736842105263, 10.416666666666668]
RMSE: 11.83898384412862 [16, 289, 169, 36, 256, 121, 81, 841, 49, 36, 1, 121, 121, 9, 1, 36, 64, 169, 4, 0, 36, 25, 4, 81, 36, 121, 25, 225, 121, 121, 25, 4, 81, 100, 25, 1089, 169, 4, 1, 9, 49, 36, 100, 49, 144, 144, 49, 36, 4, 784, 36, 16, 49, 0, 16, 81, 4, 100, 36, 25, 9, 4, 36, 25, 49, 49, 64, 49, 4, 4356, 225, 9, 36, 1, 25, 196, 25, 16, 225, 9, 36, 0, 144, 121, 36, 25, 16, 81, 81, 256, 121, 9, 9, 9, 400, 81, 1369, 49, 1, 64, 16, 144, 16, 361, 81, 81, 100, 9, 36, 49, 1, 64, 49, 256, 4, 25, 400, 4, 4, 900, 144, 25, 36, 4, 36, 25, 441, 49, 36, 25]

pred: 12086 [101, 130, 82, 55, 107, 7, 177, 297, 36, 49, 97, 51, 107, 40, 36, 120, 176, 151, 126, 131, 71, 80, 63, 81, 179, 72, 37, 137, 61, 159, 49, 60, 116, 146, 54, 245, 62, 45, 37, 34, 53, 87, 53, 54, 114, 146, 100, 105, 187, 251, 62, 43, 103, 84, 34, 134, 32, 103, 101, 103, 126, 128, 32, 107, 64, 134, 52, 90, 34, 346, 218, 46, 47, 59, 76, 104, 53, 51, 182, 33, 90, 23, 86, 60, 83, 62, 20, 50, 211, 183, 90, 51, 22, 29, 88, 63, 271, 128, 38, 54, 50, 131, 30, 100, 65, 109, 86, 107, 84, 100, 121, 56, 31, 89, 78, 53, 84, 31, 97, 270, 70, 31, 64, 57, 57, 51, 284, 68, 82, 53]
real: 11073 [97, 113, 69, 49, 91, 18, 168, 268, 29, 43, 96, 40, 96, 37, 35, 114, 168, 138, 124, 131, 65, 75, 65, 72, 173, 61, 32, 122, 50, 148, 54, 58, 107, 136, 49, 212, 49, 47, 36, 31, 46, 81, 43, 47, 102, 134, 93, 99, 185, 223, 56, 39, 96, 84, 30, 125, 30, 93, 95, 98, 123, 126, 26, 102, 57, 127, 44, 83, 32, 280, 203, 43, 41, 58, 71, 118, 48, 47, 167, 30, 84, 23, 74, 49, 77, 57, 16, 41, 202, 167, 79, 48, 19, 26, 68, 54, 234, 121, 39, 46, 46, 119, 26, 81, 56, 100, 76, 110, 78, 93, 120, 48, 38, 73, 76, 48, 64, 29, 95, 240, 58, 26, 58, 55, 51, 46, 263, 61, 76, 48]

grid_scale: 0.3
resize_scale: 0.5
confiance: 0.3

random_seed: 1011
data_augmentation: True
samples: 130
