MAE: 4.161538461538462 [0, 3, 1, 0, 3, 10, 3, 10, 3, 2, 1, 1, 2, 3, 4, 1, 3, 5, 7, 0, 12, 3, 5, 0, 13, 0, 4, 2, 6, 8, 37, 2, 9, 4, 11, 15, 1, 5, 1, 3, 3, 1, 5, 1, 0, 1, 4, 8, 6, 3, 0, 1, 3, 2, 3, 1, 6, 1, 5, 2, 33, 0, 8, 6, 1, 0, 2, 6, 1, 2, 1, 1, 1, 1, 2, 3, 1, 10, 3, 8, 0, 1, 7, 9, 1, 4, 9, 1, 17, 4, 2, 0, 1, 5, 1, 8, 2, 3, 1, 5, 2, 1, 3, 3, 1, 0, 1, 3, 19, 6, 3, 3, 3, 1, 11, 5, 0, 3, 3, 2, 6, 2, 1, 4, 6, 7, 1, 3, 2, 6]
MAPE: 6.017105578874104 [0.0, 1.25, 1.0752688172043012, 0.0, 4.10958904109589, 26.31578947368421, 6.521739130434782, 9.803921568627452, 5.555555555555555, 2.380952380952381, 0.7462686567164178, 3.4482758620689653, 6.666666666666667, 5.555555555555555, 7.142857142857142, 3.8461538461538463, 1.1194029850746268, 6.329113924050633, 4.046242774566474, 0.0, 12.5, 3.7037037037037033, 3.968253968253968, 0.0, 13.684210526315791, 0.0, 3.2520325203252036, 4.651162790697675, 3.571428571428571, 3.9603960396039604, 32.45614035087719, 2.083333333333333, 9.67741935483871, 6.557377049180328, 4.700854700854701, 23.4375, 1.4705882352941175, 16.666666666666664, 1.7241379310344827, 6.382978723404255, 7.5, 0.7874015748031495, 6.172839506172839, 2.0408163265306123, 0.0, 1.4492753623188406, 8.695652173913043, 13.793103448275861, 7.228915662650602, 2.459016393442623, 0.0, 0.9803921568627451, 4.225352112676056, 8.695652173913043, 6.122448979591836, 5.263157894736842, 6.122448979591836, 1.3157894736842104, 9.090909090909092, 2.0618556701030926, 11.785714285714285, 0.0, 5.405405405405405, 6.315789473684211, 0.8064516129032258, 0.0, 2.666666666666667, 2.8301886792452833, 0.8333333333333334, 4.166666666666666, 0.49261083743842365, 0.9090909090909091, 1.2987012987012987, 3.3333333333333335, 5.128205128205128, 11.538461538461538, 2.564102564102564, 5.9880239520958085, 5.172413793103448, 17.02127659574468, 0.0, 3.125, 5.785123966942149, 6.870229007633588, 0.38022813688212925, 5.405405405405405, 6.521739130434782, 1.0416666666666665, 94.44444444444444, 6.153846153846154, 4.651162790697675, 0.0, 1.3888888888888888, 5.952380952380952, 0.9345794392523363, 13.114754098360656, 12.5, 3.0303030303030303, 1.282051282051282, 4.424778761061947, 3.571428571428571, 1.0, 10.344827586206897, 1.7857142857142856, 0.5988023952095809, 0.0, 3.8461538461538463, 6.382978723404255, 16.101694915254235, 6.593406593406594, 4.615384615384616, 1.345291479820628, 3.9473684210526314, 0.8, 5.9459459459459465, 10.416666666666668, 0.0, 5.263157894736842, 8.108108108108109, 4.081632653061225, 13.953488372093023, 2.1505376344086025, 2.857142857142857, 8.333333333333332, 12.5, 14.583333333333334, 1.7543859649122806, 7.317073170731707, 2.631578947368421, 11.76470588235294]
RMSE: 6.703041789424352 [0, 9, 1, 0, 9, 100, 9, 100, 9, 4, 1, 1, 4, 9, 16, 1, 9, 25, 49, 0, 144, 9, 25, 0, 169, 0, 16, 4, 36, 64, 1369, 4, 81, 16, 121, 225, 1, 25, 1, 9, 9, 1, 25, 1, 0, 1, 16, 64, 36, 9, 0, 1, 9, 4, 9, 1, 36, 1, 25, 4, 1089, 0, 64, 36, 1, 0, 4, 36, 1, 4, 1, 1, 1, 1, 4, 9, 1, 100, 9, 64, 0, 1, 49, 81, 1, 16, 81, 1, 289, 16, 4, 0, 1, 25, 1, 64, 4, 9, 1, 25, 4, 1, 9, 9, 1, 0, 1, 9, 361, 36, 9, 9, 9, 1, 121, 25, 0, 9, 9, 4, 36, 4, 1, 16, 36, 49, 1, 9, 4, 36]

pred: 11186 [46, 243, 94, 136, 76, 28, 49, 112, 51, 86, 133, 28, 32, 57, 60, 27, 271, 84, 180, 58, 84, 84, 121, 49, 82, 26, 119, 45, 174, 194, 77, 98, 84, 65, 245, 79, 69, 35, 59, 50, 43, 126, 86, 50, 32, 70, 42, 66, 89, 119, 44, 101, 74, 25, 52, 20, 104, 75, 50, 99, 313, 50, 156, 101, 125, 31, 77, 218, 121, 46, 202, 111, 76, 29, 37, 23, 40, 177, 55, 39, 41, 33, 128, 122, 264, 78, 147, 97, 1, 69, 45, 46, 73, 89, 108, 69, 18, 96, 79, 118, 58, 101, 32, 165, 166, 36, 27, 44, 99, 97, 68, 220, 79, 126, 174, 53, 119, 60, 40, 51, 49, 95, 36, 52, 42, 55, 58, 44, 78, 57]
real: 11073 [46, 240, 93, 136, 73, 38, 46, 102, 54, 84, 134, 29, 30, 54, 56, 26, 268, 79, 173, 58, 96, 81, 126, 49, 95, 26, 123, 43, 168, 202, 114, 96, 93, 61, 234, 64, 68, 30, 58, 47, 40, 127, 81, 49, 32, 69, 46, 58, 83, 122, 44, 102, 71, 23, 49, 19, 98, 76, 55, 97, 280, 50, 148, 95, 124, 31, 75, 212, 120, 48, 203, 110, 77, 30, 39, 26, 39, 167, 58, 47, 41, 32, 121, 131, 263, 74, 138, 96, 18, 65, 43, 46, 72, 84, 107, 61, 16, 99, 78, 113, 56, 100, 29, 168, 167, 36, 26, 47, 118, 91, 65, 223, 76, 125, 185, 48, 119, 57, 37, 49, 43, 93, 35, 48, 48, 48, 57, 41, 76, 51]

grid_scale: 0.35
resize_scale: 0.5
confiance: 0.4

random_seed: 1011
data_augmentation: True
samples: 130
