MAE: 4.446153846153846 [1, 0, 1, 2, 5, 10, 3, 8, 3, 1, 4, 4, 0, 4, 3, 2, 7, 14, 4, 3, 15, 1, 7, 5, 13, 0, 6, 0, 2, 13, 35, 1, 6, 6, 13, 9, 6, 0, 3, 5, 4, 4, 1, 1, 2, 3, 3, 7, 5, 1, 2, 3, 3, 0, 6, 1, 3, 1, 7, 6, 45, 3, 0, 3, 6, 1, 1, 5, 2, 1, 1, 7, 4, 0, 5, 3, 5, 2, 1, 8, 1, 1, 4, 5, 8, 7, 8, 2, 18, 14, 1, 3, 2, 2, 5, 7, 2, 2, 1, 5, 1, 1, 3, 2, 2, 0, 6, 4, 13, 5, 1, 5, 1, 1, 4, 4, 0, 2, 2, 1, 7, 3, 0, 0, 6, 5, 0, 5, 2, 3]
MAPE: 6.531534753173152 [2.1739130434782608, 0.0, 1.0752688172043012, 1.4705882352941175, 6.8493150684931505, 26.31578947368421, 6.521739130434782, 7.8431372549019605, 5.555555555555555, 1.1904761904761905, 2.9850746268656714, 13.793103448275861, 0.0, 7.4074074074074066, 5.357142857142857, 7.6923076923076925, 2.6119402985074625, 17.72151898734177, 2.312138728323699, 5.172413793103448, 15.625, 1.2345679012345678, 5.555555555555555, 10.204081632653061, 13.684210526315791, 0.0, 4.878048780487805, 0.0, 1.1904761904761905, 6.435643564356436, 30.701754385964914, 1.0416666666666665, 6.451612903225806, 9.836065573770492, 5.555555555555555, 14.0625, 8.823529411764707, 0.0, 5.172413793103448, 10.638297872340425, 10.0, 3.149606299212598, 1.2345679012345678, 2.0408163265306123, 6.25, 4.3478260869565215, 6.521739130434782, 12.068965517241379, 6.024096385542169, 0.819672131147541, 4.545454545454546, 2.941176470588235, 4.225352112676056, 0.0, 12.244897959183673, 5.263157894736842, 3.061224489795918, 1.3157894736842104, 12.727272727272727, 6.185567010309279, 16.071428571428573, 6.0, 0.0, 3.1578947368421053, 4.838709677419355, 3.225806451612903, 1.3333333333333335, 2.358490566037736, 1.6666666666666667, 2.083333333333333, 0.49261083743842365, 6.363636363636363, 5.194805194805195, 0.0, 12.82051282051282, 11.538461538461538, 12.82051282051282, 1.1976047904191618, 1.7241379310344827, 17.02127659574468, 2.4390243902439024, 3.125, 3.3057851239669422, 3.816793893129771, 3.041825095057034, 9.45945945945946, 5.797101449275362, 2.083333333333333, 100.0, 21.53846153846154, 2.3255813953488373, 6.521739130434782, 2.7777777777777777, 2.380952380952381, 4.672897196261682, 11.475409836065573, 12.5, 2.0202020202020203, 1.282051282051282, 4.424778761061947, 1.7857142857142856, 1.0, 10.344827586206897, 1.1904761904761905, 1.1976047904191618, 0.0, 23.076923076923077, 8.51063829787234, 11.016949152542372, 5.4945054945054945, 1.5384615384615385, 2.242152466367713, 1.3157894736842104, 0.8, 2.1621621621621623, 8.333333333333332, 0.0, 3.508771929824561, 5.405405405405405, 2.0408163265306123, 16.27906976744186, 3.225806451612903, 0.0, 0.0, 12.5, 10.416666666666668, 0.0, 12.195121951219512, 2.631578947368421, 5.88235294117647]
RMSE: 7.228150098479821 [1, 0, 1, 4, 25, 100, 9, 64, 9, 1, 16, 16, 0, 16, 9, 4, 49, 196, 16, 9, 225, 1, 49, 25, 169, 0, 36, 0, 4, 169, 1225, 1, 36, 36, 169, 81, 36, 0, 9, 25, 16, 16, 1, 1, 4, 9, 9, 49, 25, 1, 4, 9, 9, 0, 36, 1, 9, 1, 49, 36, 2025, 9, 0, 9, 36, 1, 1, 25, 4, 1, 1, 49, 16, 0, 25, 9, 25, 4, 1, 64, 1, 1, 16, 25, 64, 49, 64, 4, 324, 196, 1, 9, 4, 4, 25, 49, 4, 4, 1, 25, 1, 1, 9, 4, 4, 0, 36, 16, 169, 25, 1, 25, 1, 1, 16, 16, 0, 4, 4, 1, 49, 9, 0, 0, 36, 25, 0, 25, 4, 9]

pred: 11175 [45, 240, 94, 138, 78, 28, 49, 110, 51, 83, 138, 25, 30, 58, 59, 28, 275, 93, 169, 55, 81, 82, 119, 54, 82, 26, 117, 43, 170, 189, 79, 97, 87, 67, 247, 73, 74, 30, 61, 52, 44, 123, 82, 48, 34, 72, 43, 65, 88, 121, 46, 99, 74, 23, 55, 20, 101, 75, 48, 103, 325, 53, 148, 98, 130, 32, 76, 217, 122, 47, 204, 103, 73, 30, 34, 23, 44, 169, 57, 39, 40, 33, 125, 126, 271, 81, 146, 98, 0, 79, 44, 43, 74, 86, 112, 68, 18, 97, 79, 118, 57, 99, 32, 170, 169, 36, 32, 43, 105, 96, 64, 218, 77, 124, 181, 52, 119, 55, 39, 50, 50, 96, 35, 48, 42, 53, 57, 46, 74, 54]
real: 11073 [46, 240, 93, 136, 73, 38, 46, 102, 54, 84, 134, 29, 30, 54, 56, 26, 268, 79, 173, 58, 96, 81, 126, 49, 95, 26, 123, 43, 168, 202, 114, 96, 93, 61, 234, 64, 68, 30, 58, 47, 40, 127, 81, 49, 32, 69, 46, 58, 83, 122, 44, 102, 71, 23, 49, 19, 98, 76, 55, 97, 280, 50, 148, 95, 124, 31, 75, 212, 120, 48, 203, 110, 77, 30, 39, 26, 39, 167, 58, 47, 41, 32, 121, 131, 263, 74, 138, 96, 18, 65, 43, 46, 72, 84, 107, 61, 16, 99, 78, 113, 56, 100, 29, 168, 167, 36, 26, 47, 118, 91, 65, 223, 76, 125, 185, 48, 119, 57, 37, 49, 43, 93, 35, 48, 48, 48, 57, 41, 76, 51]

grid_scale: 0.35
resize_scale: 0.5
confiance: 0.4

random_seed: 1011
data_augmentation: True
samples: 130
