MAE: 6.838461538461538 [2, 15, 8, 9, 2, 14, 1, 4, 6, 0, 5, 3, 3, 0, 1, 0, 15, 1, 17, 4, 27, 0, 13, 2, 22, 2, 13, 1, 13, 31, 53, 3, 24, 1, 6, 6, 2, 1, 2, 3, 3, 11, 1, 5, 0, 2, 7, 4, 4, 13, 1, 10, 4, 2, 0, 0, 1, 1, 8, 2, 7, 5, 12, 2, 10, 3, 2, 17, 5, 6, 24, 12, 5, 6, 6, 4, 3, 11, 6, 14, 5, 1, 6, 24, 11, 6, 5, 6, 18, 4, 1, 1, 1, 7, 3, 1, 0, 11, 5, 2, 1, 11, 2, 6, 4, 1, 1, 8, 36, 0, 2, 26, 5, 12, 31, 0, 8, 6, 1, 2, 4, 3, 0, 2, 11, 1, 7, 0, 5, 1]
MAPE: 8.315853187530369 [4.3478260869565215, 6.25, 8.60215053763441, 6.61764705882353, 2.73972602739726, 36.84210526315789, 2.1739130434782608, 3.9215686274509802, 11.11111111111111, 0.0, 3.731343283582089, 10.344827586206897, 10.0, 0.0, 1.7857142857142856, 0.0, 5.597014925373134, 1.2658227848101267, 9.826589595375722, 6.896551724137931, 28.125, 0.0, 10.317460317460316, 4.081632653061225, 23.157894736842106, 7.6923076923076925, 10.569105691056912, 2.3255813953488373, 7.738095238095238, 15.346534653465346, 46.49122807017544, 3.125, 25.806451612903224, 1.639344262295082, 2.564102564102564, 9.375, 2.941176470588235, 3.3333333333333335, 3.4482758620689653, 6.382978723404255, 7.5, 8.661417322834646, 1.2345679012345678, 10.204081632653061, 0.0, 2.898550724637681, 15.217391304347828, 6.896551724137931, 4.819277108433735, 10.655737704918032, 2.272727272727273, 9.803921568627452, 5.633802816901409, 8.695652173913043, 0.0, 0.0, 1.0204081632653061, 1.3157894736842104, 14.545454545454545, 2.0618556701030926, 2.5, 10.0, 8.108108108108109, 2.1052631578947367, 8.064516129032258, 9.67741935483871, 2.666666666666667, 8.018867924528301, 4.166666666666666, 12.5, 11.822660098522167, 10.909090909090908, 6.493506493506493, 20.0, 15.384615384615385, 15.384615384615385, 7.6923076923076925, 6.58682634730539, 10.344827586206897, 29.78723404255319, 12.195121951219512, 3.125, 4.958677685950414, 18.3206106870229, 4.182509505703422, 8.108108108108109, 3.6231884057971016, 6.25, 100.0, 6.153846153846154, 2.3255813953488373, 2.1739130434782608, 1.3888888888888888, 8.333333333333332, 2.803738317757009, 1.639344262295082, 0.0, 11.11111111111111, 6.41025641025641, 1.7699115044247788, 1.7857142857142856, 11.0, 6.896551724137931, 3.571428571428571, 2.3952095808383236, 2.7777777777777777, 3.8461538461538463, 17.02127659574468, 30.508474576271187, 0.0, 3.076923076923077, 11.659192825112108, 6.578947368421052, 9.6, 16.756756756756758, 0.0, 6.722689075630252, 10.526315789473683, 2.7027027027027026, 4.081632653061225, 9.30232558139535, 3.225806451612903, 0.0, 4.166666666666666, 22.916666666666664, 2.083333333333333, 12.280701754385964, 0.0, 6.578947368421052, 1.9607843137254901]
RMSE: 10.722729273693478 [4, 225, 64, 81, 4, 196, 1, 16, 36, 0, 25, 9, 9, 0, 1, 0, 225, 1, 289, 16, 729, 0, 169, 4, 484, 4, 169, 1, 169, 961, 2809, 9, 576, 1, 36, 36, 4, 1, 4, 9, 9, 121, 1, 25, 0, 4, 49, 16, 16, 169, 1, 100, 16, 4, 0, 0, 1, 1, 64, 4, 49, 25, 144, 4, 100, 9, 4, 289, 25, 36, 576, 144, 25, 36, 36, 16, 9, 121, 36, 196, 25, 1, 36, 576, 121, 36, 25, 36, 324, 16, 1, 1, 1, 49, 9, 1, 0, 121, 25, 4, 1, 121, 4, 36, 16, 1, 1, 64, 1296, 0, 4, 676, 25, 144, 961, 0, 64, 36, 1, 4, 16, 9, 0, 4, 121, 1, 49, 0, 25, 1]

pred: 10272 [44, 225, 85, 127, 75, 24, 47, 106, 48, 84, 129, 26, 27, 54, 57, 26, 253, 78, 156, 54, 69, 81, 113, 47, 73, 24, 110, 44, 155, 171, 61, 93, 69, 62, 228, 70, 70, 31, 56, 44, 43, 116, 80, 44, 32, 67, 39, 62, 79, 109, 43, 92, 67, 21, 49, 19, 97, 75, 47, 95, 287, 45, 136, 97, 114, 28, 73, 195, 115, 42, 179, 98, 72, 24, 33, 22, 36, 156, 52, 33, 36, 31, 115, 107, 252, 68, 133, 90, 0, 61, 42, 47, 71, 77, 104, 62, 16, 88, 73, 111, 55, 89, 31, 162, 163, 35, 25, 39, 82, 91, 63, 197, 71, 113, 154, 48, 111, 51, 36, 47, 47, 90, 35, 46, 37, 49, 50, 41, 71, 50]
real: 11073 [46, 240, 93, 136, 73, 38, 46, 102, 54, 84, 134, 29, 30, 54, 56, 26, 268, 79, 173, 58, 96, 81, 126, 49, 95, 26, 123, 43, 168, 202, 114, 96, 93, 61, 234, 64, 68, 30, 58, 47, 40, 127, 81, 49, 32, 69, 46, 58, 83, 122, 44, 102, 71, 23, 49, 19, 98, 76, 55, 97, 280, 50, 148, 95, 124, 31, 75, 212, 120, 48, 203, 110, 77, 30, 39, 26, 39, 167, 58, 47, 41, 32, 121, 131, 263, 74, 138, 96, 18, 65, 43, 46, 72, 84, 107, 61, 16, 99, 78, 113, 56, 100, 29, 168, 167, 36, 26, 47, 118, 91, 65, 223, 76, 125, 185, 48, 119, 57, 37, 49, 43, 93, 35, 48, 48, 48, 57, 41, 76, 51]

grid_scale: 0.4
resize_scale: 0.5
confiance: 0.5

random_seed: 1011
data_augmentation: True
samples: 130
