MAE: 8.738461538461538 [9, 28, 7, 16, 17, 6, 4, 13, 3, 9, 6, 2, 4, 6, 9, 1, 38, 10, 6, 3, 5, 13, 14, 6, 3, 5, 2, 3, 14, 10, 11, 5, 2, 10, 40, 20, 10, 2, 5, 5, 7, 5, 23, 9, 2, 9, 2, 11, 7, 9, 5, 9, 7, 3, 12, 2, 14, 7, 4, 7, 64, 9, 14, 14, 11, 3, 4, 21, 3, 2, 8, 12, 4, 2, 0, 2, 4, 10, 4, 1, 4, 1, 14, 15, 26, 10, 28, 7, 18, 12, 5, 2, 5, 1, 3, 19, 2, 4, 8, 16, 8, 5, 2, 14, 19, 2, 6, 4, 4, 8, 2, 16, 9, 13, 9, 5, 15, 3, 5, 7, 7, 9, 4, 8, 2, 4, 4, 3, 7, 4]
MAPE: 10.98955205475482 [19.565217391304348, 11.666666666666666, 7.526881720430108, 11.76470588235294, 23.28767123287671, 15.789473684210526, 8.695652173913043, 12.745098039215685, 5.555555555555555, 10.714285714285714, 4.477611940298507, 6.896551724137931, 13.333333333333334, 11.11111111111111, 16.071428571428573, 3.8461538461538463, 14.17910447761194, 12.658227848101266, 3.4682080924855487, 5.172413793103448, 5.208333333333334, 16.049382716049383, 11.11111111111111, 12.244897959183673, 3.1578947368421053, 19.230769230769234, 1.6260162601626018, 6.976744186046512, 8.333333333333332, 4.9504950495049505, 9.649122807017543, 5.208333333333334, 2.1505376344086025, 16.39344262295082, 17.094017094017094, 31.25, 14.705882352941178, 6.666666666666667, 8.620689655172415, 10.638297872340425, 17.5, 3.937007874015748, 28.39506172839506, 18.367346938775512, 6.25, 13.043478260869565, 4.3478260869565215, 18.96551724137931, 8.433734939759036, 7.377049180327869, 11.363636363636363, 8.823529411764707, 9.859154929577464, 13.043478260869565, 24.489795918367346, 10.526315789473683, 14.285714285714285, 9.210526315789473, 7.2727272727272725, 7.216494845360824, 22.857142857142858, 18.0, 9.45945945945946, 14.736842105263156, 8.870967741935484, 9.67741935483871, 5.333333333333334, 9.90566037735849, 2.5, 4.166666666666666, 3.9408866995073892, 10.909090909090908, 5.194805194805195, 6.666666666666667, 0.0, 7.6923076923076925, 10.256410256410255, 5.9880239520958085, 6.896551724137931, 2.127659574468085, 9.75609756097561, 3.125, 11.570247933884298, 11.450381679389313, 9.885931558935361, 13.513513513513514, 20.28985507246377, 7.291666666666667, 100.0, 18.461538461538463, 11.627906976744185, 4.3478260869565215, 6.944444444444445, 1.1904761904761905, 2.803738317757009, 31.147540983606557, 12.5, 4.040404040404041, 10.256410256410255, 14.15929203539823, 14.285714285714285, 5.0, 6.896551724137931, 8.333333333333332, 11.377245508982035, 5.555555555555555, 23.076923076923077, 8.51063829787234, 3.389830508474576, 8.791208791208792, 3.076923076923077, 7.174887892376682, 11.842105263157894, 10.4, 4.864864864864865, 10.416666666666668, 12.605042016806722, 5.263157894736842, 13.513513513513514, 14.285714285714285, 16.27906976744186, 9.67741935483871, 11.428571428571429, 16.666666666666664, 4.166666666666666, 8.333333333333332, 7.017543859649122, 7.317073170731707, 9.210526315789473, 7.8431372549019605]
RMSE: 12.151606414854724 [81, 784, 49, 256, 289, 36, 16, 169, 9, 81, 36, 4, 16, 36, 81, 1, 1444, 100, 36, 9, 25, 169, 196, 36, 9, 25, 4, 9, 196, 100, 121, 25, 4, 100, 1600, 400, 100, 4, 25, 25, 49, 25, 529, 81, 4, 81, 4, 121, 49, 81, 25, 81, 49, 9, 144, 4, 196, 49, 16, 49, 4096, 81, 196, 196, 121, 9, 16, 441, 9, 4, 64, 144, 16, 4, 0, 4, 16, 100, 16, 1, 16, 1, 196, 225, 676, 100, 784, 49, 324, 144, 25, 4, 25, 1, 9, 361, 4, 16, 64, 256, 64, 25, 4, 196, 361, 4, 36, 16, 16, 64, 4, 256, 81, 169, 81, 25, 225, 9, 25, 49, 49, 81, 16, 64, 4, 16, 16, 9, 49, 16]

pred: 12093 [55, 268, 100, 152, 90, 32, 50, 115, 57, 93, 140, 31, 34, 60, 65, 27, 306, 89, 179, 61, 91, 94, 140, 55, 98, 31, 125, 46, 182, 212, 103, 101, 91, 71, 274, 84, 78, 32, 63, 52, 47, 132, 104, 58, 30, 78, 48, 69, 90, 131, 49, 111, 78, 26, 61, 21, 112, 83, 51, 104, 344, 59, 162, 109, 135, 34, 79, 233, 123, 50, 211, 122, 81, 32, 39, 28, 43, 177, 62, 46, 45, 31, 135, 146, 289, 84, 166, 103, 0, 77, 48, 44, 77, 85, 110, 80, 18, 103, 86, 129, 64, 105, 31, 182, 186, 38, 32, 51, 114, 99, 67, 239, 85, 138, 194, 53, 134, 60, 42, 56, 50, 102, 39, 56, 46, 52, 61, 44, 83, 55]
real: 11073 [46, 240, 93, 136, 73, 38, 46, 102, 54, 84, 134, 29, 30, 54, 56, 26, 268, 79, 173, 58, 96, 81, 126, 49, 95, 26, 123, 43, 168, 202, 114, 96, 93, 61, 234, 64, 68, 30, 58, 47, 40, 127, 81, 49, 32, 69, 46, 58, 83, 122, 44, 102, 71, 23, 49, 19, 98, 76, 55, 97, 280, 50, 148, 95, 124, 31, 75, 212, 120, 48, 203, 110, 77, 30, 39, 26, 39, 167, 58, 47, 41, 32, 121, 131, 263, 74, 138, 96, 18, 65, 43, 46, 72, 84, 107, 61, 16, 99, 78, 113, 56, 100, 29, 168, 167, 36, 26, 47, 118, 91, 65, 223, 76, 125, 185, 48, 119, 57, 37, 49, 43, 93, 35, 48, 48, 48, 57, 41, 76, 51]

grid_scale: 0.35
resize_scale: 0.5
confiance: 0.3

random_seed: 1011
data_augmentation: True
samples: 130
