MAE: 10.2 [9, 18, 12, 14, 3, 14, 1, 3, 7, 6, 11, 7, 2, 7, 2, 0, 16, 9, 17, 10, 24, 4, 21, 5, 33, 1, 17, 4, 17, 39, 59, 8, 30, 4, 12, 0, 8, 2, 5, 5, 2, 24, 10, 3, 0, 6, 19, 0, 5, 13, 4, 12, 7, 5, 2, 0, 4, 6, 10, 5, 6, 4, 15, 2, 17, 5, 3, 19, 12, 5, 29, 21, 4, 4, 4, 8, 2, 30, 9, 13, 22, 1, 16, 33, 15, 4, 29, 6, 18, 13, 2, 8, 2, 12, 5, 9, 1, 15, 12, 10, 9, 10, 1, 16, 9, 1, 6, 16, 42, 5, 3, 22, 8, 12, 43, 1, 10, 5, 1, 1, 0, 5, 7, 2, 17, 1, 5, 5, 10, 5]
MAPE: 12.675021538144017 [19.565217391304348, 7.5, 12.903225806451612, 10.294117647058822, 4.10958904109589, 36.84210526315789, 2.1739130434782608, 2.941176470588235, 12.962962962962962, 7.142857142857142, 8.208955223880597, 24.137931034482758, 6.666666666666667, 12.962962962962962, 3.571428571428571, 0.0, 5.970149253731343, 11.39240506329114, 9.826589595375722, 17.24137931034483, 25.0, 4.938271604938271, 16.666666666666664, 10.204081632653061, 34.73684210526316, 3.8461538461538463, 13.821138211382115, 9.30232558139535, 10.119047619047619, 19.306930693069308, 51.75438596491229, 8.333333333333332, 32.25806451612903, 6.557377049180328, 5.128205128205128, 0.0, 11.76470588235294, 6.666666666666667, 8.620689655172415, 10.638297872340425, 5.0, 18.89763779527559, 12.345679012345679, 6.122448979591836, 0.0, 8.695652173913043, 41.30434782608695, 0.0, 6.024096385542169, 10.655737704918032, 9.090909090909092, 11.76470588235294, 9.859154929577464, 21.73913043478261, 4.081632653061225, 0.0, 4.081632653061225, 7.894736842105263, 18.181818181818183, 5.154639175257731, 2.142857142857143, 8.0, 10.135135135135135, 2.1052631578947367, 13.709677419354838, 16.129032258064516, 4.0, 8.962264150943396, 10.0, 10.416666666666668, 14.285714285714285, 19.090909090909093, 5.194805194805195, 13.333333333333334, 10.256410256410255, 30.76923076923077, 5.128205128205128, 17.964071856287426, 15.517241379310345, 27.659574468085108, 53.65853658536586, 3.125, 13.223140495867769, 25.190839694656486, 5.7034220532319395, 5.405405405405405, 21.014492753623188, 6.25, 100.0, 20.0, 4.651162790697675, 17.391304347826086, 2.7777777777777777, 14.285714285714285, 4.672897196261682, 14.754098360655737, 6.25, 15.151515151515152, 15.384615384615385, 8.849557522123893, 16.071428571428573, 10.0, 3.4482758620689653, 9.523809523809524, 5.389221556886228, 2.7777777777777777, 23.076923076923077, 34.04255319148936, 35.59322033898305, 5.4945054945054945, 4.615384615384616, 9.865470852017937, 10.526315789473683, 9.6, 23.243243243243246, 2.083333333333333, 8.403361344537815, 8.771929824561402, 2.7027027027027026, 2.0408163265306123, 0.0, 5.376344086021505, 20.0, 4.166666666666666, 35.41666666666667, 2.083333333333333, 8.771929824561402, 12.195121951219512, 13.157894736842104, 9.803921568627452]
RMSE: 14.25482374496437 [81, 324, 144, 196, 9, 196, 1, 9, 49, 36, 121, 49, 4, 49, 4, 0, 256, 81, 289, 100, 576, 16, 441, 25, 1089, 1, 289, 16, 289, 1521, 3481, 64, 900, 16, 144, 0, 64, 4, 25, 25, 4, 576, 100, 9, 0, 36, 361, 0, 25, 169, 16, 144, 49, 25, 4, 0, 16, 36, 100, 25, 36, 16, 225, 4, 289, 25, 9, 361, 144, 25, 841, 441, 16, 16, 16, 64, 4, 900, 81, 169, 484, 1, 256, 1089, 225, 16, 841, 36, 324, 169, 4, 64, 4, 144, 25, 81, 1, 225, 144, 100, 81, 100, 1, 256, 81, 1, 36, 256, 1764, 25, 9, 484, 64, 144, 1849, 1, 100, 25, 1, 1, 0, 25, 49, 4, 289, 1, 25, 25, 100, 25]

pred: 9749 [37, 222, 81, 122, 70, 24, 45, 99, 47, 78, 123, 22, 28, 47, 54, 26, 252, 70, 156, 48, 72, 77, 105, 44, 62, 25, 106, 39, 151, 163, 55, 88, 63, 57, 222, 64, 60, 28, 53, 42, 38, 103, 71, 46, 32, 63, 27, 58, 78, 109, 40, 90, 64, 18, 47, 19, 94, 70, 45, 92, 274, 46, 133, 93, 107, 26, 72, 193, 108, 43, 174, 89, 73, 26, 35, 18, 37, 137, 49, 34, 19, 31, 105, 98, 248, 70, 109, 90, 0, 52, 41, 38, 70, 72, 102, 52, 15, 84, 66, 103, 47, 90, 30, 152, 158, 35, 20, 31, 76, 86, 62, 201, 68, 113, 142, 47, 109, 52, 36, 48, 43, 88, 28, 46, 31, 47, 52, 36, 66, 46]
real: 11073 [46, 240, 93, 136, 73, 38, 46, 102, 54, 84, 134, 29, 30, 54, 56, 26, 268, 79, 173, 58, 96, 81, 126, 49, 95, 26, 123, 43, 168, 202, 114, 96, 93, 61, 234, 64, 68, 30, 58, 47, 40, 127, 81, 49, 32, 69, 46, 58, 83, 122, 44, 102, 71, 23, 49, 19, 98, 76, 55, 97, 280, 50, 148, 95, 124, 31, 75, 212, 120, 48, 203, 110, 77, 30, 39, 26, 39, 167, 58, 47, 41, 32, 121, 131, 263, 74, 138, 96, 18, 65, 43, 46, 72, 84, 107, 61, 16, 99, 78, 113, 56, 100, 29, 168, 167, 36, 26, 47, 118, 91, 65, 223, 76, 125, 185, 48, 119, 57, 37, 49, 43, 93, 35, 48, 48, 48, 57, 41, 76, 51]

grid_scale: 0.4
resize_scale: 0.5
confiance: 0.55

random_seed: 1011
data_augmentation: True
samples: 130
