MAE: 9.615384615384615 [5, 19, 14, 12, 1, 14, 0, 7, 9, 8, 4, 7, 3, 3, 1, 0, 29, 7, 22, 7, 23, 2, 19, 1, 26, 1, 19, 3, 13, 39, 44, 8, 30, 1, 14, 3, 6, 0, 3, 2, 1, 24, 9, 2, 1, 4, 9, 3, 5, 19, 2, 11, 5, 1, 4, 1, 7, 12, 10, 4, 11, 5, 10, 1, 18, 3, 2, 18, 14, 9, 23, 20, 10, 4, 3, 6, 3, 24, 11, 16, 16, 2, 5, 19, 19, 6, 17, 3, 18, 9, 4, 5, 2, 10, 8, 2, 2, 18, 13, 6, 3, 11, 1, 19, 5, 3, 6, 14, 55, 2, 5, 26, 9, 10, 30, 4, 7, 7, 2, 2, 1, 10, 4, 5, 20, 6, 6, 7, 10, 2]
MAPE: 11.840989720147249 [10.869565217391305, 7.916666666666666, 15.053763440860216, 8.823529411764707, 1.36986301369863, 36.84210526315789, 0.0, 6.862745098039216, 16.666666666666664, 9.523809523809524, 2.9850746268656714, 24.137931034482758, 10.0, 5.555555555555555, 1.7857142857142856, 0.0, 10.820895522388058, 8.860759493670885, 12.716763005780345, 12.068965517241379, 23.958333333333336, 2.4691358024691357, 15.079365079365079, 2.0408163265306123, 27.368421052631582, 3.8461538461538463, 15.447154471544716, 6.976744186046512, 7.738095238095238, 19.306930693069308, 38.59649122807017, 8.333333333333332, 32.25806451612903, 1.639344262295082, 5.982905982905983, 4.6875, 8.823529411764707, 0.0, 5.172413793103448, 4.25531914893617, 2.5, 18.89763779527559, 11.11111111111111, 4.081632653061225, 3.125, 5.797101449275362, 19.565217391304348, 5.172413793103448, 6.024096385542169, 15.573770491803279, 4.545454545454546, 10.784313725490197, 7.042253521126761, 4.3478260869565215, 8.16326530612245, 5.263157894736842, 7.142857142857142, 15.789473684210526, 18.181818181818183, 4.123711340206185, 3.9285714285714284, 10.0, 6.756756756756757, 1.0526315789473684, 14.516129032258066, 9.67741935483871, 2.666666666666667, 8.49056603773585, 11.666666666666666, 18.75, 11.330049261083744, 18.181818181818183, 12.987012987012985, 13.333333333333334, 7.6923076923076925, 23.076923076923077, 7.6923076923076925, 14.37125748502994, 18.96551724137931, 34.04255319148936, 39.02439024390244, 6.25, 4.132231404958678, 14.50381679389313, 7.224334600760455, 8.108108108108109, 12.318840579710146, 3.125, 100.0, 13.846153846153847, 9.30232558139535, 10.869565217391305, 2.7777777777777777, 11.904761904761903, 7.476635514018691, 3.278688524590164, 12.5, 18.181818181818183, 16.666666666666664, 5.3097345132743365, 5.357142857142857, 11.0, 3.4482758620689653, 11.30952380952381, 2.9940119760479043, 8.333333333333332, 23.076923076923077, 29.78723404255319, 46.61016949152542, 2.197802197802198, 7.6923076923076925, 11.659192825112108, 11.842105263157894, 8.0, 16.216216216216218, 8.333333333333332, 5.88235294117647, 12.280701754385964, 5.405405405405405, 4.081632653061225, 2.3255813953488373, 10.75268817204301, 11.428571428571429, 10.416666666666668, 41.66666666666667, 12.5, 10.526315789473683, 17.073170731707318, 13.157894736842104, 3.9215686274509802]
RMSE: 13.367584213024719 [25, 361, 196, 144, 1, 196, 0, 49, 81, 64, 16, 49, 9, 9, 1, 0, 841, 49, 484, 49, 529, 4, 361, 1, 676, 1, 361, 9, 169, 1521, 1936, 64, 900, 1, 196, 9, 36, 0, 9, 4, 1, 576, 81, 4, 1, 16, 81, 9, 25, 361, 4, 121, 25, 1, 16, 1, 49, 144, 100, 16, 121, 25, 100, 1, 324, 9, 4, 324, 196, 81, 529, 400, 100, 16, 9, 36, 9, 576, 121, 256, 256, 4, 25, 361, 361, 36, 289, 9, 324, 81, 16, 25, 4, 100, 64, 4, 4, 324, 169, 36, 9, 121, 1, 361, 25, 9, 36, 196, 3025, 4, 25, 676, 81, 100, 900, 16, 49, 49, 4, 4, 1, 100, 16, 25, 400, 36, 36, 49, 100, 4]

pred: 9847 [41, 221, 79, 124, 72, 24, 46, 95, 45, 76, 130, 22, 27, 51, 57, 26, 239, 72, 151, 51, 73, 79, 107, 50, 69, 25, 104, 40, 155, 163, 70, 88, 63, 60, 220, 67, 62, 30, 55, 45, 41, 103, 72, 47, 31, 65, 37, 61, 78, 103, 42, 91, 66, 22, 45, 20, 91, 64, 45, 93, 269, 45, 138, 94, 106, 28, 73, 194, 106, 39, 180, 90, 67, 26, 36, 20, 36, 143, 47, 31, 25, 30, 116, 112, 244, 68, 121, 93, 0, 56, 39, 41, 70, 74, 99, 59, 14, 81, 65, 107, 53, 89, 30, 149, 162, 33, 20, 33, 63, 89, 60, 197, 67, 115, 155, 44, 112, 50, 35, 47, 44, 83, 31, 43, 28, 42, 51, 34, 66, 49]
real: 11073 [46, 240, 93, 136, 73, 38, 46, 102, 54, 84, 134, 29, 30, 54, 56, 26, 268, 79, 173, 58, 96, 81, 126, 49, 95, 26, 123, 43, 168, 202, 114, 96, 93, 61, 234, 64, 68, 30, 58, 47, 40, 127, 81, 49, 32, 69, 46, 58, 83, 122, 44, 102, 71, 23, 49, 19, 98, 76, 55, 97, 280, 50, 148, 95, 124, 31, 75, 212, 120, 48, 203, 110, 77, 30, 39, 26, 39, 167, 58, 47, 41, 32, 121, 131, 263, 74, 138, 96, 18, 65, 43, 46, 72, 84, 107, 61, 16, 99, 78, 113, 56, 100, 29, 168, 167, 36, 26, 47, 118, 91, 65, 223, 76, 125, 185, 48, 119, 57, 37, 49, 43, 93, 35, 48, 48, 48, 57, 41, 76, 51]

grid_scale: 0.35
resize_scale: 0.5
confiance: 0.55

random_seed: 1011
data_augmentation: True
samples: 130
