MAE: 4.438461538461539 [0, 6, 2, 5, 3, 11, 1, 2, 4, 1, 3, 3, 2, 2, 5, 1, 4, 0, 8, 3, 12, 4, 2, 7, 18, 1, 8, 2, 2, 17, 44, 4, 12, 5, 4, 9, 5, 2, 0, 5, 3, 4, 5, 1, 1, 4, 2, 6, 1, 5, 0, 2, 2, 2, 3, 1, 1, 0, 3, 4, 26, 2, 4, 3, 0, 2, 3, 6, 1, 5, 7, 9, 1, 5, 8, 6, 2, 3, 5, 2, 5, 0, 2, 11, 10, 1, 0, 4, 18, 5, 2, 3, 4, 3, 4, 3, 0, 3, 3, 3, 0, 1, 2, 0, 3, 1, 0, 8, 27, 5, 3, 2, 3, 7, 14, 1, 0, 1, 3, 2, 4, 4, 0, 2, 13, 3, 0, 1, 3, 1]
MAPE: 6.4301134027003775 [0.0, 2.5, 2.1505376344086025, 3.6764705882352944, 4.10958904109589, 28.947368421052634, 2.1739130434782608, 1.9607843137254901, 7.4074074074074066, 1.1904761904761905, 2.2388059701492535, 10.344827586206897, 6.666666666666667, 3.7037037037037033, 8.928571428571429, 3.8461538461538463, 1.4925373134328357, 0.0, 4.624277456647398, 5.172413793103448, 12.5, 4.938271604938271, 1.5873015873015872, 14.285714285714285, 18.947368421052634, 3.8461538461538463, 6.504065040650407, 4.651162790697675, 1.1904761904761905, 8.415841584158416, 38.59649122807017, 4.166666666666666, 12.903225806451612, 8.19672131147541, 1.7094017094017095, 14.0625, 7.352941176470589, 6.666666666666667, 0.0, 10.638297872340425, 7.5, 3.149606299212598, 6.172839506172839, 2.0408163265306123, 3.125, 5.797101449275362, 4.3478260869565215, 10.344827586206897, 1.2048192771084338, 4.098360655737705, 0.0, 1.9607843137254901, 2.8169014084507045, 8.695652173913043, 6.122448979591836, 5.263157894736842, 1.0204081632653061, 0.0, 5.454545454545454, 4.123711340206185, 9.285714285714286, 4.0, 2.7027027027027026, 3.1578947368421053, 0.0, 6.451612903225806, 4.0, 2.8301886792452833, 0.8333333333333334, 10.416666666666668, 3.4482758620689653, 8.181818181818182, 1.2987012987012987, 16.666666666666664, 20.51282051282051, 23.076923076923077, 5.128205128205128, 1.7964071856287425, 8.620689655172415, 4.25531914893617, 12.195121951219512, 0.0, 1.6528925619834711, 8.396946564885496, 3.802281368821293, 1.3513513513513513, 0.0, 4.166666666666666, 100.0, 7.6923076923076925, 4.651162790697675, 6.521739130434782, 5.555555555555555, 3.571428571428571, 3.7383177570093453, 4.918032786885246, 0.0, 3.0303030303030303, 3.8461538461538463, 2.6548672566371683, 0.0, 1.0, 6.896551724137931, 0.0, 1.7964071856287425, 2.7777777777777777, 0.0, 17.02127659574468, 22.88135593220339, 5.4945054945054945, 4.615384615384616, 0.8968609865470852, 3.9473684210526314, 5.6000000000000005, 7.567567567567568, 2.083333333333333, 0.0, 1.7543859649122806, 8.108108108108109, 4.081632653061225, 9.30232558139535, 4.301075268817205, 0.0, 4.166666666666666, 27.083333333333332, 6.25, 0.0, 2.4390243902439024, 3.9473684210526314, 1.9607843137254901]
RMSE: 7.250994626733844 [0, 36, 4, 25, 9, 121, 1, 4, 16, 1, 9, 9, 4, 4, 25, 1, 16, 0, 64, 9, 144, 16, 4, 49, 324, 1, 64, 4, 4, 289, 1936, 16, 144, 25, 16, 81, 25, 4, 0, 25, 9, 16, 25, 1, 1, 16, 4, 36, 1, 25, 0, 4, 4, 4, 9, 1, 1, 0, 9, 16, 676, 4, 16, 9, 0, 4, 9, 36, 1, 25, 49, 81, 1, 25, 64, 36, 4, 9, 25, 4, 25, 0, 4, 121, 100, 1, 0, 16, 324, 25, 4, 9, 16, 9, 16, 9, 0, 9, 9, 9, 0, 1, 4, 0, 9, 1, 0, 64, 729, 25, 9, 4, 9, 49, 196, 1, 0, 1, 9, 4, 16, 16, 0, 4, 169, 9, 0, 1, 9, 1]

pred: 10898 [46, 246, 91, 131, 76, 27, 47, 104, 50, 85, 137, 26, 28, 56, 61, 27, 272, 79, 165, 55, 84, 85, 124, 56, 77, 27, 115, 45, 170, 185, 70, 100, 81, 66, 238, 73, 73, 32, 58, 52, 43, 123, 86, 48, 33, 73, 44, 64, 84, 117, 44, 100, 69, 21, 52, 20, 97, 76, 52, 101, 306, 52, 144, 98, 124, 29, 72, 218, 119, 43, 196, 101, 76, 25, 31, 20, 37, 164, 53, 45, 36, 32, 119, 120, 273, 73, 138, 100, 0, 70, 41, 43, 76, 81, 103, 64, 16, 96, 75, 116, 56, 99, 31, 168, 164, 37, 26, 39, 91, 96, 68, 221, 73, 118, 171, 47, 119, 58, 34, 51, 47, 97, 35, 46, 35, 51, 57, 42, 79, 50]
real: 11073 [46, 240, 93, 136, 73, 38, 46, 102, 54, 84, 134, 29, 30, 54, 56, 26, 268, 79, 173, 58, 96, 81, 126, 49, 95, 26, 123, 43, 168, 202, 114, 96, 93, 61, 234, 64, 68, 30, 58, 47, 40, 127, 81, 49, 32, 69, 46, 58, 83, 122, 44, 102, 71, 23, 49, 19, 98, 76, 55, 97, 280, 50, 148, 95, 124, 31, 75, 212, 120, 48, 203, 110, 77, 30, 39, 26, 39, 167, 58, 47, 41, 32, 121, 131, 263, 74, 138, 96, 18, 65, 43, 46, 72, 84, 107, 61, 16, 99, 78, 113, 56, 100, 29, 168, 167, 36, 26, 47, 118, 91, 65, 223, 76, 125, 185, 48, 119, 57, 37, 49, 43, 93, 35, 48, 48, 48, 57, 41, 76, 51]

grid_scale: 0.3
resize_scale: 0.5
confiance: 0.45

random_seed: 1011
data_augmentation: True
samples: 130
