MAE: 10.092307692307692 [7, 31, 26, 10, 2, 16, 1, 3, 4, 2, 6, 2, 5, 1, 1, 0, 24, 7, 28, 9, 39, 3, 27, 6, 38, 0, 13, 5, 16, 32, 64, 10, 24, 3, 23, 7, 8, 2, 3, 1, 1, 12, 12, 6, 0, 9, 14, 2, 6, 12, 4, 15, 5, 3, 0, 1, 2, 10, 9, 6, 3, 5, 12, 5, 16, 5, 6, 22, 19, 6, 26, 16, 9, 6, 7, 7, 2, 17, 8, 16, 9, 2, 7, 26, 19, 4, 14, 3, 18, 3, 3, 5, 4, 9, 4, 0, 3, 23, 13, 11, 3, 12, 0, 16, 10, 2, 2, 16, 51, 4, 4, 24, 9, 12, 40, 2, 11, 6, 1, 1, 3, 14, 4, 1, 13, 2, 6, 3, 6, 3]
MAPE: 12.125418215148525 [15.217391304347828, 12.916666666666668, 27.956989247311824, 7.352941176470589, 2.73972602739726, 42.10526315789473, 2.1739130434782608, 2.941176470588235, 7.4074074074074066, 2.380952380952381, 4.477611940298507, 6.896551724137931, 16.666666666666664, 1.8518518518518516, 1.7857142857142856, 0.0, 8.955223880597014, 8.860759493670885, 16.184971098265898, 15.517241379310345, 40.625, 3.7037037037037033, 21.428571428571427, 12.244897959183673, 40.0, 0.0, 10.569105691056912, 11.627906976744185, 9.523809523809524, 15.841584158415841, 56.14035087719298, 10.416666666666668, 25.806451612903224, 4.918032786885246, 9.82905982905983, 10.9375, 11.76470588235294, 6.666666666666667, 5.172413793103448, 2.127659574468085, 2.5, 9.448818897637794, 14.814814814814813, 12.244897959183673, 0.0, 13.043478260869565, 30.434782608695656, 3.4482758620689653, 7.228915662650602, 9.836065573770492, 9.090909090909092, 14.705882352941178, 7.042253521126761, 13.043478260869565, 0.0, 5.263157894736842, 2.0408163265306123, 13.157894736842104, 16.363636363636363, 6.185567010309279, 1.0714285714285714, 10.0, 8.108108108108109, 5.263157894736842, 12.903225806451612, 16.129032258064516, 8.0, 10.377358490566039, 15.833333333333332, 12.5, 12.807881773399016, 14.545454545454545, 11.688311688311687, 20.0, 17.94871794871795, 26.923076923076923, 5.128205128205128, 10.179640718562874, 13.793103448275861, 34.04255319148936, 21.951219512195124, 6.25, 5.785123966942149, 19.84732824427481, 7.224334600760455, 5.405405405405405, 10.144927536231885, 3.125, 100.0, 4.615384615384616, 6.976744186046512, 10.869565217391305, 5.555555555555555, 10.714285714285714, 3.7383177570093453, 0.0, 18.75, 23.232323232323232, 16.666666666666664, 9.734513274336283, 5.357142857142857, 12.0, 0.0, 9.523809523809524, 5.9880239520958085, 5.555555555555555, 7.6923076923076925, 34.04255319148936, 43.22033898305085, 4.395604395604396, 6.153846153846154, 10.762331838565023, 11.842105263157894, 9.6, 21.62162162162162, 4.166666666666666, 9.243697478991598, 10.526315789473683, 2.7027027027027026, 2.0408163265306123, 6.976744186046512, 15.053763440860216, 11.428571428571429, 2.083333333333333, 27.083333333333332, 4.166666666666666, 10.526315789473683, 7.317073170731707, 7.894736842105263, 5.88235294117647]
RMSE: 14.64503066152212 [49, 961, 676, 100, 4, 256, 1, 9, 16, 4, 36, 4, 25, 1, 1, 0, 576, 49, 784, 81, 1521, 9, 729, 36, 1444, 0, 169, 25, 256, 1024, 4096, 100, 576, 9, 529, 49, 64, 4, 9, 1, 1, 144, 144, 36, 0, 81, 196, 4, 36, 144, 16, 225, 25, 9, 0, 1, 4, 100, 81, 36, 9, 25, 144, 25, 256, 25, 36, 484, 361, 36, 676, 256, 81, 36, 49, 49, 4, 289, 64, 256, 81, 4, 49, 676, 361, 16, 196, 9, 324, 9, 9, 25, 16, 81, 16, 0, 9, 529, 169, 121, 9, 144, 0, 256, 100, 4, 4, 256, 2601, 16, 16, 576, 81, 144, 1600, 4, 121, 36, 1, 1, 9, 196, 16, 1, 169, 4, 36, 9, 36, 9]

pred: 9789 [39, 209, 67, 126, 71, 22, 45, 99, 50, 82, 128, 27, 25, 55, 55, 26, 244, 72, 145, 49, 57, 78, 99, 43, 57, 26, 110, 38, 152, 170, 50, 86, 69, 58, 211, 71, 60, 28, 55, 48, 41, 115, 69, 43, 32, 60, 32, 56, 77, 110, 40, 87, 66, 20, 49, 20, 96, 66, 46, 91, 277, 45, 136, 90, 108, 26, 69, 190, 101, 42, 177, 94, 68, 24, 32, 19, 37, 150, 50, 31, 32, 30, 114, 105, 244, 70, 124, 93, 0, 62, 40, 41, 68, 75, 103, 61, 13, 76, 65, 102, 53, 88, 29, 152, 157, 34, 24, 31, 67, 87, 61, 199, 67, 113, 145, 46, 108, 51, 36, 48, 46, 79, 31, 47, 35, 46, 51, 38, 70, 48]
real: 11073 [46, 240, 93, 136, 73, 38, 46, 102, 54, 84, 134, 29, 30, 54, 56, 26, 268, 79, 173, 58, 96, 81, 126, 49, 95, 26, 123, 43, 168, 202, 114, 96, 93, 61, 234, 64, 68, 30, 58, 47, 40, 127, 81, 49, 32, 69, 46, 58, 83, 122, 44, 102, 71, 23, 49, 19, 98, 76, 55, 97, 280, 50, 148, 95, 124, 31, 75, 212, 120, 48, 203, 110, 77, 30, 39, 26, 39, 167, 58, 47, 41, 32, 121, 131, 263, 74, 138, 96, 18, 65, 43, 46, 72, 84, 107, 61, 16, 99, 78, 113, 56, 100, 29, 168, 167, 36, 26, 47, 118, 91, 65, 223, 76, 125, 185, 48, 119, 57, 37, 49, 43, 93, 35, 48, 48, 48, 57, 41, 76, 51]

grid_scale: 0.35
resize_scale: 0.5
confiance: 0.55

random_seed: 1011
data_augmentation: True
samples: 130
