MAE: 6.061538461538461 [3, 8, 4, 6, 4, 13, 0, 0, 5, 1, 4, 1, 1, 0, 1, 0, 15, 3, 12, 5, 19, 2, 27, 1, 18, 1, 17, 1, 9, 31, 52, 13, 25, 1, 3, 7, 2, 2, 3, 4, 1, 10, 1, 1, 0, 1, 9, 5, 1, 4, 1, 4, 3, 0, 3, 1, 1, 2, 7, 4, 11, 2, 3, 0, 10, 1, 3, 6, 5, 9, 21, 8, 3, 4, 2, 4, 0, 11, 3, 15, 9, 3, 5, 23, 13, 2, 6, 6, 18, 0, 2, 2, 0, 6, 3, 0, 2, 19, 6, 3, 2, 6, 1, 8, 2, 1, 0, 12, 29, 1, 1, 17, 4, 8, 30, 0, 2, 0, 1, 2, 1, 2, 1, 0, 11, 0, 2, 4, 7, 1]
MAPE: 7.532893847653239 [6.521739130434782, 3.3333333333333335, 4.301075268817205, 4.411764705882353, 5.47945205479452, 34.21052631578947, 0.0, 0.0, 9.25925925925926, 1.1904761904761905, 2.9850746268656714, 3.4482758620689653, 3.3333333333333335, 0.0, 1.7857142857142856, 0.0, 5.597014925373134, 3.79746835443038, 6.9364161849710975, 8.620689655172415, 19.791666666666664, 2.4691358024691357, 21.428571428571427, 2.0408163265306123, 18.947368421052634, 3.8461538461538463, 13.821138211382115, 2.3255813953488373, 5.357142857142857, 15.346534653465346, 45.614035087719294, 13.541666666666666, 26.881720430107524, 1.639344262295082, 1.282051282051282, 10.9375, 2.941176470588235, 6.666666666666667, 5.172413793103448, 8.51063829787234, 2.5, 7.874015748031496, 1.2345679012345678, 2.0408163265306123, 0.0, 1.4492753623188406, 19.565217391304348, 8.620689655172415, 1.2048192771084338, 3.278688524590164, 2.272727272727273, 3.9215686274509802, 4.225352112676056, 0.0, 6.122448979591836, 5.263157894736842, 1.0204081632653061, 2.631578947368421, 12.727272727272727, 4.123711340206185, 3.9285714285714284, 4.0, 2.027027027027027, 0.0, 8.064516129032258, 3.225806451612903, 4.0, 2.8301886792452833, 4.166666666666666, 18.75, 10.344827586206897, 7.2727272727272725, 3.896103896103896, 13.333333333333334, 5.128205128205128, 15.384615384615385, 0.0, 6.58682634730539, 5.172413793103448, 31.914893617021278, 21.951219512195124, 9.375, 4.132231404958678, 17.557251908396946, 4.942965779467681, 2.7027027027027026, 4.3478260869565215, 6.25, 100.0, 0.0, 4.651162790697675, 4.3478260869565215, 0.0, 7.142857142857142, 2.803738317757009, 0.0, 12.5, 19.19191919191919, 7.6923076923076925, 2.6548672566371683, 3.571428571428571, 6.0, 3.4482758620689653, 4.761904761904762, 1.1976047904191618, 2.7777777777777777, 0.0, 25.53191489361702, 24.576271186440678, 1.098901098901099, 1.5384615384615385, 7.623318385650224, 5.263157894736842, 6.4, 16.216216216216218, 0.0, 1.680672268907563, 0.0, 2.7027027027027026, 4.081632653061225, 2.3255813953488373, 2.1505376344086025, 2.857142857142857, 0.0, 22.916666666666664, 0.0, 3.508771929824561, 9.75609756097561, 9.210526315789473, 1.9607843137254901]
RMSE: 9.989224964160902 [9, 64, 16, 36, 16, 169, 0, 0, 25, 1, 16, 1, 1, 0, 1, 0, 225, 9, 144, 25, 361, 4, 729, 1, 324, 1, 289, 1, 81, 961, 2704, 169, 625, 1, 9, 49, 4, 4, 9, 16, 1, 100, 1, 1, 0, 1, 81, 25, 1, 16, 1, 16, 9, 0, 9, 1, 1, 4, 49, 16, 121, 4, 9, 0, 100, 1, 9, 36, 25, 81, 441, 64, 9, 16, 4, 16, 0, 121, 9, 225, 81, 9, 25, 529, 169, 4, 36, 36, 324, 0, 4, 4, 0, 36, 9, 0, 4, 361, 36, 9, 4, 36, 1, 64, 4, 1, 0, 144, 841, 1, 1, 289, 16, 64, 900, 0, 4, 0, 1, 4, 1, 4, 1, 0, 121, 0, 4, 16, 49, 1]

pred: 10369 [43, 232, 89, 130, 77, 25, 46, 102, 49, 83, 130, 28, 29, 54, 57, 26, 253, 82, 161, 53, 77, 79, 99, 48, 77, 25, 106, 42, 159, 171, 62, 83, 68, 62, 231, 71, 66, 28, 55, 43, 41, 117, 80, 48, 32, 70, 37, 63, 84, 118, 43, 98, 68, 23, 46, 20, 99, 78, 48, 93, 291, 48, 145, 95, 114, 30, 72, 206, 115, 39, 182, 102, 74, 26, 37, 22, 39, 156, 55, 32, 32, 29, 116, 108, 250, 72, 132, 90, 0, 65, 41, 44, 72, 78, 104, 61, 14, 80, 72, 110, 54, 94, 30, 160, 165, 35, 26, 35, 89, 92, 64, 206, 72, 117, 155, 48, 117, 57, 36, 47, 44, 91, 34, 48, 37, 48, 55, 37, 69, 50]
real: 11073 [46, 240, 93, 136, 73, 38, 46, 102, 54, 84, 134, 29, 30, 54, 56, 26, 268, 79, 173, 58, 96, 81, 126, 49, 95, 26, 123, 43, 168, 202, 114, 96, 93, 61, 234, 64, 68, 30, 58, 47, 40, 127, 81, 49, 32, 69, 46, 58, 83, 122, 44, 102, 71, 23, 49, 19, 98, 76, 55, 97, 280, 50, 148, 95, 124, 31, 75, 212, 120, 48, 203, 110, 77, 30, 39, 26, 39, 167, 58, 47, 41, 32, 121, 131, 263, 74, 138, 96, 18, 65, 43, 46, 72, 84, 107, 61, 16, 99, 78, 113, 56, 100, 29, 168, 167, 36, 26, 47, 118, 91, 65, 223, 76, 125, 185, 48, 119, 57, 37, 49, 43, 93, 35, 48, 48, 48, 57, 41, 76, 51]

grid_scale: 0.45
resize_scale: 0.5
confiance: 0.55

random_seed: 1011
data_augmentation: True
samples: 130
