MAE: 5.3076923076923075 [2, 16, 2, 6, 8, 9, 4, 10, 2, 7, 1, 1, 3, 3, 7, 8, 30, 9, 3, 1, 4, 8, 17, 3, 2, 3, 2, 2, 7, 6, 3, 5, 1, 1, 29, 11, 7, 0, 2, 2, 8, 3, 17, 2, 3, 6, 2, 8, 2, 6, 4, 1, 2, 0, 8, 2, 3, 1, 0, 8, 42, 3, 3, 8, 9, 7, 5, 11, 5, 2, 9, 8, 1, 1, 5, 6, 1, 3, 1, 3, 4, 1, 7, 6, 15, 5, 7, 2, 10, 9, 2, 2, 8, 0, 2, 9, 2, 4, 1, 2, 3, 7, 3, 4, 4, 2, 1, 2, 5, 5, 1, 21, 4, 5, 0, 9, 7, 1, 2, 2, 4, 7, 1, 5, 1, 5, 4, 7, 3, 1]
MAPE: 7.141039217572583 [4.3478260869565215, 6.666666666666667, 2.1505376344086025, 4.411764705882353, 10.95890410958904, 23.684210526315788, 8.695652173913043, 9.803921568627452, 3.7037037037037033, 8.333333333333332, 0.7462686567164178, 3.4482758620689653, 10.0, 5.555555555555555, 12.5, 30.76923076923077, 11.194029850746269, 11.39240506329114, 1.7341040462427744, 1.7241379310344827, 4.166666666666666, 9.876543209876543, 13.492063492063492, 6.122448979591836, 2.1052631578947367, 11.538461538461538, 1.6260162601626018, 4.651162790697675, 4.166666666666666, 2.9702970297029703, 2.631578947368421, 5.208333333333334, 1.0752688172043012, 1.639344262295082, 12.393162393162394, 17.1875, 10.294117647058822, 0.0, 3.4482758620689653, 4.25531914893617, 20.0, 2.3622047244094486, 20.98765432098765, 4.081632653061225, 9.375, 8.695652173913043, 4.3478260869565215, 13.793103448275861, 2.4096385542168677, 4.918032786885246, 9.090909090909092, 0.9803921568627451, 2.8169014084507045, 0.0, 16.3265306122449, 10.526315789473683, 3.061224489795918, 1.3157894736842104, 0.0, 8.24742268041237, 15.0, 6.0, 2.027027027027027, 8.421052631578947, 7.258064516129033, 22.58064516129032, 6.666666666666667, 5.188679245283019, 4.166666666666666, 4.166666666666666, 4.433497536945813, 7.2727272727272725, 1.2987012987012987, 3.3333333333333335, 12.82051282051282, 23.076923076923077, 2.564102564102564, 1.7964071856287425, 1.7241379310344827, 6.382978723404255, 9.75609756097561, 3.125, 5.785123966942149, 4.580152671755725, 5.7034220532319395, 6.756756756756757, 5.072463768115942, 2.083333333333333, 55.55555555555556, 13.846153846153847, 4.651162790697675, 4.3478260869565215, 11.11111111111111, 0.0, 1.8691588785046727, 14.754098360655737, 12.5, 4.040404040404041, 1.282051282051282, 1.7699115044247788, 5.357142857142857, 7.000000000000001, 10.344827586206897, 2.380952380952381, 2.3952095808383236, 5.555555555555555, 3.8461538461538463, 4.25531914893617, 4.23728813559322, 5.4945054945054945, 1.5384615384615385, 9.417040358744394, 5.263157894736842, 4.0, 0.0, 18.75, 5.88235294117647, 1.7543859649122806, 5.405405405405405, 4.081632653061225, 9.30232558139535, 7.526881720430108, 2.857142857142857, 10.416666666666668, 2.083333333333333, 10.416666666666668, 7.017543859649122, 17.073170731707318, 3.9473684210526314, 1.9607843137254901]
RMSE: 7.882795287108599 [4, 256, 4, 36, 64, 81, 16, 100, 4, 49, 1, 1, 9, 9, 49, 64, 900, 81, 9, 1, 16, 64, 289, 9, 4, 9, 4, 4, 49, 36, 9, 25, 1, 1, 841, 121, 49, 0, 4, 4, 64, 9, 289, 4, 9, 36, 4, 64, 4, 36, 16, 1, 4, 0, 64, 4, 9, 1, 0, 64, 1764, 9, 9, 64, 81, 49, 25, 121, 25, 4, 81, 64, 1, 1, 25, 36, 1, 9, 1, 9, 16, 1, 49, 36, 225, 25, 49, 4, 100, 81, 4, 4, 64, 0, 4, 81, 4, 16, 1, 4, 9, 49, 9, 16, 16, 4, 1, 4, 25, 25, 1, 441, 16, 25, 0, 81, 49, 1, 4, 4, 16, 49, 1, 25, 1, 25, 16, 49, 9, 1]

pred: 11651 [48, 256, 95, 142, 81, 29, 50, 112, 52, 91, 133, 28, 33, 57, 63, 34, 298, 88, 176, 59, 92, 89, 143, 52, 97, 29, 125, 45, 175, 208, 117, 101, 92, 62, 263, 75, 75, 30, 60, 45, 48, 130, 98, 51, 29, 75, 48, 66, 85, 128, 48, 103, 73, 23, 57, 21, 101, 77, 55, 105, 322, 53, 151, 103, 133, 38, 80, 223, 125, 46, 212, 118, 78, 31, 34, 32, 40, 170, 57, 44, 45, 33, 128, 137, 278, 79, 145, 98, 8, 74, 45, 48, 80, 84, 109, 70, 18, 95, 79, 115, 59, 107, 32, 172, 171, 38, 27, 45, 113, 96, 66, 244, 80, 130, 185, 57, 126, 58, 39, 51, 47, 100, 36, 53, 47, 53, 61, 48, 79, 52]
real: 11073 [46, 240, 93, 136, 73, 38, 46, 102, 54, 84, 134, 29, 30, 54, 56, 26, 268, 79, 173, 58, 96, 81, 126, 49, 95, 26, 123, 43, 168, 202, 114, 96, 93, 61, 234, 64, 68, 30, 58, 47, 40, 127, 81, 49, 32, 69, 46, 58, 83, 122, 44, 102, 71, 23, 49, 19, 98, 76, 55, 97, 280, 50, 148, 95, 124, 31, 75, 212, 120, 48, 203, 110, 77, 30, 39, 26, 39, 167, 58, 47, 41, 32, 121, 131, 263, 74, 138, 96, 18, 65, 43, 46, 72, 84, 107, 61, 16, 99, 78, 113, 56, 100, 29, 168, 167, 36, 26, 47, 118, 91, 65, 223, 76, 125, 185, 48, 119, 57, 37, 49, 43, 93, 35, 48, 48, 48, 57, 41, 76, 51]

grid_scale: 0.45
resize_scale: 0.5
confiance: 0.3

random_seed: 1011
data_augmentation: True
samples: 130
