MAE: 5.315384615384615 [5, 15, 0, 8, 10, 8, 2, 9, 1, 2, 10, 1, 0, 2, 6, 2, 18, 9, 1, 3, 15, 4, 1, 5, 5, 2, 8, 4, 14, 0, 30, 4, 9, 11, 18, 15, 6, 2, 0, 7, 4, 2, 11, 0, 2, 2, 1, 10, 4, 3, 4, 8, 1, 0, 4, 2, 2, 2, 1, 4, 41, 5, 6, 9, 8, 1, 1, 19, 4, 2, 5, 6, 0, 0, 3, 1, 1, 5, 3, 6, 8, 4, 4, 0, 12, 2, 2, 4, 18, 3, 1, 2, 6, 3, 5, 9, 1, 2, 1, 2, 3, 2, 4, 9, 6, 1, 3, 2, 25, 6, 1, 16, 0, 0, 8, 5, 7, 2, 3, 2, 7, 2, 1, 6, 4, 4, 3, 3, 1, 1]
MAPE: 7.135224414292304 [10.869565217391305, 6.25, 0.0, 5.88235294117647, 13.698630136986301, 21.052631578947366, 4.3478260869565215, 8.823529411764707, 1.8518518518518516, 2.380952380952381, 7.462686567164178, 3.4482758620689653, 0.0, 3.7037037037037033, 10.714285714285714, 7.6923076923076925, 6.7164179104477615, 11.39240506329114, 0.5780346820809248, 5.172413793103448, 15.625, 4.938271604938271, 0.7936507936507936, 10.204081632653061, 5.263157894736842, 7.6923076923076925, 6.504065040650407, 9.30232558139535, 8.333333333333332, 0.0, 26.31578947368421, 4.166666666666666, 9.67741935483871, 18.0327868852459, 7.6923076923076925, 23.4375, 8.823529411764707, 6.666666666666667, 0.0, 14.893617021276595, 10.0, 1.574803149606299, 13.580246913580247, 0.0, 6.25, 2.898550724637681, 2.1739130434782608, 17.24137931034483, 4.819277108433735, 2.459016393442623, 9.090909090909092, 7.8431372549019605, 1.4084507042253522, 0.0, 8.16326530612245, 10.526315789473683, 2.0408163265306123, 2.631578947368421, 1.8181818181818181, 4.123711340206185, 14.642857142857144, 10.0, 4.054054054054054, 9.473684210526317, 6.451612903225806, 3.225806451612903, 1.3333333333333335, 8.962264150943396, 3.3333333333333335, 4.166666666666666, 2.4630541871921183, 5.454545454545454, 0.0, 0.0, 7.6923076923076925, 3.8461538461538463, 2.564102564102564, 2.9940119760479043, 5.172413793103448, 12.76595744680851, 19.51219512195122, 12.5, 3.3057851239669422, 0.0, 4.562737642585551, 2.7027027027027026, 1.4492753623188406, 4.166666666666666, 100.0, 4.615384615384616, 2.3255813953488373, 4.3478260869565215, 8.333333333333332, 3.571428571428571, 4.672897196261682, 14.754098360655737, 6.25, 2.0202020202020203, 1.282051282051282, 1.7699115044247788, 5.357142857142857, 2.0, 13.793103448275861, 5.357142857142857, 3.592814371257485, 2.7777777777777777, 11.538461538461538, 4.25531914893617, 21.1864406779661, 6.593406593406594, 1.5384615384615385, 7.174887892376682, 0.0, 0.0, 4.324324324324325, 10.416666666666668, 5.88235294117647, 3.508771929824561, 8.108108108108109, 4.081632653061225, 16.27906976744186, 2.1505376344086025, 2.857142857142857, 12.5, 8.333333333333332, 8.333333333333332, 5.263157894736842, 7.317073170731707, 1.3157894736842104, 1.9607843137254901]
RMSE: 8.041718147835745 [25, 225, 0, 64, 100, 64, 4, 81, 1, 4, 100, 1, 0, 4, 36, 4, 324, 81, 1, 9, 225, 16, 1, 25, 25, 4, 64, 16, 196, 0, 900, 16, 81, 121, 324, 225, 36, 4, 0, 49, 16, 4, 121, 0, 4, 4, 1, 100, 16, 9, 16, 64, 1, 0, 16, 4, 4, 4, 1, 16, 1681, 25, 36, 81, 64, 1, 1, 361, 16, 4, 25, 36, 0, 0, 9, 1, 1, 25, 9, 36, 64, 16, 16, 0, 144, 4, 4, 16, 324, 9, 1, 4, 36, 9, 25, 81, 1, 4, 1, 4, 9, 4, 16, 81, 36, 1, 9, 4, 625, 36, 1, 256, 0, 0, 64, 25, 49, 4, 9, 4, 49, 4, 1, 36, 16, 16, 9, 9, 1, 1]

pred: 11398 [51, 255, 93, 144, 83, 30, 48, 111, 53, 86, 144, 30, 30, 56, 62, 28, 286, 88, 172, 61, 81, 85, 127, 54, 90, 28, 115, 47, 182, 202, 84, 100, 84, 72, 252, 79, 74, 32, 58, 54, 44, 125, 92, 49, 34, 71, 47, 68, 87, 125, 48, 110, 72, 23, 53, 21, 100, 78, 54, 101, 321, 55, 154, 104, 132, 32, 76, 231, 124, 46, 198, 104, 77, 30, 36, 25, 40, 172, 55, 41, 33, 36, 125, 131, 275, 76, 140, 100, 0, 62, 42, 48, 78, 81, 112, 70, 15, 101, 77, 115, 59, 102, 33, 177, 173, 37, 29, 45, 93, 97, 66, 239, 76, 125, 177, 53, 126, 55, 40, 51, 50, 95, 36, 54, 44, 52, 60, 44, 77, 50]
real: 11073 [46, 240, 93, 136, 73, 38, 46, 102, 54, 84, 134, 29, 30, 54, 56, 26, 268, 79, 173, 58, 96, 81, 126, 49, 95, 26, 123, 43, 168, 202, 114, 96, 93, 61, 234, 64, 68, 30, 58, 47, 40, 127, 81, 49, 32, 69, 46, 58, 83, 122, 44, 102, 71, 23, 49, 19, 98, 76, 55, 97, 280, 50, 148, 95, 124, 31, 75, 212, 120, 48, 203, 110, 77, 30, 39, 26, 39, 167, 58, 47, 41, 32, 121, 131, 263, 74, 138, 96, 18, 65, 43, 46, 72, 84, 107, 61, 16, 99, 78, 113, 56, 100, 29, 168, 167, 36, 26, 47, 118, 91, 65, 223, 76, 125, 185, 48, 119, 57, 37, 49, 43, 93, 35, 48, 48, 48, 57, 41, 76, 51]

grid_scale: 0.3
resize_scale: 0.5
confiance: 0.4

random_seed: 1011
data_augmentation: True
samples: 130
