MAE: 5.3076923076923075 [1, 11, 9, 2, 0, 13, 0, 3, 6, 1, 2, 7, 3, 1, 7, 2, 0, 3, 11, 5, 23, 0, 6, 3, 19, 0, 12, 1, 6, 21, 45, 2, 20, 4, 2, 7, 2, 0, 1, 1, 1, 8, 2, 2, 1, 0, 4, 4, 0, 6, 2, 8, 2, 3, 2, 1, 2, 3, 7, 2, 2, 2, 3, 1, 9, 0, 3, 7, 8, 7, 11, 14, 3, 3, 2, 6, 1, 8, 3, 10, 16, 0, 5, 16, 3, 0, 9, 0, 18, 7, 3, 2, 0, 5, 2, 2, 0, 11, 6, 1, 2, 4, 0, 9, 2, 0, 4, 10, 44, 1, 1, 6, 0, 3, 30, 1, 4, 4, 1, 2, 4, 4, 1, 3, 9, 1, 3, 1, 3, 2]
MAPE: 7.340106639113517 [2.1739130434782608, 4.583333333333333, 9.67741935483871, 1.4705882352941175, 0.0, 34.21052631578947, 0.0, 2.941176470588235, 11.11111111111111, 1.1904761904761905, 1.4925373134328357, 24.137931034482758, 10.0, 1.8518518518518516, 12.5, 7.6923076923076925, 0.0, 3.79746835443038, 6.358381502890173, 8.620689655172415, 23.958333333333336, 0.0, 4.761904761904762, 6.122448979591836, 20.0, 0.0, 9.75609756097561, 2.3255813953488373, 3.571428571428571, 10.396039603960396, 39.473684210526315, 2.083333333333333, 21.50537634408602, 6.557377049180328, 0.8547008547008548, 10.9375, 2.941176470588235, 0.0, 1.7241379310344827, 2.127659574468085, 2.5, 6.299212598425196, 2.4691358024691357, 4.081632653061225, 3.125, 0.0, 8.695652173913043, 6.896551724137931, 0.0, 4.918032786885246, 4.545454545454546, 7.8431372549019605, 2.8169014084507045, 13.043478260869565, 4.081632653061225, 5.263157894736842, 2.0408163265306123, 3.9473684210526314, 12.727272727272727, 2.0618556701030926, 0.7142857142857143, 4.0, 2.027027027027027, 1.0526315789473684, 7.258064516129033, 0.0, 4.0, 3.30188679245283, 6.666666666666667, 14.583333333333334, 5.41871921182266, 12.727272727272727, 3.896103896103896, 10.0, 5.128205128205128, 23.076923076923077, 2.564102564102564, 4.790419161676647, 5.172413793103448, 21.27659574468085, 39.02439024390244, 0.0, 4.132231404958678, 12.213740458015266, 1.1406844106463878, 0.0, 6.521739130434782, 0.0, 100.0, 10.76923076923077, 6.976744186046512, 4.3478260869565215, 0.0, 5.952380952380952, 1.8691588785046727, 3.278688524590164, 0.0, 11.11111111111111, 7.6923076923076925, 0.8849557522123894, 3.571428571428571, 4.0, 0.0, 5.357142857142857, 1.1976047904191618, 0.0, 15.384615384615385, 21.27659574468085, 37.28813559322034, 1.098901098901099, 1.5384615384615385, 2.690582959641256, 0.0, 2.4, 16.216216216216218, 2.083333333333333, 3.361344537815126, 7.017543859649122, 2.7027027027027026, 4.081632653061225, 9.30232558139535, 4.301075268817205, 2.857142857142857, 6.25, 18.75, 2.083333333333333, 5.263157894736842, 2.4390243902439024, 3.9473684210526314, 3.9215686274509802]
RMSE: 8.92705481624862 [1, 121, 81, 4, 0, 169, 0, 9, 36, 1, 4, 49, 9, 1, 49, 4, 0, 9, 121, 25, 529, 0, 36, 9, 361, 0, 144, 1, 36, 441, 2025, 4, 400, 16, 4, 49, 4, 0, 1, 1, 1, 64, 4, 4, 1, 0, 16, 16, 0, 36, 4, 64, 4, 9, 4, 1, 4, 9, 49, 4, 4, 4, 9, 1, 81, 0, 9, 49, 64, 49, 121, 196, 9, 9, 4, 36, 1, 64, 9, 100, 256, 0, 25, 256, 9, 0, 81, 0, 324, 49, 9, 4, 0, 25, 4, 4, 0, 121, 36, 1, 4, 16, 0, 81, 4, 0, 16, 100, 1936, 1, 1, 36, 0, 9, 900, 1, 16, 16, 1, 4, 16, 16, 1, 9, 81, 1, 9, 1, 9, 4]

pred: 10495 [45, 229, 84, 134, 73, 25, 46, 99, 48, 83, 132, 22, 33, 55, 63, 28, 268, 76, 162, 53, 73, 81, 120, 52, 76, 26, 111, 44, 162, 181, 69, 94, 73, 65, 232, 71, 66, 30, 57, 48, 41, 119, 83, 47, 33, 69, 42, 62, 83, 116, 46, 94, 69, 20, 47, 20, 96, 73, 48, 95, 278, 48, 145, 96, 115, 31, 78, 205, 112, 41, 192, 96, 74, 27, 37, 20, 38, 159, 55, 37, 25, 32, 116, 115, 260, 74, 129, 96, 0, 58, 40, 44, 72, 79, 105, 63, 16, 88, 72, 112, 54, 96, 29, 159, 165, 36, 22, 37, 74, 90, 64, 217, 76, 122, 155, 49, 115, 53, 38, 51, 47, 89, 34, 45, 39, 49, 54, 42, 73, 49]
real: 11073 [46, 240, 93, 136, 73, 38, 46, 102, 54, 84, 134, 29, 30, 54, 56, 26, 268, 79, 173, 58, 96, 81, 126, 49, 95, 26, 123, 43, 168, 202, 114, 96, 93, 61, 234, 64, 68, 30, 58, 47, 40, 127, 81, 49, 32, 69, 46, 58, 83, 122, 44, 102, 71, 23, 49, 19, 98, 76, 55, 97, 280, 50, 148, 95, 124, 31, 75, 212, 120, 48, 203, 110, 77, 30, 39, 26, 39, 167, 58, 47, 41, 32, 121, 131, 263, 74, 138, 96, 18, 65, 43, 46, 72, 84, 107, 61, 16, 99, 78, 113, 56, 100, 29, 168, 167, 36, 26, 47, 118, 91, 65, 223, 76, 125, 185, 48, 119, 57, 37, 49, 43, 93, 35, 48, 48, 48, 57, 41, 76, 51]

grid_scale: 0.3
resize_scale: 0.5
confiance: 0.5

random_seed: 1011
data_augmentation: True
samples: 130
