MAE: 7.530769230769231 [6, 17, 7, 8, 2, 14, 1, 1, 6, 3, 6, 5, 3, 1, 1, 1, 23, 1, 20, 6, 28, 2, 24, 3, 20, 0, 14, 0, 13, 30, 50, 7, 23, 1, 12, 6, 2, 0, 1, 4, 2, 12, 6, 5, 0, 2, 12, 4, 2, 7, 2, 8, 7, 3, 4, 3, 3, 5, 7, 3, 11, 6, 5, 1, 9, 4, 2, 11, 9, 9, 25, 16, 4, 9, 3, 6, 3, 12, 5, 11, 18, 1, 4, 28, 15, 3, 11, 1, 18, 2, 1, 3, 2, 6, 4, 1, 3, 10, 10, 3, 3, 5, 1, 5, 2, 2, 4, 12, 42, 1, 2, 17, 2, 8, 40, 1, 1, 6, 2, 1, 4, 4, 4, 1, 20, 1, 2, 4, 7, 1]
MAPE: 9.806236469708015 [13.043478260869565, 7.083333333333333, 7.526881720430108, 5.88235294117647, 2.73972602739726, 36.84210526315789, 2.1739130434782608, 0.9803921568627451, 11.11111111111111, 3.571428571428571, 4.477611940298507, 17.24137931034483, 10.0, 1.8518518518518516, 1.7857142857142856, 3.8461538461538463, 8.582089552238806, 1.2658227848101267, 11.560693641618498, 10.344827586206897, 29.166666666666668, 2.4691358024691357, 19.047619047619047, 6.122448979591836, 21.052631578947366, 0.0, 11.38211382113821, 0.0, 7.738095238095238, 14.85148514851485, 43.859649122807014, 7.291666666666667, 24.731182795698924, 1.639344262295082, 5.128205128205128, 9.375, 2.941176470588235, 0.0, 1.7241379310344827, 8.51063829787234, 5.0, 9.448818897637794, 7.4074074074074066, 10.204081632653061, 0.0, 2.898550724637681, 26.08695652173913, 6.896551724137931, 2.4096385542168677, 5.737704918032787, 4.545454545454546, 7.8431372549019605, 9.859154929577464, 13.043478260869565, 8.16326530612245, 15.789473684210526, 3.061224489795918, 6.578947368421052, 12.727272727272727, 3.0927835051546393, 3.9285714285714284, 12.0, 3.3783783783783785, 1.0526315789473684, 7.258064516129033, 12.903225806451612, 2.666666666666667, 5.188679245283019, 7.5, 18.75, 12.31527093596059, 14.545454545454545, 5.194805194805195, 30.0, 7.6923076923076925, 23.076923076923077, 7.6923076923076925, 7.18562874251497, 8.620689655172415, 23.404255319148938, 43.90243902439025, 3.125, 3.3057851239669422, 21.374045801526716, 5.7034220532319395, 4.054054054054054, 7.971014492753622, 1.0416666666666665, 100.0, 3.076923076923077, 2.3255813953488373, 6.521739130434782, 2.7777777777777777, 7.142857142857142, 3.7383177570093453, 1.639344262295082, 18.75, 10.1010101010101, 12.82051282051282, 2.6548672566371683, 5.357142857142857, 5.0, 3.4482758620689653, 2.976190476190476, 1.1976047904191618, 5.555555555555555, 15.384615384615385, 25.53191489361702, 35.59322033898305, 1.098901098901099, 3.076923076923077, 7.623318385650224, 2.631578947368421, 6.4, 21.62162162162162, 2.083333333333333, 0.8403361344537815, 10.526315789473683, 5.405405405405405, 2.0408163265306123, 9.30232558139535, 4.301075268817205, 11.428571428571429, 2.083333333333333, 41.66666666666667, 2.083333333333333, 3.508771929824561, 9.75609756097561, 9.210526315789473, 1.9607843137254901]
RMSE: 11.506185627405275 [36, 289, 49, 64, 4, 196, 1, 1, 36, 9, 36, 25, 9, 1, 1, 1, 529, 1, 400, 36, 784, 4, 576, 9, 400, 0, 196, 0, 169, 900, 2500, 49, 529, 1, 144, 36, 4, 0, 1, 16, 4, 144, 36, 25, 0, 4, 144, 16, 4, 49, 4, 64, 49, 9, 16, 9, 9, 25, 49, 9, 121, 36, 25, 1, 81, 16, 4, 121, 81, 81, 625, 256, 16, 81, 9, 36, 9, 144, 25, 121, 324, 1, 16, 784, 225, 9, 121, 1, 324, 4, 1, 9, 4, 36, 16, 1, 9, 100, 100, 9, 9, 25, 1, 25, 4, 4, 16, 144, 1764, 1, 4, 289, 4, 64, 1600, 1, 1, 36, 4, 1, 16, 16, 16, 1, 400, 1, 4, 16, 49, 1]

pred: 10176 [40, 223, 86, 128, 75, 24, 47, 101, 48, 81, 128, 24, 27, 53, 55, 27, 245, 78, 153, 52, 68, 83, 102, 46, 75, 26, 109, 43, 155, 172, 64, 89, 70, 60, 222, 70, 66, 30, 57, 43, 42, 115, 75, 44, 32, 67, 34, 62, 81, 115, 42, 94, 64, 20, 45, 22, 95, 71, 48, 94, 291, 44, 143, 96, 115, 27, 73, 201, 111, 39, 178, 94, 73, 21, 36, 20, 36, 155, 53, 36, 23, 31, 117, 103, 248, 71, 127, 95, 0, 63, 42, 43, 70, 78, 103, 62, 13, 89, 68, 110, 53, 95, 30, 163, 165, 34, 22, 35, 76, 90, 63, 206, 74, 117, 145, 47, 118, 51, 35, 48, 47, 89, 31, 49, 28, 49, 55, 37, 69, 50]
real: 11073 [46, 240, 93, 136, 73, 38, 46, 102, 54, 84, 134, 29, 30, 54, 56, 26, 268, 79, 173, 58, 96, 81, 126, 49, 95, 26, 123, 43, 168, 202, 114, 96, 93, 61, 234, 64, 68, 30, 58, 47, 40, 127, 81, 49, 32, 69, 46, 58, 83, 122, 44, 102, 71, 23, 49, 19, 98, 76, 55, 97, 280, 50, 148, 95, 124, 31, 75, 212, 120, 48, 203, 110, 77, 30, 39, 26, 39, 167, 58, 47, 41, 32, 121, 131, 263, 74, 138, 96, 18, 65, 43, 46, 72, 84, 107, 61, 16, 99, 78, 113, 56, 100, 29, 168, 167, 36, 26, 47, 118, 91, 65, 223, 76, 125, 185, 48, 119, 57, 37, 49, 43, 93, 35, 48, 48, 48, 57, 41, 76, 51]

grid_scale: 0.45
resize_scale: 0.5
confiance: 0.5

random_seed: 1011
data_augmentation: True
samples: 130
