MAE: 3.8 [0, 1, 1, 2, 3, 11, 2, 6, 4, 4, 1, 0, 1, 1, 5, 2, 1, 6, 0, 5, 3, 3, 5, 3, 2, 0, 3, 1, 2, 12, 4, 1, 2, 2, 16, 8, 7, 0, 5, 5, 4, 3, 10, 1, 0, 5, 0, 8, 4, 0, 0, 0, 3, 1, 4, 3, 6, 2, 3, 1, 29, 2, 3, 6, 4, 1, 1, 3, 1, 0, 4, 9, 4, 2, 7, 2, 3, 3, 2, 9, 2, 2, 10, 14, 9, 2, 1, 4, 17, 6, 0, 1, 5, 0, 0, 6, 1, 3, 5, 8, 2, 5, 3, 5, 1, 1, 2, 2, 22, 5, 3, 5, 0, 1, 2, 2, 5, 1, 0, 1, 7, 5, 2, 6, 3, 6, 2, 5, 1, 0]
MAPE: 5.727614602461165 [0.0, 0.4166666666666667, 1.0752688172043012, 1.4705882352941175, 4.10958904109589, 28.947368421052634, 4.3478260869565215, 5.88235294117647, 7.4074074074074066, 4.761904761904762, 0.7462686567164178, 0.0, 3.3333333333333335, 1.8518518518518516, 8.928571428571429, 7.6923076923076925, 0.3731343283582089, 7.59493670886076, 0.0, 8.620689655172415, 3.125, 3.7037037037037033, 3.968253968253968, 6.122448979591836, 2.1052631578947367, 0.0, 2.4390243902439024, 2.3255813953488373, 1.1904761904761905, 5.9405940594059405, 3.508771929824561, 1.0416666666666665, 2.1505376344086025, 3.278688524590164, 6.837606837606838, 12.5, 10.294117647058822, 0.0, 8.620689655172415, 10.638297872340425, 10.0, 2.3622047244094486, 12.345679012345679, 2.0408163265306123, 0.0, 7.246376811594203, 0.0, 13.793103448275861, 4.819277108433735, 0.0, 0.0, 0.0, 4.225352112676056, 4.3478260869565215, 8.16326530612245, 15.789473684210526, 6.122448979591836, 2.631578947368421, 5.454545454545454, 1.0309278350515463, 10.357142857142858, 4.0, 2.027027027027027, 6.315789473684211, 3.225806451612903, 3.225806451612903, 1.3333333333333335, 1.4150943396226416, 0.8333333333333334, 0.0, 1.9704433497536946, 8.181818181818182, 5.194805194805195, 6.666666666666667, 17.94871794871795, 7.6923076923076925, 7.6923076923076925, 1.7964071856287425, 3.4482758620689653, 19.148936170212767, 4.878048780487805, 6.25, 8.264462809917356, 10.687022900763358, 3.4220532319391634, 2.7027027027027026, 0.7246376811594203, 4.166666666666666, 94.44444444444444, 9.230769230769232, 0.0, 2.1739130434782608, 6.944444444444445, 0.0, 0.0, 9.836065573770492, 6.25, 3.0303030303030303, 6.41025641025641, 7.079646017699115, 3.571428571428571, 5.0, 10.344827586206897, 2.976190476190476, 0.5988023952095809, 2.7777777777777777, 7.6923076923076925, 4.25531914893617, 18.64406779661017, 5.4945054945054945, 4.615384615384616, 2.242152466367713, 0.0, 0.8, 1.0810810810810811, 4.166666666666666, 4.201680672268908, 1.7543859649122806, 0.0, 2.0408163265306123, 16.27906976744186, 5.376344086021505, 5.714285714285714, 12.5, 6.25, 12.5, 3.508771929824561, 12.195121951219512, 1.3157894736842104, 0.0]
RMSE: 5.683985600588051 [0, 1, 1, 4, 9, 121, 4, 36, 16, 16, 1, 0, 1, 1, 25, 4, 1, 36, 0, 25, 9, 9, 25, 9, 4, 0, 9, 1, 4, 144, 16, 1, 4, 4, 256, 64, 49, 0, 25, 25, 16, 9, 100, 1, 0, 25, 0, 64, 16, 0, 0, 0, 9, 1, 16, 9, 36, 4, 9, 1, 841, 4, 9, 36, 16, 1, 1, 9, 1, 0, 16, 81, 16, 4, 49, 4, 9, 9, 4, 81, 4, 4, 100, 196, 81, 4, 1, 16, 289, 36, 0, 1, 25, 0, 0, 36, 1, 9, 25, 64, 4, 25, 9, 25, 1, 1, 4, 4, 484, 25, 9, 25, 0, 1, 4, 4, 25, 1, 0, 1, 49, 25, 4, 36, 9, 36, 4, 25, 1, 0]

pred: 11181 [46, 239, 94, 134, 76, 27, 48, 108, 50, 88, 133, 29, 31, 55, 61, 28, 269, 85, 173, 53, 93, 84, 121, 52, 93, 26, 120, 42, 170, 190, 110, 97, 91, 63, 250, 72, 75, 30, 63, 52, 44, 130, 91, 48, 32, 74, 46, 66, 87, 122, 44, 102, 68, 22, 53, 22, 104, 74, 52, 96, 309, 52, 151, 101, 120, 32, 76, 215, 121, 48, 207, 101, 73, 28, 32, 28, 42, 164, 56, 38, 39, 34, 131, 117, 272, 72, 139, 100, 1, 71, 43, 47, 77, 84, 107, 67, 17, 96, 73, 121, 58, 105, 32, 163, 168, 37, 28, 45, 96, 96, 68, 218, 76, 126, 183, 50, 124, 56, 37, 50, 50, 98, 33, 54, 45, 54, 59, 46, 75, 51]
real: 11073 [46, 240, 93, 136, 73, 38, 46, 102, 54, 84, 134, 29, 30, 54, 56, 26, 268, 79, 173, 58, 96, 81, 126, 49, 95, 26, 123, 43, 168, 202, 114, 96, 93, 61, 234, 64, 68, 30, 58, 47, 40, 127, 81, 49, 32, 69, 46, 58, 83, 122, 44, 102, 71, 23, 49, 19, 98, 76, 55, 97, 280, 50, 148, 95, 124, 31, 75, 212, 120, 48, 203, 110, 77, 30, 39, 26, 39, 167, 58, 47, 41, 32, 121, 131, 263, 74, 138, 96, 18, 65, 43, 46, 72, 84, 107, 61, 16, 99, 78, 113, 56, 100, 29, 168, 167, 36, 26, 47, 118, 91, 65, 223, 76, 125, 185, 48, 119, 57, 37, 49, 43, 93, 35, 48, 48, 48, 57, 41, 76, 51]

grid_scale: 0.35
resize_scale: 0.5
confiance: 0.45

random_seed: 1011
data_augmentation: True
samples: 130
