MAE: 4.138461538461539 [5, 3, 2, 2, 3, 9, 3, 11, 2, 3, 1, 2, 0, 5, 2, 0, 11, 9, 2, 1, 12, 1, 6, 5, 11, 0, 2, 3, 9, 3, 37, 5, 8, 5, 15, 13, 4, 2, 3, 5, 2, 5, 4, 1, 3, 6, 1, 11, 6, 2, 2, 1, 1, 1, 6, 2, 1, 1, 6, 5, 27, 2, 3, 4, 1, 1, 2, 7, 1, 2, 3, 2, 1, 2, 0, 4, 2, 4, 4, 6, 2, 3, 4, 7, 3, 4, 1, 1, 18, 6, 0, 1, 5, 1, 4, 8, 0, 2, 1, 4, 0, 2, 2, 4, 4, 0, 1, 1, 20, 7, 2, 0, 1, 1, 13, 3, 2, 1, 0, 4, 4, 1, 1, 4, 5, 5, 1, 3, 0, 1]
MAPE: 5.99720535241685 [10.869565217391305, 1.25, 2.1505376344086025, 1.4705882352941175, 4.10958904109589, 23.684210526315788, 6.521739130434782, 10.784313725490197, 3.7037037037037033, 3.571428571428571, 0.7462686567164178, 6.896551724137931, 0.0, 9.25925925925926, 3.571428571428571, 0.0, 4.104477611940299, 11.39240506329114, 1.1560693641618496, 1.7241379310344827, 12.5, 1.2345679012345678, 4.761904761904762, 10.204081632653061, 11.578947368421053, 0.0, 1.6260162601626018, 6.976744186046512, 5.357142857142857, 1.4851485148514851, 32.45614035087719, 5.208333333333334, 8.60215053763441, 8.19672131147541, 6.41025641025641, 20.3125, 5.88235294117647, 6.666666666666667, 5.172413793103448, 10.638297872340425, 5.0, 3.937007874015748, 4.938271604938271, 2.0408163265306123, 9.375, 8.695652173913043, 2.1739130434782608, 18.96551724137931, 7.228915662650602, 1.639344262295082, 4.545454545454546, 0.9803921568627451, 1.4084507042253522, 4.3478260869565215, 12.244897959183673, 10.526315789473683, 1.0204081632653061, 1.3157894736842104, 10.909090909090908, 5.154639175257731, 9.642857142857144, 4.0, 2.027027027027027, 4.2105263157894735, 0.8064516129032258, 3.225806451612903, 2.666666666666667, 3.30188679245283, 0.8333333333333334, 4.166666666666666, 1.477832512315271, 1.8181818181818181, 1.2987012987012987, 6.666666666666667, 0.0, 15.384615384615385, 5.128205128205128, 2.3952095808383236, 6.896551724137931, 12.76595744680851, 4.878048780487805, 9.375, 3.3057851239669422, 5.343511450381679, 1.1406844106463878, 5.405405405405405, 0.7246376811594203, 1.0416666666666665, 100.0, 9.230769230769232, 0.0, 2.1739130434782608, 6.944444444444445, 1.1904761904761905, 3.7383177570093453, 13.114754098360656, 0.0, 2.0202020202020203, 1.282051282051282, 3.5398230088495577, 0.0, 2.0, 6.896551724137931, 2.380952380952381, 2.3952095808383236, 0.0, 3.8461538461538463, 2.127659574468085, 16.94915254237288, 7.6923076923076925, 3.076923076923077, 0.0, 1.3157894736842104, 0.8, 7.027027027027027, 6.25, 1.680672268907563, 1.7543859649122806, 0.0, 8.16326530612245, 9.30232558139535, 1.0752688172043012, 2.857142857142857, 8.333333333333332, 10.416666666666668, 10.416666666666668, 1.7543859649122806, 7.317073170731707, 0.0, 1.9607843137254901]
RMSE: 6.532757693112693 [25, 9, 4, 4, 9, 81, 9, 121, 4, 9, 1, 4, 0, 25, 4, 0, 121, 81, 4, 1, 144, 1, 36, 25, 121, 0, 4, 9, 81, 9, 1369, 25, 64, 25, 225, 169, 16, 4, 9, 25, 4, 25, 16, 1, 9, 36, 1, 121, 36, 4, 4, 1, 1, 1, 36, 4, 1, 1, 36, 25, 729, 4, 9, 16, 1, 1, 4, 49, 1, 4, 9, 4, 1, 4, 0, 16, 4, 16, 16, 36, 4, 9, 16, 49, 9, 16, 1, 1, 324, 36, 0, 1, 25, 1, 16, 64, 0, 4, 1, 16, 0, 4, 4, 16, 16, 0, 1, 1, 400, 49, 4, 0, 1, 1, 169, 9, 4, 1, 0, 16, 16, 1, 1, 16, 25, 25, 1, 9, 0, 1]

pred: 11209 [51, 243, 91, 138, 76, 29, 49, 113, 52, 87, 135, 31, 30, 59, 58, 26, 279, 88, 171, 57, 84, 82, 120, 54, 84, 26, 121, 46, 177, 199, 77, 101, 85, 66, 249, 77, 72, 32, 61, 52, 42, 122, 85, 50, 35, 75, 45, 69, 89, 120, 46, 103, 72, 24, 55, 21, 99, 75, 49, 102, 307, 52, 151, 99, 125, 30, 77, 219, 121, 46, 200, 112, 76, 32, 39, 22, 37, 171, 54, 41, 43, 35, 125, 124, 266, 78, 139, 97, 0, 71, 43, 47, 77, 85, 111, 69, 16, 101, 79, 117, 56, 102, 31, 172, 171, 36, 27, 46, 98, 98, 67, 223, 75, 124, 172, 51, 121, 58, 37, 53, 47, 94, 36, 52, 43, 53, 56, 44, 76, 50]
real: 11073 [46, 240, 93, 136, 73, 38, 46, 102, 54, 84, 134, 29, 30, 54, 56, 26, 268, 79, 173, 58, 96, 81, 126, 49, 95, 26, 123, 43, 168, 202, 114, 96, 93, 61, 234, 64, 68, 30, 58, 47, 40, 127, 81, 49, 32, 69, 46, 58, 83, 122, 44, 102, 71, 23, 49, 19, 98, 76, 55, 97, 280, 50, 148, 95, 124, 31, 75, 212, 120, 48, 203, 110, 77, 30, 39, 26, 39, 167, 58, 47, 41, 32, 121, 131, 263, 74, 138, 96, 18, 65, 43, 46, 72, 84, 107, 61, 16, 99, 78, 113, 56, 100, 29, 168, 167, 36, 26, 47, 118, 91, 65, 223, 76, 125, 185, 48, 119, 57, 37, 49, 43, 93, 35, 48, 48, 48, 57, 41, 76, 51]

grid_scale: 0.35
resize_scale: 0.5
confiance: 0.4

random_seed: 1011
data_augmentation: True
samples: 130
