MAE: 4.184615384615385 [5, 7, 2, 4, 2, 12, 2, 6, 4, 3, 5, 2, 3, 4, 5, 1, 1, 1, 9, 5, 5, 1, 13, 0, 5, 1, 4, 0, 3, 18, 5, 1, 4, 5, 10, 10, 3, 1, 1, 3, 6, 0, 2, 2, 4, 1, 4, 5, 1, 5, 0, 5, 1, 1, 2, 4, 3, 1, 3, 0, 8, 1, 1, 4, 11, 2, 2, 13, 1, 8, 8, 14, 4, 6, 7, 0, 1, 1, 5, 13, 5, 2, 0, 12, 3, 1, 12, 0, 12, 5, 0, 1, 2, 7, 3, 5, 1, 6, 1, 0, 1, 2, 1, 2, 7, 1, 1, 4, 35, 5, 1, 13, 1, 3, 17, 1, 0, 2, 4, 1, 6, 3, 0, 0, 7, 0, 1, 5, 5, 1]
MAPE: 6.041848218073378 [10.869565217391305, 2.9166666666666665, 2.1505376344086025, 2.941176470588235, 2.73972602739726, 31.57894736842105, 4.3478260869565215, 5.88235294117647, 7.4074074074074066, 3.571428571428571, 3.731343283582089, 6.896551724137931, 10.0, 7.4074074074074066, 8.928571428571429, 3.8461538461538463, 0.3731343283582089, 1.2658227848101267, 5.202312138728324, 8.620689655172415, 5.208333333333334, 1.2345679012345678, 10.317460317460316, 0.0, 5.263157894736842, 3.8461538461538463, 3.2520325203252036, 0.0, 1.7857142857142856, 8.91089108910891, 4.385964912280701, 1.0416666666666665, 4.301075268817205, 8.19672131147541, 4.273504273504273, 15.625, 4.411764705882353, 3.3333333333333335, 1.7241379310344827, 6.382978723404255, 15.0, 0.0, 2.4691358024691357, 4.081632653061225, 12.5, 1.4492753623188406, 8.695652173913043, 8.620689655172415, 1.2048192771084338, 4.098360655737705, 0.0, 4.901960784313726, 1.4084507042253522, 4.3478260869565215, 4.081632653061225, 21.052631578947366, 3.061224489795918, 1.3157894736842104, 5.454545454545454, 0.0, 2.857142857142857, 2.0, 0.6756756756756757, 4.2105263157894735, 8.870967741935484, 6.451612903225806, 2.666666666666667, 6.132075471698113, 0.8333333333333334, 16.666666666666664, 3.9408866995073892, 12.727272727272727, 5.194805194805195, 20.0, 17.94871794871795, 0.0, 2.564102564102564, 0.5988023952095809, 8.620689655172415, 27.659574468085108, 12.195121951219512, 6.25, 0.0, 9.16030534351145, 1.1406844106463878, 1.3513513513513513, 8.695652173913043, 0.0, 66.66666666666666, 7.6923076923076925, 0.0, 2.1739130434782608, 2.7777777777777777, 8.333333333333332, 2.803738317757009, 8.19672131147541, 6.25, 6.0606060606060606, 1.282051282051282, 0.0, 1.7857142857142856, 2.0, 3.4482758620689653, 1.1904761904761905, 4.191616766467066, 2.7777777777777777, 3.8461538461538463, 8.51063829787234, 29.66101694915254, 5.4945054945054945, 1.5384615384615385, 5.829596412556054, 1.3157894736842104, 2.4, 9.18918918918919, 2.083333333333333, 0.0, 3.508771929824561, 10.81081081081081, 2.0408163265306123, 13.953488372093023, 3.225806451612903, 0.0, 0.0, 14.583333333333334, 0.0, 1.7543859649122806, 12.195121951219512, 6.578947368421052, 1.9607843137254901]
RMSE: 6.284290548049771 [25, 49, 4, 16, 4, 144, 4, 36, 16, 9, 25, 4, 9, 16, 25, 1, 1, 1, 81, 25, 25, 1, 169, 0, 25, 1, 16, 0, 9, 324, 25, 1, 16, 25, 100, 100, 9, 1, 1, 9, 36, 0, 4, 4, 16, 1, 16, 25, 1, 25, 0, 25, 1, 1, 4, 16, 9, 1, 9, 0, 64, 1, 1, 16, 121, 4, 4, 169, 1, 64, 64, 196, 16, 36, 49, 0, 1, 1, 25, 169, 25, 4, 0, 144, 9, 1, 144, 0, 144, 25, 0, 1, 4, 49, 9, 25, 1, 36, 1, 0, 1, 4, 1, 4, 49, 1, 1, 16, 1225, 25, 1, 169, 1, 9, 289, 1, 0, 4, 16, 1, 36, 9, 0, 0, 49, 0, 1, 25, 25, 1]

pred: 10803 [51, 233, 91, 132, 75, 26, 48, 108, 50, 87, 139, 27, 27, 58, 61, 27, 267, 80, 164, 53, 91, 82, 113, 49, 90, 25, 119, 43, 171, 184, 109, 97, 89, 66, 224, 74, 71, 29, 57, 44, 46, 127, 83, 47, 28, 70, 42, 63, 82, 117, 44, 97, 70, 22, 51, 23, 101, 77, 52, 97, 288, 49, 147, 99, 113, 33, 73, 199, 121, 40, 195, 96, 73, 24, 32, 26, 38, 166, 53, 34, 36, 30, 121, 119, 260, 75, 126, 96, 6, 60, 43, 45, 74, 77, 110, 66, 15, 93, 77, 113, 55, 98, 30, 166, 174, 35, 25, 43, 83, 96, 66, 210, 75, 122, 168, 49, 119, 55, 33, 50, 49, 96, 35, 48, 41, 48, 56, 46, 71, 50]
real: 11073 [46, 240, 93, 136, 73, 38, 46, 102, 54, 84, 134, 29, 30, 54, 56, 26, 268, 79, 173, 58, 96, 81, 126, 49, 95, 26, 123, 43, 168, 202, 114, 96, 93, 61, 234, 64, 68, 30, 58, 47, 40, 127, 81, 49, 32, 69, 46, 58, 83, 122, 44, 102, 71, 23, 49, 19, 98, 76, 55, 97, 280, 50, 148, 95, 124, 31, 75, 212, 120, 48, 203, 110, 77, 30, 39, 26, 39, 167, 58, 47, 41, 32, 121, 131, 263, 74, 138, 96, 18, 65, 43, 46, 72, 84, 107, 61, 16, 99, 78, 113, 56, 100, 29, 168, 167, 36, 26, 47, 118, 91, 65, 223, 76, 125, 185, 48, 119, 57, 37, 49, 43, 93, 35, 48, 48, 48, 57, 41, 76, 51]

grid_scale: 0.35
resize_scale: 0.5
confiance: 0.5

random_seed: 1011
data_augmentation: True
samples: 130
