MAE: 4.953846153846154 [2, 8, 5, 5, 1, 13, 1, 4, 4, 0, 2, 2, 2, 1, 4, 1, 6, 1, 10, 3, 12, 1, 9, 1, 17, 1, 3, 1, 5, 21, 36, 3, 13, 1, 1, 3, 0, 2, 2, 3, 1, 6, 6, 2, 5, 5, 4, 6, 2, 8, 3, 9, 4, 4, 1, 1, 3, 4, 7, 1, 13, 2, 5, 5, 9, 1, 2, 11, 7, 8, 10, 14, 1, 5, 5, 3, 2, 6, 4, 4, 7, 2, 1, 18, 3, 3, 8, 1, 18, 10, 4, 2, 1, 6, 3, 1, 0, 5, 5, 4, 1, 1, 1, 7, 1, 1, 0, 14, 23, 0, 1, 12, 6, 7, 21, 0, 5, 4, 4, 1, 1, 0, 4, 1, 9, 0, 0, 1, 5, 2]
MAPE: 6.893310606351529 [4.3478260869565215, 3.3333333333333335, 5.376344086021505, 3.6764705882352944, 1.36986301369863, 34.21052631578947, 2.1739130434782608, 3.9215686274509802, 7.4074074074074066, 0.0, 1.4925373134328357, 6.896551724137931, 6.666666666666667, 1.8518518518518516, 7.142857142857142, 3.8461538461538463, 2.2388059701492535, 1.2658227848101267, 5.780346820809249, 5.172413793103448, 12.5, 1.2345679012345678, 7.142857142857142, 2.0408163265306123, 17.894736842105264, 3.8461538461538463, 2.4390243902439024, 2.3255813953488373, 2.976190476190476, 10.396039603960396, 31.57894736842105, 3.125, 13.978494623655912, 1.639344262295082, 0.4273504273504274, 4.6875, 0.0, 6.666666666666667, 3.4482758620689653, 6.382978723404255, 2.5, 4.724409448818897, 7.4074074074074066, 4.081632653061225, 15.625, 7.246376811594203, 8.695652173913043, 10.344827586206897, 2.4096385542168677, 6.557377049180328, 6.8181818181818175, 8.823529411764707, 5.633802816901409, 17.391304347826086, 2.0408163265306123, 5.263157894736842, 3.061224489795918, 5.263157894736842, 12.727272727272727, 1.0309278350515463, 4.642857142857143, 4.0, 3.3783783783783785, 5.263157894736842, 7.258064516129033, 3.225806451612903, 2.666666666666667, 5.188679245283019, 5.833333333333333, 16.666666666666664, 4.926108374384237, 12.727272727272727, 1.2987012987012987, 16.666666666666664, 12.82051282051282, 11.538461538461538, 5.128205128205128, 3.592814371257485, 6.896551724137931, 8.51063829787234, 17.073170731707318, 6.25, 0.8264462809917356, 13.740458015267176, 1.1406844106463878, 4.054054054054054, 5.797101449275362, 1.0416666666666665, 100.0, 15.384615384615385, 9.30232558139535, 4.3478260869565215, 1.3888888888888888, 7.142857142857142, 2.803738317757009, 1.639344262295082, 0.0, 5.05050505050505, 6.41025641025641, 3.5398230088495577, 1.7857142857142856, 1.0, 3.4482758620689653, 4.166666666666666, 0.5988023952095809, 2.7777777777777777, 0.0, 29.78723404255319, 19.491525423728813, 0.0, 1.5384615384615385, 5.381165919282512, 7.894736842105263, 5.6000000000000005, 11.351351351351353, 0.0, 4.201680672268908, 7.017543859649122, 10.81081081081081, 2.0408163265306123, 2.3255813953488373, 0.0, 11.428571428571429, 2.083333333333333, 18.75, 0.0, 0.0, 2.4390243902439024, 6.578947368421052, 3.9215686274509802]
RMSE: 7.371462645802496 [4, 64, 25, 25, 1, 169, 1, 16, 16, 0, 4, 4, 4, 1, 16, 1, 36, 1, 100, 9, 144, 1, 81, 1, 289, 1, 9, 1, 25, 441, 1296, 9, 169, 1, 1, 9, 0, 4, 4, 9, 1, 36, 36, 4, 25, 25, 16, 36, 4, 64, 9, 81, 16, 16, 1, 1, 9, 16, 49, 1, 169, 4, 25, 25, 81, 1, 4, 121, 49, 64, 100, 196, 1, 25, 25, 9, 4, 36, 16, 16, 49, 4, 1, 324, 9, 9, 64, 1, 324, 100, 16, 4, 1, 36, 9, 1, 0, 25, 25, 16, 1, 1, 1, 49, 1, 1, 0, 196, 529, 0, 1, 144, 36, 49, 441, 0, 25, 16, 16, 1, 1, 0, 16, 1, 81, 0, 0, 1, 25, 4]

pred: 10541 [48, 232, 88, 131, 74, 25, 45, 106, 50, 84, 132, 27, 28, 53, 60, 25, 262, 80, 163, 55, 84, 82, 117, 48, 78, 25, 120, 44, 163, 181, 78, 93, 80, 62, 233, 67, 68, 28, 60, 44, 41, 121, 75, 47, 27, 64, 42, 64, 81, 114, 41, 93, 67, 19, 50, 20, 101, 72, 48, 96, 293, 48, 143, 100, 115, 30, 73, 201, 113, 40, 193, 96, 76, 25, 34, 23, 37, 161, 54, 43, 34, 30, 120, 113, 260, 71, 130, 95, 0, 55, 39, 44, 73, 78, 104, 62, 16, 94, 73, 109, 55, 99, 30, 161, 166, 35, 26, 33, 95, 91, 64, 211, 70, 118, 164, 48, 114, 53, 33, 50, 42, 93, 31, 49, 39, 48, 57, 42, 71, 49]
real: 11073 [46, 240, 93, 136, 73, 38, 46, 102, 54, 84, 134, 29, 30, 54, 56, 26, 268, 79, 173, 58, 96, 81, 126, 49, 95, 26, 123, 43, 168, 202, 114, 96, 93, 61, 234, 64, 68, 30, 58, 47, 40, 127, 81, 49, 32, 69, 46, 58, 83, 122, 44, 102, 71, 23, 49, 19, 98, 76, 55, 97, 280, 50, 148, 95, 124, 31, 75, 212, 120, 48, 203, 110, 77, 30, 39, 26, 39, 167, 58, 47, 41, 32, 121, 131, 263, 74, 138, 96, 18, 65, 43, 46, 72, 84, 107, 61, 16, 99, 78, 113, 56, 100, 29, 168, 167, 36, 26, 47, 118, 91, 65, 223, 76, 125, 185, 48, 119, 57, 37, 49, 43, 93, 35, 48, 48, 48, 57, 41, 76, 51]

grid_scale: 0.3
resize_scale: 0.5
confiance: 0.55

random_seed: 1011
data_augmentation: True
samples: 130
