MAE: 7.6 [0, 24, 2, 8, 15, 9, 3, 23, 2, 3, 15, 3, 0, 4, 4, 2, 35, 13, 22, 3, 4, 4, 7, 10, 4, 1, 2, 2, 8, 8, 23, 7, 3, 9, 36, 20, 13, 4, 2, 1, 1, 13, 15, 6, 4, 6, 3, 14, 5, 7, 6, 4, 5, 1, 8, 2, 10, 0, 3, 7, 69, 10, 13, 6, 11, 0, 9, 31, 4, 0, 16, 0, 4, 1, 3, 0, 2, 15, 1, 1, 4, 3, 11, 10, 22, 3, 19, 8, 18, 0, 0, 2, 2, 2, 8, 7, 0, 5, 7, 8, 5, 7, 5, 3, 12, 2, 4, 3, 8, 9, 7, 20, 5, 5, 2, 2, 10, 4, 4, 8, 6, 8, 6, 8, 0, 8, 0, 7, 1, 6]
MAPE: 9.16798763432081 [0.0, 10.0, 2.1505376344086025, 5.88235294117647, 20.54794520547945, 23.684210526315788, 6.521739130434782, 22.54901960784314, 3.7037037037037033, 3.571428571428571, 11.194029850746269, 10.344827586206897, 0.0, 7.4074074074074066, 7.142857142857142, 7.6923076923076925, 13.059701492537313, 16.455696202531644, 12.716763005780345, 5.172413793103448, 4.166666666666666, 4.938271604938271, 5.555555555555555, 20.408163265306122, 4.2105263157894735, 3.8461538461538463, 1.6260162601626018, 4.651162790697675, 4.761904761904762, 3.9603960396039604, 20.175438596491226, 7.291666666666667, 3.225806451612903, 14.754098360655737, 15.384615384615385, 31.25, 19.11764705882353, 13.333333333333334, 3.4482758620689653, 2.127659574468085, 2.5, 10.236220472440944, 18.51851851851852, 12.244897959183673, 12.5, 8.695652173913043, 6.521739130434782, 24.137931034482758, 6.024096385542169, 5.737704918032787, 13.636363636363635, 3.9215686274509802, 7.042253521126761, 4.3478260869565215, 16.3265306122449, 10.526315789473683, 10.204081632653061, 0.0, 5.454545454545454, 7.216494845360824, 24.642857142857146, 20.0, 8.783783783783784, 6.315789473684211, 8.870967741935484, 0.0, 12.0, 14.622641509433961, 3.3333333333333335, 0.0, 7.8817733990147785, 0.0, 5.194805194805195, 3.3333333333333335, 7.6923076923076925, 0.0, 5.128205128205128, 8.982035928143713, 1.7241379310344827, 2.127659574468085, 9.75609756097561, 9.375, 9.090909090909092, 7.633587786259542, 8.365019011406844, 4.054054054054054, 13.768115942028986, 8.333333333333332, 100.0, 0.0, 0.0, 4.3478260869565215, 2.7777777777777777, 2.380952380952381, 7.476635514018691, 11.475409836065573, 0.0, 5.05050505050505, 8.974358974358974, 7.079646017699115, 8.928571428571429, 7.000000000000001, 17.24137931034483, 1.7857142857142856, 7.18562874251497, 5.555555555555555, 15.384615384615385, 6.382978723404255, 6.779661016949152, 9.89010989010989, 10.76923076923077, 8.968609865470851, 6.578947368421052, 4.0, 1.0810810810810811, 4.166666666666666, 8.403361344537815, 7.017543859649122, 10.81081081081081, 16.3265306122449, 13.953488372093023, 8.60215053763441, 17.142857142857142, 16.666666666666664, 0.0, 16.666666666666664, 0.0, 17.073170731707318, 1.3157894736842104, 11.76470588235294]
RMSE: 11.635489477654792 [0, 576, 4, 64, 225, 81, 9, 529, 4, 9, 225, 9, 0, 16, 16, 4, 1225, 169, 484, 9, 16, 16, 49, 100, 16, 1, 4, 4, 64, 64, 529, 49, 9, 81, 1296, 400, 169, 16, 4, 1, 1, 169, 225, 36, 16, 36, 9, 196, 25, 49, 36, 16, 25, 1, 64, 4, 100, 0, 9, 49, 4761, 100, 169, 36, 121, 0, 81, 961, 16, 0, 256, 0, 16, 1, 9, 0, 4, 225, 1, 1, 16, 9, 121, 100, 484, 9, 361, 64, 324, 0, 0, 4, 4, 4, 64, 49, 0, 25, 49, 64, 25, 49, 25, 9, 144, 4, 16, 9, 64, 81, 49, 400, 25, 25, 4, 4, 100, 16, 16, 64, 36, 64, 36, 64, 0, 64, 0, 49, 1, 36]

pred: 11907 [46, 264, 95, 144, 88, 29, 49, 125, 52, 87, 149, 32, 30, 58, 60, 28, 303, 92, 195, 61, 92, 85, 133, 59, 91, 27, 125, 45, 176, 210, 91, 103, 96, 70, 270, 84, 81, 34, 60, 48, 41, 140, 96, 55, 36, 75, 49, 72, 88, 129, 50, 106, 76, 24, 57, 21, 108, 76, 52, 104, 349, 60, 161, 101, 135, 31, 84, 243, 124, 48, 219, 110, 81, 29, 42, 26, 41, 182, 57, 46, 45, 35, 132, 141, 285, 77, 157, 104, 0, 65, 43, 48, 74, 86, 115, 68, 16, 104, 85, 121, 61, 107, 34, 171, 179, 38, 30, 44, 110, 100, 72, 243, 81, 130, 187, 50, 129, 61, 41, 57, 49, 101, 41, 56, 48, 56, 57, 48, 77, 57]
real: 11073 [46, 240, 93, 136, 73, 38, 46, 102, 54, 84, 134, 29, 30, 54, 56, 26, 268, 79, 173, 58, 96, 81, 126, 49, 95, 26, 123, 43, 168, 202, 114, 96, 93, 61, 234, 64, 68, 30, 58, 47, 40, 127, 81, 49, 32, 69, 46, 58, 83, 122, 44, 102, 71, 23, 49, 19, 98, 76, 55, 97, 280, 50, 148, 95, 124, 31, 75, 212, 120, 48, 203, 110, 77, 30, 39, 26, 39, 167, 58, 47, 41, 32, 121, 131, 263, 74, 138, 96, 18, 65, 43, 46, 72, 84, 107, 61, 16, 99, 78, 113, 56, 100, 29, 168, 167, 36, 26, 47, 118, 91, 65, 223, 76, 125, 185, 48, 119, 57, 37, 49, 43, 93, 35, 48, 48, 48, 57, 41, 76, 51]

grid_scale: 0.4
resize_scale: 0.5
confiance: 0.3

random_seed: 1011
data_augmentation: True
samples: 130
