MAE: 4.084615384615384 [1, 3, 2, 3, 2, 12, 0, 4, 4, 3, 2, 2, 1, 1, 3, 1, 15, 3, 6, 3, 12, 1, 12, 0, 9, 1, 5, 0, 2, 10, 19, 3, 10, 5, 6, 11, 4, 1, 0, 3, 5, 6, 7, 3, 5, 0, 2, 4, 2, 1, 0, 1, 0, 1, 2, 4, 5, 2, 4, 1, 34, 1, 7, 6, 1, 1, 3, 12, 1, 5, 5, 4, 0, 4, 7, 1, 1, 4, 2, 9, 2, 1, 2, 12, 3, 2, 5, 1, 18, 6, 3, 2, 6, 1, 1, 5, 0, 5, 5, 3, 0, 1, 2, 4, 9, 0, 1, 6, 29, 1, 1, 3, 1, 0, 7, 1, 3, 1, 0, 0, 4, 0, 1, 5, 9, 4, 1, 2, 4, 0]
MAPE: 5.851475295012179 [2.1739130434782608, 1.25, 2.1505376344086025, 2.2058823529411766, 2.73972602739726, 31.57894736842105, 0.0, 3.9215686274509802, 7.4074074074074066, 3.571428571428571, 1.4925373134328357, 6.896551724137931, 3.3333333333333335, 1.8518518518518516, 5.357142857142857, 3.8461538461538463, 5.597014925373134, 3.79746835443038, 3.4682080924855487, 5.172413793103448, 12.5, 1.2345679012345678, 9.523809523809524, 0.0, 9.473684210526317, 3.8461538461538463, 4.0650406504065035, 0.0, 1.1904761904761905, 4.9504950495049505, 16.666666666666664, 3.125, 10.75268817204301, 8.19672131147541, 2.564102564102564, 17.1875, 5.88235294117647, 3.3333333333333335, 0.0, 6.382978723404255, 12.5, 4.724409448818897, 8.641975308641975, 6.122448979591836, 15.625, 0.0, 4.3478260869565215, 6.896551724137931, 2.4096385542168677, 0.819672131147541, 0.0, 0.9803921568627451, 0.0, 4.3478260869565215, 4.081632653061225, 21.052631578947366, 5.1020408163265305, 2.631578947368421, 7.2727272727272725, 1.0309278350515463, 12.142857142857142, 2.0, 4.72972972972973, 6.315789473684211, 0.8064516129032258, 3.225806451612903, 4.0, 5.660377358490567, 0.8333333333333334, 10.416666666666668, 2.4630541871921183, 3.6363636363636362, 0.0, 13.333333333333334, 17.94871794871795, 3.8461538461538463, 2.564102564102564, 2.3952095808383236, 3.4482758620689653, 19.148936170212767, 4.878048780487805, 3.125, 1.6528925619834711, 9.16030534351145, 1.1406844106463878, 2.7027027027027026, 3.6231884057971016, 1.0416666666666665, 100.0, 9.230769230769232, 6.976744186046512, 4.3478260869565215, 8.333333333333332, 1.1904761904761905, 0.9345794392523363, 8.19672131147541, 0.0, 5.05050505050505, 6.41025641025641, 2.6548672566371683, 0.0, 1.0, 6.896551724137931, 2.380952380952381, 5.389221556886228, 0.0, 3.8461538461538463, 12.76595744680851, 24.576271186440678, 1.098901098901099, 1.5384615384615385, 1.345291479820628, 1.3157894736842104, 0.0, 3.783783783783784, 2.083333333333333, 2.5210084033613445, 1.7543859649122806, 0.0, 0.0, 9.30232558139535, 0.0, 2.857142857142857, 10.416666666666668, 18.75, 8.333333333333332, 1.7543859649122806, 4.878048780487805, 5.263157894736842, 0.0]
RMSE: 6.478960030508221 [1, 9, 4, 9, 4, 144, 0, 16, 16, 9, 4, 4, 1, 1, 9, 1, 225, 9, 36, 9, 144, 1, 144, 0, 81, 1, 25, 0, 4, 100, 361, 9, 100, 25, 36, 121, 16, 1, 0, 9, 25, 36, 49, 9, 25, 0, 4, 16, 4, 1, 0, 1, 0, 1, 4, 16, 25, 4, 16, 1, 1156, 1, 49, 36, 1, 1, 9, 144, 1, 25, 25, 16, 0, 16, 49, 1, 1, 16, 4, 81, 4, 1, 4, 144, 9, 4, 25, 1, 324, 36, 9, 4, 36, 1, 1, 25, 0, 25, 25, 9, 0, 1, 4, 16, 81, 0, 1, 36, 841, 1, 1, 9, 1, 0, 49, 1, 9, 1, 0, 0, 16, 0, 1, 25, 81, 16, 1, 4, 16, 0]

pred: 11012 [45, 237, 91, 133, 75, 26, 46, 106, 50, 87, 136, 27, 31, 55, 59, 27, 283, 82, 167, 55, 84, 82, 114, 49, 86, 27, 118, 43, 170, 192, 95, 99, 83, 66, 240, 75, 72, 31, 58, 44, 45, 121, 88, 52, 27, 69, 44, 62, 85, 123, 44, 101, 71, 22, 51, 23, 103, 78, 51, 96, 314, 49, 155, 101, 125, 30, 78, 224, 119, 43, 198, 106, 77, 26, 32, 25, 38, 163, 56, 38, 39, 33, 123, 119, 266, 76, 143, 95, 0, 59, 40, 44, 78, 83, 108, 66, 16, 94, 73, 116, 56, 101, 31, 172, 176, 36, 25, 41, 89, 92, 64, 226, 75, 125, 178, 47, 122, 58, 37, 49, 47, 93, 36, 53, 39, 52, 56, 43, 72, 51]
real: 11073 [46, 240, 93, 136, 73, 38, 46, 102, 54, 84, 134, 29, 30, 54, 56, 26, 268, 79, 173, 58, 96, 81, 126, 49, 95, 26, 123, 43, 168, 202, 114, 96, 93, 61, 234, 64, 68, 30, 58, 47, 40, 127, 81, 49, 32, 69, 46, 58, 83, 122, 44, 102, 71, 23, 49, 19, 98, 76, 55, 97, 280, 50, 148, 95, 124, 31, 75, 212, 120, 48, 203, 110, 77, 30, 39, 26, 39, 167, 58, 47, 41, 32, 121, 131, 263, 74, 138, 96, 18, 65, 43, 46, 72, 84, 107, 61, 16, 99, 78, 113, 56, 100, 29, 168, 167, 36, 26, 47, 118, 91, 65, 223, 76, 125, 185, 48, 119, 57, 37, 49, 43, 93, 35, 48, 48, 48, 57, 41, 76, 51]

grid_scale: 0.45
resize_scale: 0.5
confiance: 0.4

random_seed: 1011
data_augmentation: True
samples: 130
