MAE: 5.2615384615384615 [2, 6, 6, 2, 5, 13, 0, 3, 4, 0, 1, 1, 1, 2, 1, 2, 1, 2, 5, 6, 23, 2, 14, 0, 22, 0, 7, 0, 6, 19, 50, 4, 15, 4, 7, 7, 3, 0, 1, 3, 4, 7, 5, 0, 2, 1, 8, 6, 2, 5, 2, 3, 4, 2, 0, 2, 3, 0, 6, 0, 23, 1, 1, 2, 1, 3, 1, 4, 2, 9, 18, 14, 3, 8, 3, 5, 1, 10, 5, 11, 6, 1, 6, 18, 11, 2, 7, 0, 18, 4, 1, 1, 3, 3, 2, 7, 1, 11, 5, 3, 0, 1, 1, 4, 6, 0, 4, 12, 46, 1, 0, 3, 3, 2, 21, 1, 3, 2, 1, 1, 2, 1, 1, 1, 11, 3, 2, 3, 1, 0]
MAPE: 7.210320935157324 [4.3478260869565215, 2.5, 6.451612903225806, 1.4705882352941175, 6.8493150684931505, 34.21052631578947, 0.0, 2.941176470588235, 7.4074074074074066, 0.0, 0.7462686567164178, 3.4482758620689653, 3.3333333333333335, 3.7037037037037033, 1.7857142857142856, 7.6923076923076925, 0.3731343283582089, 2.5316455696202533, 2.8901734104046244, 10.344827586206897, 23.958333333333336, 2.4691358024691357, 11.11111111111111, 0.0, 23.157894736842106, 0.0, 5.691056910569105, 0.0, 3.571428571428571, 9.405940594059405, 43.859649122807014, 4.166666666666666, 16.129032258064516, 6.557377049180328, 2.9914529914529915, 10.9375, 4.411764705882353, 0.0, 1.7241379310344827, 6.382978723404255, 10.0, 5.511811023622047, 6.172839506172839, 0.0, 6.25, 1.4492753623188406, 17.391304347826086, 10.344827586206897, 2.4096385542168677, 4.098360655737705, 4.545454545454546, 2.941176470588235, 5.633802816901409, 8.695652173913043, 0.0, 10.526315789473683, 3.061224489795918, 0.0, 10.909090909090908, 0.0, 8.214285714285714, 2.0, 0.6756756756756757, 2.1052631578947367, 0.8064516129032258, 9.67741935483871, 1.3333333333333335, 1.8867924528301887, 1.6666666666666667, 18.75, 8.866995073891626, 12.727272727272727, 3.896103896103896, 26.666666666666668, 7.6923076923076925, 19.230769230769234, 2.564102564102564, 5.9880239520958085, 8.620689655172415, 23.404255319148938, 14.634146341463413, 3.125, 4.958677685950414, 13.740458015267176, 4.182509505703422, 2.7027027027027026, 5.072463768115942, 0.0, 100.0, 6.153846153846154, 2.3255813953488373, 2.1739130434782608, 4.166666666666666, 3.571428571428571, 1.8691588785046727, 11.475409836065573, 6.25, 11.11111111111111, 6.41025641025641, 2.6548672566371683, 0.0, 1.0, 3.4482758620689653, 2.380952380952381, 3.592814371257485, 0.0, 15.384615384615385, 25.53191489361702, 38.983050847457626, 1.098901098901099, 0.0, 1.345291479820628, 3.9473684210526314, 1.6, 11.351351351351353, 2.083333333333333, 2.5210084033613445, 3.508771929824561, 2.7027027027027026, 2.0408163265306123, 4.651162790697675, 1.0752688172043012, 2.857142857142857, 2.083333333333333, 22.916666666666664, 6.25, 3.508771929824561, 7.317073170731707, 1.3157894736842104, 0.0]
RMSE: 9.130675263595283 [4, 36, 36, 4, 25, 169, 0, 9, 16, 0, 1, 1, 1, 4, 1, 4, 1, 4, 25, 36, 529, 4, 196, 0, 484, 0, 49, 0, 36, 361, 2500, 16, 225, 16, 49, 49, 9, 0, 1, 9, 16, 49, 25, 0, 4, 1, 64, 36, 4, 25, 4, 9, 16, 4, 0, 4, 9, 0, 36, 0, 529, 1, 1, 4, 1, 9, 1, 16, 4, 81, 324, 196, 9, 64, 9, 25, 1, 100, 25, 121, 36, 1, 36, 324, 121, 4, 49, 0, 324, 16, 1, 1, 9, 9, 4, 49, 1, 121, 25, 9, 0, 1, 1, 16, 36, 0, 16, 144, 2116, 1, 0, 9, 9, 4, 441, 1, 9, 4, 1, 1, 4, 1, 1, 1, 121, 9, 4, 9, 1, 0]

pred: 10609 [44, 234, 87, 134, 78, 25, 46, 105, 50, 84, 135, 28, 31, 52, 57, 28, 267, 81, 168, 52, 73, 79, 112, 49, 73, 26, 116, 43, 162, 183, 64, 92, 78, 65, 227, 71, 71, 30, 59, 44, 44, 120, 76, 49, 34, 68, 38, 64, 85, 117, 42, 99, 67, 21, 49, 21, 95, 76, 49, 97, 303, 49, 147, 97, 123, 28, 76, 208, 118, 39, 185, 96, 74, 22, 36, 21, 38, 157, 53, 36, 35, 31, 115, 113, 252, 72, 131, 96, 0, 69, 42, 45, 75, 81, 105, 68, 15, 88, 73, 116, 56, 99, 30, 164, 173, 36, 22, 35, 72, 90, 65, 220, 73, 127, 164, 49, 122, 55, 38, 50, 45, 94, 34, 47, 37, 51, 55, 38, 75, 51]
real: 11073 [46, 240, 93, 136, 73, 38, 46, 102, 54, 84, 134, 29, 30, 54, 56, 26, 268, 79, 173, 58, 96, 81, 126, 49, 95, 26, 123, 43, 168, 202, 114, 96, 93, 61, 234, 64, 68, 30, 58, 47, 40, 127, 81, 49, 32, 69, 46, 58, 83, 122, 44, 102, 71, 23, 49, 19, 98, 76, 55, 97, 280, 50, 148, 95, 124, 31, 75, 212, 120, 48, 203, 110, 77, 30, 39, 26, 39, 167, 58, 47, 41, 32, 121, 131, 263, 74, 138, 96, 18, 65, 43, 46, 72, 84, 107, 61, 16, 99, 78, 113, 56, 100, 29, 168, 167, 36, 26, 47, 118, 91, 65, 223, 76, 125, 185, 48, 119, 57, 37, 49, 43, 93, 35, 48, 48, 48, 57, 41, 76, 51]

grid_scale: 0.45
resize_scale: 0.5
confiance: 0.45

random_seed: 1011
data_augmentation: True
samples: 130
