MAE: 4.953846153846154 [2, 18, 2, 1, 6, 11, 1, 5, 4, 7, 2, 2, 0, 1, 1, 7, 29, 9, 1, 1, 4, 2, 5, 3, 9, 2, 2, 2, 4, 8, 29, 7, 4, 7, 8, 14, 3, 0, 2, 0, 8, 0, 3, 1, 5, 9, 2, 6, 6, 1, 3, 1, 3, 1, 1, 2, 1, 1, 3, 5, 54, 0, 14, 7, 8, 1, 3, 21, 1, 3, 4, 3, 0, 3, 0, 2, 1, 5, 1, 3, 9, 1, 3, 11, 10, 2, 11, 0, 18, 3, 2, 2, 4, 5, 1, 5, 1, 4, 0, 5, 0, 1, 3, 2, 13, 1, 0, 3, 14, 2, 4, 12, 3, 8, 7, 3, 7, 7, 3, 5, 3, 2, 1, 4, 8, 2, 1, 2, 4, 1]
MAPE: 6.573586806417631 [4.3478260869565215, 7.5, 2.1505376344086025, 0.7352941176470588, 8.21917808219178, 28.947368421052634, 2.1739130434782608, 4.901960784313726, 7.4074074074074066, 8.333333333333332, 1.4925373134328357, 6.896551724137931, 0.0, 1.8518518518518516, 1.7857142857142856, 26.923076923076923, 10.820895522388058, 11.39240506329114, 0.5780346820809248, 1.7241379310344827, 4.166666666666666, 2.4691358024691357, 3.968253968253968, 6.122448979591836, 9.473684210526317, 7.6923076923076925, 1.6260162601626018, 4.651162790697675, 2.380952380952381, 3.9603960396039604, 25.438596491228072, 7.291666666666667, 4.301075268817205, 11.475409836065573, 3.418803418803419, 21.875, 4.411764705882353, 0.0, 3.4482758620689653, 0.0, 20.0, 0.0, 3.7037037037037033, 2.0408163265306123, 15.625, 13.043478260869565, 4.3478260869565215, 10.344827586206897, 7.228915662650602, 0.819672131147541, 6.8181818181818175, 0.9803921568627451, 4.225352112676056, 4.3478260869565215, 2.0408163265306123, 10.526315789473683, 1.0204081632653061, 1.3157894736842104, 5.454545454545454, 5.154639175257731, 19.28571428571429, 0.0, 9.45945945945946, 7.368421052631578, 6.451612903225806, 3.225806451612903, 4.0, 9.90566037735849, 0.8333333333333334, 6.25, 1.9704433497536946, 2.727272727272727, 0.0, 10.0, 0.0, 7.6923076923076925, 2.564102564102564, 2.9940119760479043, 1.7241379310344827, 6.382978723404255, 21.951219512195124, 3.125, 2.479338842975207, 8.396946564885496, 3.802281368821293, 2.7027027027027026, 7.971014492753622, 0.0, 100.0, 4.615384615384616, 4.651162790697675, 4.3478260869565215, 5.555555555555555, 5.952380952380952, 0.9345794392523363, 8.19672131147541, 6.25, 4.040404040404041, 0.0, 4.424778761061947, 0.0, 1.0, 10.344827586206897, 1.1904761904761905, 7.784431137724551, 2.7777777777777777, 0.0, 6.382978723404255, 11.864406779661017, 2.197802197802198, 6.153846153846154, 5.381165919282512, 3.9473684210526314, 6.4, 3.783783783783784, 6.25, 5.88235294117647, 12.280701754385964, 8.108108108108109, 10.204081632653061, 6.976744186046512, 2.1505376344086025, 2.857142857142857, 8.333333333333332, 16.666666666666664, 4.166666666666666, 1.7543859649122806, 4.878048780487805, 5.263157894736842, 1.9607843137254901]
RMSE: 8.283440385213417 [4, 324, 4, 1, 36, 121, 1, 25, 16, 49, 4, 4, 0, 1, 1, 49, 841, 81, 1, 1, 16, 4, 25, 9, 81, 4, 4, 4, 16, 64, 841, 49, 16, 49, 64, 196, 9, 0, 4, 0, 64, 0, 9, 1, 25, 81, 4, 36, 36, 1, 9, 1, 9, 1, 1, 4, 1, 1, 9, 25, 2916, 0, 196, 49, 64, 1, 9, 441, 1, 9, 16, 9, 0, 9, 0, 4, 1, 25, 1, 9, 81, 1, 9, 121, 100, 4, 121, 0, 324, 9, 4, 4, 16, 25, 1, 25, 1, 16, 0, 25, 0, 1, 9, 4, 169, 1, 0, 9, 196, 4, 16, 144, 9, 64, 49, 9, 49, 49, 9, 25, 9, 4, 1, 16, 64, 4, 1, 4, 16, 1]

pred: 11347 [48, 258, 95, 137, 79, 27, 47, 107, 50, 91, 136, 27, 30, 55, 57, 33, 297, 88, 174, 59, 92, 83, 121, 52, 86, 28, 121, 45, 172, 194, 85, 103, 89, 68, 242, 78, 71, 30, 60, 47, 48, 127, 84, 50, 37, 78, 44, 64, 89, 123, 47, 101, 74, 22, 50, 21, 99, 75, 52, 102, 334, 50, 162, 102, 132, 32, 78, 233, 121, 45, 207, 107, 77, 27, 39, 24, 40, 172, 59, 44, 32, 33, 124, 120, 273, 76, 149, 96, 0, 68, 41, 44, 76, 79, 108, 66, 15, 103, 78, 118, 56, 101, 32, 170, 180, 35, 26, 44, 104, 93, 69, 235, 79, 133, 178, 51, 126, 64, 40, 54, 46, 95, 34, 52, 40, 50, 56, 39, 80, 52]
real: 11073 [46, 240, 93, 136, 73, 38, 46, 102, 54, 84, 134, 29, 30, 54, 56, 26, 268, 79, 173, 58, 96, 81, 126, 49, 95, 26, 123, 43, 168, 202, 114, 96, 93, 61, 234, 64, 68, 30, 58, 47, 40, 127, 81, 49, 32, 69, 46, 58, 83, 122, 44, 102, 71, 23, 49, 19, 98, 76, 55, 97, 280, 50, 148, 95, 124, 31, 75, 212, 120, 48, 203, 110, 77, 30, 39, 26, 39, 167, 58, 47, 41, 32, 121, 131, 263, 74, 138, 96, 18, 65, 43, 46, 72, 84, 107, 61, 16, 99, 78, 113, 56, 100, 29, 168, 167, 36, 26, 47, 118, 91, 65, 223, 76, 125, 185, 48, 119, 57, 37, 49, 43, 93, 35, 48, 48, 48, 57, 41, 76, 51]

grid_scale: 0.45
resize_scale: 0.5
confiance: 0.35

random_seed: 1011
data_augmentation: True
samples: 130
