MAE: 6.7153846153846155 [7, 23, 4, 9, 11, 9, 6, 13, 0, 2, 11, 0, 5, 5, 14, 2, 22, 11, 5, 6, 6, 12, 12, 12, 2, 3, 2, 2, 10, 4, 23, 9, 1, 11, 31, 17, 7, 2, 4, 5, 6, 4, 10, 4, 3, 1, 1, 12, 0, 0, 7, 2, 5, 1, 7, 4, 10, 4, 5, 8, 51, 3, 9, 9, 9, 2, 11, 28, 1, 2, 14, 2, 4, 3, 1, 2, 6, 16, 0, 5, 4, 4, 5, 2, 23, 7, 11, 4, 17, 7, 0, 4, 3, 3, 5, 7, 0, 2, 3, 4, 4, 5, 4, 5, 6, 5, 4, 2, 14, 8, 5, 14, 0, 2, 6, 3, 10, 1, 3, 3, 8, 5, 2, 2, 1, 8, 2, 4, 5, 5]
MAPE: 8.926665338689372 [15.217391304347828, 9.583333333333334, 4.301075268817205, 6.61764705882353, 15.068493150684931, 23.684210526315788, 13.043478260869565, 12.745098039215685, 0.0, 2.380952380952381, 8.208955223880597, 0.0, 16.666666666666664, 9.25925925925926, 25.0, 7.6923076923076925, 8.208955223880597, 13.924050632911392, 2.8901734104046244, 10.344827586206897, 6.25, 14.814814814814813, 9.523809523809524, 24.489795918367346, 2.1052631578947367, 11.538461538461538, 1.6260162601626018, 4.651162790697675, 5.952380952380952, 1.9801980198019802, 20.175438596491226, 9.375, 1.0752688172043012, 18.0327868852459, 13.247863247863249, 26.5625, 10.294117647058822, 6.666666666666667, 6.896551724137931, 10.638297872340425, 15.0, 3.149606299212598, 12.345679012345679, 8.16326530612245, 9.375, 1.4492753623188406, 2.1739130434782608, 20.689655172413794, 0.0, 0.0, 15.909090909090908, 1.9607843137254901, 7.042253521126761, 4.3478260869565215, 14.285714285714285, 21.052631578947366, 10.204081632653061, 5.263157894736842, 9.090909090909092, 8.24742268041237, 18.21428571428571, 6.0, 6.081081081081082, 9.473684210526317, 7.258064516129033, 6.451612903225806, 14.666666666666666, 13.20754716981132, 0.8333333333333334, 4.166666666666666, 6.896551724137931, 1.8181818181818181, 5.194805194805195, 10.0, 2.564102564102564, 7.6923076923076925, 15.384615384615385, 9.580838323353294, 0.0, 10.638297872340425, 9.75609756097561, 12.5, 4.132231404958678, 1.5267175572519083, 8.745247148288973, 9.45945945945946, 7.971014492753622, 4.166666666666666, 94.44444444444444, 10.76923076923077, 0.0, 8.695652173913043, 4.166666666666666, 3.571428571428571, 4.672897196261682, 11.475409836065573, 0.0, 2.0202020202020203, 3.8461538461538463, 3.5398230088495577, 7.142857142857142, 5.0, 13.793103448275861, 2.976190476190476, 3.592814371257485, 13.88888888888889, 15.384615384615385, 4.25531914893617, 11.864406779661017, 8.791208791208792, 7.6923076923076925, 6.278026905829597, 0.0, 1.6, 3.2432432432432434, 6.25, 8.403361344537815, 1.7543859649122806, 8.108108108108109, 6.122448979591836, 18.6046511627907, 5.376344086021505, 5.714285714285714, 4.166666666666666, 2.083333333333333, 16.666666666666664, 3.508771929824561, 9.75609756097561, 6.578947368421052, 9.803921568627452]
RMSE: 9.641656416899457 [49, 529, 16, 81, 121, 81, 36, 169, 0, 4, 121, 0, 25, 25, 196, 4, 484, 121, 25, 36, 36, 144, 144, 144, 4, 9, 4, 4, 100, 16, 529, 81, 1, 121, 961, 289, 49, 4, 16, 25, 36, 16, 100, 16, 9, 1, 1, 144, 0, 0, 49, 4, 25, 1, 49, 16, 100, 16, 25, 64, 2601, 9, 81, 81, 81, 4, 121, 784, 1, 4, 196, 4, 16, 9, 1, 4, 36, 256, 0, 25, 16, 16, 25, 4, 529, 49, 121, 16, 289, 49, 0, 16, 9, 9, 25, 49, 0, 4, 9, 16, 16, 25, 16, 25, 36, 25, 16, 4, 196, 64, 25, 196, 0, 4, 36, 9, 100, 1, 9, 9, 64, 25, 4, 4, 1, 64, 4, 16, 25, 25]

pred: 11738 [53, 263, 97, 145, 84, 29, 52, 115, 54, 86, 145, 29, 35, 59, 70, 28, 290, 90, 178, 64, 90, 93, 138, 61, 93, 29, 121, 45, 178, 206, 91, 105, 92, 72, 265, 81, 75, 32, 62, 52, 46, 131, 91, 53, 29, 70, 47, 70, 83, 122, 51, 104, 76, 22, 56, 23, 108, 80, 50, 105, 331, 53, 157, 104, 133, 33, 86, 240, 121, 50, 217, 112, 81, 33, 40, 24, 45, 183, 58, 42, 45, 36, 126, 129, 286, 81, 149, 100, 1, 72, 43, 50, 75, 87, 112, 68, 16, 97, 81, 117, 60, 105, 33, 173, 173, 41, 30, 45, 104, 99, 70, 237, 76, 127, 179, 51, 129, 58, 40, 52, 51, 98, 37, 50, 49, 56, 55, 45, 81, 56]
real: 11073 [46, 240, 93, 136, 73, 38, 46, 102, 54, 84, 134, 29, 30, 54, 56, 26, 268, 79, 173, 58, 96, 81, 126, 49, 95, 26, 123, 43, 168, 202, 114, 96, 93, 61, 234, 64, 68, 30, 58, 47, 40, 127, 81, 49, 32, 69, 46, 58, 83, 122, 44, 102, 71, 23, 49, 19, 98, 76, 55, 97, 280, 50, 148, 95, 124, 31, 75, 212, 120, 48, 203, 110, 77, 30, 39, 26, 39, 167, 58, 47, 41, 32, 121, 131, 263, 74, 138, 96, 18, 65, 43, 46, 72, 84, 107, 61, 16, 99, 78, 113, 56, 100, 29, 168, 167, 36, 26, 47, 118, 91, 65, 223, 76, 125, 185, 48, 119, 57, 37, 49, 43, 93, 35, 48, 48, 48, 57, 41, 76, 51]

grid_scale: 0.3
resize_scale: 0.5
confiance: 0.35

random_seed: 1011
data_augmentation: True
samples: 130
