MAE: 9.2 [5, 24, 13, 10, 15, 9, 5, 20, 1, 8, 15, 1, 0, 6, 7, 7, 25, 11, 11, 7, 7, 13, 7, 11, 1, 2, 2, 5, 21, 2, 14, 4, 5, 17, 38, 15, 24, 2, 8, 11, 5, 10, 28, 4, 4, 4, 7, 16, 8, 13, 4, 18, 8, 3, 11, 2, 14, 8, 2, 9, 67, 7, 14, 16, 25, 5, 3, 31, 5, 1, 20, 2, 7, 6, 0, 0, 5, 22, 2, 2, 4, 2, 9, 2, 22, 5, 20, 12, 17, 6, 1, 3, 6, 3, 3, 11, 1, 0, 4, 14, 5, 16, 2, 10, 9, 2, 7, 2, 1, 7, 11, 23, 5, 14, 13, 9, 9, 11, 3, 2, 11, 11, 4, 6, 1, 5, 7, 9, 3, 6]
MAPE: 11.652239033291464 [10.869565217391305, 10.0, 13.978494623655912, 7.352941176470589, 20.54794520547945, 23.684210526315788, 10.869565217391305, 19.607843137254903, 1.8518518518518516, 9.523809523809524, 11.194029850746269, 3.4482758620689653, 0.0, 11.11111111111111, 12.5, 26.923076923076923, 9.328358208955224, 13.924050632911392, 6.358381502890173, 12.068965517241379, 7.291666666666667, 16.049382716049383, 5.555555555555555, 22.448979591836736, 1.0526315789473684, 7.6923076923076925, 1.6260162601626018, 11.627906976744185, 12.5, 0.9900990099009901, 12.280701754385964, 4.166666666666666, 5.376344086021505, 27.86885245901639, 16.23931623931624, 23.4375, 35.294117647058826, 6.666666666666667, 13.793103448275861, 23.404255319148938, 12.5, 7.874015748031496, 34.5679012345679, 8.16326530612245, 12.5, 5.797101449275362, 15.217391304347828, 27.586206896551722, 9.63855421686747, 10.655737704918032, 9.090909090909092, 17.647058823529413, 11.267605633802818, 13.043478260869565, 22.448979591836736, 10.526315789473683, 14.285714285714285, 10.526315789473683, 3.6363636363636362, 9.278350515463918, 23.92857142857143, 14.000000000000002, 9.45945945945946, 16.842105263157894, 20.161290322580644, 16.129032258064516, 4.0, 14.622641509433961, 4.166666666666666, 2.083333333333333, 9.852216748768473, 1.8181818181818181, 9.090909090909092, 20.0, 0.0, 0.0, 12.82051282051282, 13.17365269461078, 3.4482758620689653, 4.25531914893617, 9.75609756097561, 6.25, 7.43801652892562, 1.5267175572519083, 8.365019011406844, 6.756756756756757, 14.492753623188406, 12.5, 94.44444444444444, 9.230769230769232, 2.3255813953488373, 6.521739130434782, 8.333333333333332, 3.571428571428571, 2.803738317757009, 18.0327868852459, 6.25, 0.0, 5.128205128205128, 12.389380530973451, 8.928571428571429, 16.0, 6.896551724137931, 5.952380952380952, 5.389221556886228, 5.555555555555555, 26.923076923076923, 4.25531914893617, 0.847457627118644, 7.6923076923076925, 16.923076923076923, 10.31390134529148, 6.578947368421052, 11.200000000000001, 7.027027027027027, 18.75, 7.563025210084033, 19.298245614035086, 8.108108108108109, 4.081632653061225, 25.581395348837212, 11.827956989247312, 11.428571428571429, 12.5, 2.083333333333333, 10.416666666666668, 12.280701754385964, 21.951219512195124, 3.9473684210526314, 11.76470588235294]
RMSE: 12.732151911899743 [25, 576, 169, 100, 225, 81, 25, 400, 1, 64, 225, 1, 0, 36, 49, 49, 625, 121, 121, 49, 49, 169, 49, 121, 1, 4, 4, 25, 441, 4, 196, 16, 25, 289, 1444, 225, 576, 4, 64, 121, 25, 100, 784, 16, 16, 16, 49, 256, 64, 169, 16, 324, 64, 9, 121, 4, 196, 64, 4, 81, 4489, 49, 196, 256, 625, 25, 9, 961, 25, 1, 400, 4, 49, 36, 0, 0, 25, 484, 4, 4, 16, 4, 81, 4, 484, 25, 400, 144, 289, 36, 1, 9, 36, 9, 9, 121, 1, 0, 16, 196, 25, 256, 4, 100, 81, 4, 49, 4, 1, 49, 121, 529, 25, 196, 169, 81, 81, 121, 9, 4, 121, 121, 16, 36, 1, 25, 49, 81, 9, 36]

pred: 12163 [51, 264, 106, 146, 88, 29, 51, 122, 55, 92, 149, 28, 30, 60, 63, 33, 293, 90, 184, 65, 89, 94, 133, 60, 94, 28, 125, 48, 189, 204, 100, 100, 98, 78, 272, 79, 92, 32, 66, 58, 45, 137, 109, 53, 36, 73, 53, 74, 91, 135, 48, 120, 79, 26, 60, 21, 112, 84, 57, 106, 347, 57, 162, 111, 149, 36, 78, 243, 125, 47, 223, 112, 84, 36, 39, 26, 44, 189, 60, 45, 45, 34, 130, 133, 285, 79, 158, 108, 1, 71, 44, 49, 78, 87, 110, 72, 17, 99, 82, 127, 61, 116, 31, 178, 176, 38, 33, 49, 117, 98, 76, 246, 81, 139, 198, 57, 128, 68, 40, 51, 54, 104, 39, 54, 49, 53, 64, 50, 79, 57]
real: 11073 [46, 240, 93, 136, 73, 38, 46, 102, 54, 84, 134, 29, 30, 54, 56, 26, 268, 79, 173, 58, 96, 81, 126, 49, 95, 26, 123, 43, 168, 202, 114, 96, 93, 61, 234, 64, 68, 30, 58, 47, 40, 127, 81, 49, 32, 69, 46, 58, 83, 122, 44, 102, 71, 23, 49, 19, 98, 76, 55, 97, 280, 50, 148, 95, 124, 31, 75, 212, 120, 48, 203, 110, 77, 30, 39, 26, 39, 167, 58, 47, 41, 32, 121, 131, 263, 74, 138, 96, 18, 65, 43, 46, 72, 84, 107, 61, 16, 99, 78, 113, 56, 100, 29, 168, 167, 36, 26, 47, 118, 91, 65, 223, 76, 125, 185, 48, 119, 57, 37, 49, 43, 93, 35, 48, 48, 48, 57, 41, 76, 51]

grid_scale: 0.3
resize_scale: 0.5
confiance: 0.3

random_seed: 1011
data_augmentation: True
samples: 130
