MAE: 4.569230769230769 [4, 0, 7, 2, 5, 10, 3, 14, 1, 5, 2, 1, 0, 3, 7, 2, 13, 13, 3, 5, 7, 2, 2, 3, 5, 1, 0, 3, 6, 3, 18, 2, 12, 1, 16, 20, 8, 1, 1, 5, 4, 2, 11, 1, 1, 3, 1, 6, 6, 6, 1, 0, 1, 1, 6, 3, 11, 2, 7, 3, 40, 3, 0, 7, 1, 1, 1, 25, 6, 3, 0, 5, 1, 1, 6, 1, 2, 7, 1, 3, 1, 2, 3, 5, 17, 0, 14, 3, 18, 3, 0, 0, 7, 0, 3, 2, 3, 3, 0, 3, 4, 1, 2, 10, 13, 0, 1, 0, 3, 6, 2, 7, 0, 6, 3, 3, 10, 1, 3, 3, 3, 2, 0, 4, 1, 6, 1, 1, 1, 4]
MAPE: 6.267784419287397 [8.695652173913043, 0.0, 7.526881720430108, 1.4705882352941175, 6.8493150684931505, 26.31578947368421, 6.521739130434782, 13.725490196078432, 1.8518518518518516, 5.952380952380952, 1.4925373134328357, 3.4482758620689653, 0.0, 5.555555555555555, 12.5, 7.6923076923076925, 4.850746268656716, 16.455696202531644, 1.7341040462427744, 8.620689655172415, 7.291666666666667, 2.4691358024691357, 1.5873015873015872, 6.122448979591836, 5.263157894736842, 3.8461538461538463, 0.0, 6.976744186046512, 3.571428571428571, 1.4851485148514851, 15.789473684210526, 2.083333333333333, 12.903225806451612, 1.639344262295082, 6.837606837606838, 31.25, 11.76470588235294, 3.3333333333333335, 1.7241379310344827, 10.638297872340425, 10.0, 1.574803149606299, 13.580246913580247, 2.0408163265306123, 3.125, 4.3478260869565215, 2.1739130434782608, 10.344827586206897, 7.228915662650602, 4.918032786885246, 2.272727272727273, 0.0, 1.4084507042253522, 4.3478260869565215, 12.244897959183673, 15.789473684210526, 11.224489795918368, 2.631578947368421, 12.727272727272727, 3.0927835051546393, 14.285714285714285, 6.0, 0.0, 7.368421052631578, 0.8064516129032258, 3.225806451612903, 1.3333333333333335, 11.79245283018868, 5.0, 6.25, 0.0, 4.545454545454546, 1.2987012987012987, 3.3333333333333335, 15.384615384615385, 3.8461538461538463, 5.128205128205128, 4.191616766467066, 1.7241379310344827, 6.382978723404255, 2.4390243902439024, 6.25, 2.479338842975207, 3.816793893129771, 6.4638783269961975, 0.0, 10.144927536231885, 3.125, 100.0, 4.615384615384616, 0.0, 0.0, 9.722222222222223, 0.0, 2.803738317757009, 3.278688524590164, 18.75, 3.0303030303030303, 0.0, 2.6548672566371683, 7.142857142857142, 1.0, 6.896551724137931, 5.952380952380952, 7.784431137724551, 0.0, 3.8461538461538463, 0.0, 2.5423728813559325, 6.593406593406594, 3.076923076923077, 3.1390134529147984, 0.0, 4.8, 1.6216216216216217, 6.25, 8.403361344537815, 1.7543859649122806, 8.108108108108109, 6.122448979591836, 6.976744186046512, 2.1505376344086025, 0.0, 8.333333333333332, 2.083333333333333, 12.5, 1.7543859649122806, 2.4390243902439024, 1.3157894736842104, 7.8431372549019605]
RMSE: 7.22282706211569 [16, 0, 49, 4, 25, 100, 9, 196, 1, 25, 4, 1, 0, 9, 49, 4, 169, 169, 9, 25, 49, 4, 4, 9, 25, 1, 0, 9, 36, 9, 324, 4, 144, 1, 256, 400, 64, 1, 1, 25, 16, 4, 121, 1, 1, 9, 1, 36, 36, 36, 1, 0, 1, 1, 36, 9, 121, 4, 49, 9, 1600, 9, 0, 49, 1, 1, 1, 625, 36, 9, 0, 25, 1, 1, 36, 1, 4, 49, 1, 9, 1, 4, 9, 25, 289, 0, 196, 9, 324, 9, 0, 0, 49, 0, 9, 4, 9, 9, 0, 9, 16, 1, 4, 100, 169, 0, 1, 0, 9, 36, 4, 49, 0, 36, 9, 9, 100, 1, 9, 9, 9, 4, 0, 16, 1, 36, 1, 1, 1, 16]

pred: 11419 [50, 240, 100, 138, 78, 28, 49, 116, 55, 89, 136, 30, 30, 57, 63, 28, 281, 92, 176, 63, 89, 83, 128, 52, 90, 27, 123, 46, 174, 199, 96, 98, 81, 62, 250, 84, 76, 29, 59, 52, 44, 125, 92, 50, 33, 72, 45, 64, 89, 128, 45, 102, 70, 22, 55, 22, 109, 78, 48, 100, 320, 53, 148, 102, 125, 32, 74, 237, 126, 45, 203, 105, 78, 29, 33, 25, 41, 174, 57, 44, 42, 34, 124, 126, 280, 74, 152, 99, 0, 68, 43, 46, 79, 84, 104, 63, 19, 102, 78, 116, 60, 101, 31, 178, 180, 36, 27, 47, 115, 97, 67, 230, 76, 131, 188, 51, 129, 58, 34, 52, 46, 95, 35, 52, 47, 54, 58, 40, 75, 55]
real: 11073 [46, 240, 93, 136, 73, 38, 46, 102, 54, 84, 134, 29, 30, 54, 56, 26, 268, 79, 173, 58, 96, 81, 126, 49, 95, 26, 123, 43, 168, 202, 114, 96, 93, 61, 234, 64, 68, 30, 58, 47, 40, 127, 81, 49, 32, 69, 46, 58, 83, 122, 44, 102, 71, 23, 49, 19, 98, 76, 55, 97, 280, 50, 148, 95, 124, 31, 75, 212, 120, 48, 203, 110, 77, 30, 39, 26, 39, 167, 58, 47, 41, 32, 121, 131, 263, 74, 138, 96, 18, 65, 43, 46, 72, 84, 107, 61, 16, 99, 78, 113, 56, 100, 29, 168, 167, 36, 26, 47, 118, 91, 65, 223, 76, 125, 185, 48, 119, 57, 37, 49, 43, 93, 35, 48, 48, 48, 57, 41, 76, 51]

grid_scale: 0.4
resize_scale: 0.5
confiance: 0.4

random_seed: 1011
data_augmentation: True
samples: 130
