MAE: 8.084615384615384 [9, 20, 9, 6, 7, 7, 3, 20, 1, 8, 10, 4, 0, 8, 6, 4, 41, 18, 16, 3, 3, 4, 12, 4, 0, 3, 5, 3, 17, 1, 10, 5, 0, 5, 25, 22, 11, 2, 4, 5, 5, 9, 25, 2, 3, 7, 6, 15, 10, 13, 3, 3, 9, 2, 8, 3, 9, 4, 4, 7, 56, 3, 18, 11, 19, 3, 7, 26, 8, 3, 22, 1, 2, 4, 3, 6, 1, 9, 8, 2, 5, 3, 4, 12, 34, 6, 19, 1, 18, 0, 3, 2, 9, 4, 3, 16, 3, 0, 7, 12, 6, 7, 4, 8, 20, 5, 6, 2, 2, 13, 5, 12, 2, 6, 17, 7, 9, 4, 3, 7, 5, 9, 2, 7, 2, 5, 2, 6, 3, 4]
MAPE: 10.376522651902258 [19.565217391304348, 8.333333333333332, 9.67741935483871, 4.411764705882353, 9.58904109589041, 18.421052631578945, 6.521739130434782, 19.607843137254903, 1.8518518518518516, 9.523809523809524, 7.462686567164178, 13.793103448275861, 0.0, 14.814814814814813, 10.714285714285714, 15.384615384615385, 15.298507462686567, 22.78481012658228, 9.248554913294797, 5.172413793103448, 3.125, 4.938271604938271, 9.523809523809524, 8.16326530612245, 0.0, 11.538461538461538, 4.0650406504065035, 6.976744186046512, 10.119047619047619, 0.49504950495049505, 8.771929824561402, 5.208333333333334, 0.0, 8.19672131147541, 10.683760683760683, 34.375, 16.176470588235293, 6.666666666666667, 6.896551724137931, 10.638297872340425, 12.5, 7.086614173228346, 30.864197530864196, 4.081632653061225, 9.375, 10.144927536231885, 13.043478260869565, 25.862068965517242, 12.048192771084338, 10.655737704918032, 6.8181818181818175, 2.941176470588235, 12.676056338028168, 8.695652173913043, 16.3265306122449, 15.789473684210526, 9.183673469387756, 5.263157894736842, 7.2727272727272725, 7.216494845360824, 20.0, 6.0, 12.162162162162163, 11.578947368421053, 15.32258064516129, 9.67741935483871, 9.333333333333334, 12.264150943396226, 6.666666666666667, 6.25, 10.83743842364532, 0.9090909090909091, 2.5974025974025974, 13.333333333333334, 7.6923076923076925, 23.076923076923077, 2.564102564102564, 5.389221556886228, 13.793103448275861, 4.25531914893617, 12.195121951219512, 9.375, 3.3057851239669422, 9.16030534351145, 12.927756653992395, 8.108108108108109, 13.768115942028986, 1.0416666666666665, 100.0, 0.0, 6.976744186046512, 4.3478260869565215, 12.5, 4.761904761904762, 2.803738317757009, 26.229508196721312, 18.75, 0.0, 8.974358974358974, 10.619469026548673, 10.714285714285714, 7.000000000000001, 13.793103448275861, 4.761904761904762, 11.976047904191617, 13.88888888888889, 23.076923076923077, 4.25531914893617, 1.694915254237288, 14.285714285714285, 7.6923076923076925, 5.381165919282512, 2.631578947368421, 4.8, 9.18918918918919, 14.583333333333334, 7.563025210084033, 7.017543859649122, 8.108108108108109, 14.285714285714285, 11.627906976744185, 9.67741935483871, 5.714285714285714, 14.583333333333334, 4.166666666666666, 10.416666666666668, 3.508771929824561, 14.634146341463413, 3.9473684210526314, 7.8431372549019605]
RMSE: 11.482763001727683 [81, 400, 81, 36, 49, 49, 9, 400, 1, 64, 100, 16, 0, 64, 36, 16, 1681, 324, 256, 9, 9, 16, 144, 16, 0, 9, 25, 9, 289, 1, 100, 25, 0, 25, 625, 484, 121, 4, 16, 25, 25, 81, 625, 4, 9, 49, 36, 225, 100, 169, 9, 9, 81, 4, 64, 9, 81, 16, 16, 49, 3136, 9, 324, 121, 361, 9, 49, 676, 64, 9, 484, 1, 4, 16, 9, 36, 1, 81, 64, 4, 25, 9, 16, 144, 1156, 36, 361, 1, 324, 0, 9, 4, 81, 16, 9, 256, 9, 0, 49, 144, 36, 49, 16, 64, 400, 25, 36, 4, 4, 169, 25, 144, 4, 36, 289, 49, 81, 16, 9, 49, 25, 81, 4, 49, 4, 25, 4, 36, 9, 16]

pred: 12030 [55, 260, 102, 142, 80, 31, 49, 122, 55, 92, 144, 33, 30, 62, 62, 30, 309, 97, 189, 61, 93, 85, 138, 53, 95, 29, 128, 46, 185, 203, 104, 101, 93, 66, 259, 86, 79, 32, 62, 52, 45, 136, 106, 51, 35, 76, 52, 73, 93, 135, 47, 105, 80, 25, 57, 22, 107, 80, 51, 104, 336, 53, 166, 106, 143, 34, 82, 238, 128, 51, 225, 111, 79, 34, 36, 32, 40, 176, 66, 49, 46, 35, 125, 143, 297, 80, 157, 97, 0, 65, 46, 48, 81, 88, 110, 77, 19, 99, 85, 125, 62, 107, 33, 176, 187, 41, 32, 49, 120, 104, 70, 235, 78, 131, 202, 55, 128, 61, 40, 56, 48, 102, 37, 55, 46, 53, 59, 47, 79, 55]
real: 11073 [46, 240, 93, 136, 73, 38, 46, 102, 54, 84, 134, 29, 30, 54, 56, 26, 268, 79, 173, 58, 96, 81, 126, 49, 95, 26, 123, 43, 168, 202, 114, 96, 93, 61, 234, 64, 68, 30, 58, 47, 40, 127, 81, 49, 32, 69, 46, 58, 83, 122, 44, 102, 71, 23, 49, 19, 98, 76, 55, 97, 280, 50, 148, 95, 124, 31, 75, 212, 120, 48, 203, 110, 77, 30, 39, 26, 39, 167, 58, 47, 41, 32, 121, 131, 263, 74, 138, 96, 18, 65, 43, 46, 72, 84, 107, 61, 16, 99, 78, 113, 56, 100, 29, 168, 167, 36, 26, 47, 118, 91, 65, 223, 76, 125, 185, 48, 119, 57, 37, 49, 43, 93, 35, 48, 48, 48, 57, 41, 76, 51]

grid_scale: 0.35
resize_scale: 0.5
confiance: 0.3

random_seed: 1011
data_augmentation: True
samples: 130
