MAE: 4.2153846153846155 [2, 5, 2, 1, 2, 13, 5, 5, 5, 2, 1, 1, 3, 1, 3, 3, 9, 1, 6, 5, 15, 0, 6, 2, 11, 1, 5, 1, 2, 11, 46, 3, 5, 4, 8, 8, 2, 2, 1, 1, 0, 5, 6, 1, 5, 2, 6, 5, 5, 1, 0, 0, 1, 2, 3, 1, 2, 1, 5, 0, 22, 2, 5, 4, 2, 1, 1, 1, 3, 4, 4, 1, 0, 4, 1, 1, 1, 1, 6, 9, 10, 1, 0, 14, 5, 3, 3, 3, 18, 5, 2, 2, 2, 3, 4, 9, 1, 5, 5, 1, 1, 2, 3, 4, 3, 1, 1, 7, 34, 3, 2, 6, 0, 2, 12, 1, 3, 0, 1, 1, 3, 1, 2, 9, 5, 2, 3, 4, 3, 0]
MAPE: 6.295291739315801 [4.3478260869565215, 2.083333333333333, 2.1505376344086025, 0.7352941176470588, 2.73972602739726, 34.21052631578947, 10.869565217391305, 4.901960784313726, 9.25925925925926, 2.380952380952381, 0.7462686567164178, 3.4482758620689653, 10.0, 1.8518518518518516, 5.357142857142857, 11.538461538461538, 3.3582089552238807, 1.2658227848101267, 3.4682080924855487, 8.620689655172415, 15.625, 0.0, 4.761904761904762, 4.081632653061225, 11.578947368421053, 3.8461538461538463, 4.0650406504065035, 2.3255813953488373, 1.1904761904761905, 5.445544554455446, 40.35087719298245, 3.125, 5.376344086021505, 6.557377049180328, 3.418803418803419, 12.5, 2.941176470588235, 6.666666666666667, 1.7241379310344827, 2.127659574468085, 0.0, 3.937007874015748, 7.4074074074074066, 2.0408163265306123, 15.625, 2.898550724637681, 13.043478260869565, 8.620689655172415, 6.024096385542169, 0.819672131147541, 0.0, 0.0, 1.4084507042253522, 8.695652173913043, 6.122448979591836, 5.263157894736842, 2.0408163265306123, 1.3157894736842104, 9.090909090909092, 0.0, 7.857142857142857, 4.0, 3.3783783783783785, 4.2105263157894735, 1.6129032258064515, 3.225806451612903, 1.3333333333333335, 0.4716981132075472, 2.5, 8.333333333333332, 1.9704433497536946, 0.9090909090909091, 0.0, 13.333333333333334, 2.564102564102564, 3.8461538461538463, 2.564102564102564, 0.5988023952095809, 10.344827586206897, 19.148936170212767, 24.390243902439025, 3.125, 0.0, 10.687022900763358, 1.9011406844106464, 4.054054054054054, 2.1739130434782608, 3.125, 100.0, 7.6923076923076925, 4.651162790697675, 4.3478260869565215, 2.7777777777777777, 3.571428571428571, 3.7383177570093453, 14.754098360655737, 6.25, 5.05050505050505, 6.41025641025641, 0.8849557522123894, 1.7857142857142856, 2.0, 10.344827586206897, 2.380952380952381, 1.7964071856287425, 2.7777777777777777, 3.8461538461538463, 14.893617021276595, 28.8135593220339, 3.296703296703297, 3.076923076923077, 2.690582959641256, 0.0, 1.6, 6.486486486486487, 2.083333333333333, 2.5210084033613445, 0.0, 2.7027027027027026, 2.0408163265306123, 6.976744186046512, 1.0752688172043012, 5.714285714285714, 18.75, 10.416666666666668, 4.166666666666666, 5.263157894736842, 9.75609756097561, 3.9473684210526314, 0.0]
RMSE: 7.189736274183337 [4, 25, 4, 1, 4, 169, 25, 25, 25, 4, 1, 1, 9, 1, 9, 9, 81, 1, 36, 25, 225, 0, 36, 4, 121, 1, 25, 1, 4, 121, 2116, 9, 25, 16, 64, 64, 4, 4, 1, 1, 0, 25, 36, 1, 25, 4, 36, 25, 25, 1, 0, 0, 1, 4, 9, 1, 4, 1, 25, 0, 484, 4, 25, 16, 4, 1, 1, 1, 9, 16, 16, 1, 0, 16, 1, 1, 1, 1, 36, 81, 100, 1, 0, 196, 25, 9, 9, 9, 324, 25, 4, 4, 4, 9, 16, 81, 1, 25, 25, 1, 1, 4, 9, 16, 9, 1, 1, 49, 1156, 9, 4, 36, 0, 4, 144, 1, 9, 0, 1, 1, 9, 1, 4, 81, 25, 4, 9, 16, 9, 0]

pred: 10933 [48, 245, 91, 137, 75, 25, 51, 107, 49, 86, 135, 28, 27, 55, 59, 29, 277, 80, 167, 53, 81, 81, 120, 51, 84, 27, 118, 44, 170, 191, 68, 99, 88, 65, 242, 72, 70, 32, 57, 48, 40, 122, 87, 50, 27, 71, 40, 63, 88, 123, 44, 102, 70, 21, 52, 20, 100, 77, 50, 97, 302, 52, 153, 99, 122, 30, 76, 213, 117, 44, 207, 109, 77, 26, 38, 25, 38, 168, 52, 38, 31, 33, 121, 117, 268, 77, 135, 93, 0, 70, 41, 44, 74, 81, 103, 70, 17, 94, 73, 112, 57, 98, 32, 164, 170, 37, 25, 40, 84, 94, 63, 217, 76, 123, 173, 49, 122, 57, 36, 50, 46, 94, 37, 57, 43, 50, 54, 45, 73, 51]
real: 11073 [46, 240, 93, 136, 73, 38, 46, 102, 54, 84, 134, 29, 30, 54, 56, 26, 268, 79, 173, 58, 96, 81, 126, 49, 95, 26, 123, 43, 168, 202, 114, 96, 93, 61, 234, 64, 68, 30, 58, 47, 40, 127, 81, 49, 32, 69, 46, 58, 83, 122, 44, 102, 71, 23, 49, 19, 98, 76, 55, 97, 280, 50, 148, 95, 124, 31, 75, 212, 120, 48, 203, 110, 77, 30, 39, 26, 39, 167, 58, 47, 41, 32, 121, 131, 263, 74, 138, 96, 18, 65, 43, 46, 72, 84, 107, 61, 16, 99, 78, 113, 56, 100, 29, 168, 167, 36, 26, 47, 118, 91, 65, 223, 76, 125, 185, 48, 119, 57, 37, 49, 43, 93, 35, 48, 48, 48, 57, 41, 76, 51]

grid_scale: 0.35
resize_scale: 0.5
confiance: 0.45

random_seed: 1011
data_augmentation: True
samples: 130
