MAE: 3.6615384615384614 [4, 5, 3, 2, 4, 15, 4, 1, 3, 1, 0, 3, 3, 2, 2, 4, 8, 2, 13, 2, 6, 6, 5, 1, 4, 1, 1, 1, 11, 5, 2, 8, 5, 4, 12, 9, 8, 1, 2, 1, 1, 1, 6, 2, 0, 2, 5, 6, 3, 0, 2, 4, 5, 0, 0, 2, 4, 2, 5, 2, 6, 3, 9, 5, 12, 1, 2, 0, 4, 1, 5, 11, 1, 0, 0, 1, 1, 1, 5, 1, 7, 1, 1, 17, 4, 0, 3, 1, 15, 7, 1, 1, 5, 5, 1, 1, 1, 1, 2, 1, 5, 3, 3, 3, 3, 1, 2, 0, 13, 1, 3, 12, 1, 3, 16, 4, 1, 4, 4, 3, 1, 0, 1, 4, 4, 3, 0, 3, 2, 3]
MAPE: 5.445238991823189 [8.695652173913043, 2.083333333333333, 3.225806451612903, 1.4705882352941175, 5.47945205479452, 39.473684210526315, 8.695652173913043, 0.9803921568627451, 5.555555555555555, 1.1904761904761905, 0.0, 10.344827586206897, 10.0, 3.7037037037037033, 3.571428571428571, 15.384615384615385, 2.9850746268656714, 2.5316455696202533, 7.514450867052023, 3.4482758620689653, 6.25, 7.4074074074074066, 3.968253968253968, 2.0408163265306123, 4.2105263157894735, 3.8461538461538463, 0.8130081300813009, 2.3255813953488373, 6.547619047619048, 2.4752475247524752, 1.7543859649122806, 8.333333333333332, 5.376344086021505, 6.557377049180328, 5.128205128205128, 14.0625, 11.76470588235294, 3.3333333333333335, 3.4482758620689653, 2.127659574468085, 2.5, 0.7874015748031495, 7.4074074074074066, 4.081632653061225, 0.0, 2.898550724637681, 10.869565217391305, 10.344827586206897, 3.614457831325301, 0.0, 4.545454545454546, 3.9215686274509802, 7.042253521126761, 0.0, 0.0, 10.526315789473683, 4.081632653061225, 2.631578947368421, 9.090909090909092, 2.0618556701030926, 2.142857142857143, 6.0, 6.081081081081082, 5.263157894736842, 9.67741935483871, 3.225806451612903, 2.666666666666667, 0.0, 3.3333333333333335, 2.083333333333333, 2.4630541871921183, 10.0, 1.2987012987012987, 0.0, 0.0, 3.8461538461538463, 2.564102564102564, 0.5988023952095809, 8.620689655172415, 2.127659574468085, 17.073170731707318, 3.125, 0.8264462809917356, 12.977099236641221, 1.520912547528517, 0.0, 2.1739130434782608, 1.0416666666666665, 83.33333333333334, 10.76923076923077, 2.3255813953488373, 2.1739130434782608, 6.944444444444445, 5.952380952380952, 0.9345794392523363, 1.639344262295082, 6.25, 1.0101010101010102, 2.564102564102564, 0.8849557522123894, 8.928571428571429, 3.0, 10.344827586206897, 1.7857142857142856, 1.7964071856287425, 2.7777777777777777, 7.6923076923076925, 0.0, 11.016949152542372, 1.098901098901099, 4.615384615384616, 5.381165919282512, 1.3157894736842104, 2.4, 8.64864864864865, 8.333333333333332, 0.8403361344537815, 7.017543859649122, 10.81081081081081, 6.122448979591836, 2.3255813953488373, 0.0, 2.857142857142857, 8.333333333333332, 8.333333333333332, 6.25, 0.0, 7.317073170731707, 2.631578947368421, 5.88235294117647]
RMSE: 5.157518783291051 [16, 25, 9, 4, 16, 225, 16, 1, 9, 1, 0, 9, 9, 4, 4, 16, 64, 4, 169, 4, 36, 36, 25, 1, 16, 1, 1, 1, 121, 25, 4, 64, 25, 16, 144, 81, 64, 1, 4, 1, 1, 1, 36, 4, 0, 4, 25, 36, 9, 0, 4, 16, 25, 0, 0, 4, 16, 4, 25, 4, 36, 9, 81, 25, 144, 1, 4, 0, 16, 1, 25, 121, 1, 0, 0, 1, 1, 1, 25, 1, 49, 1, 1, 289, 16, 0, 9, 1, 225, 49, 1, 1, 25, 25, 1, 1, 1, 1, 4, 1, 25, 9, 9, 9, 9, 1, 4, 0, 169, 1, 9, 144, 1, 9, 256, 16, 1, 16, 16, 9, 1, 0, 1, 16, 16, 9, 0, 9, 4, 9]

pred: 10949 [50, 235, 96, 138, 77, 23, 50, 103, 51, 83, 134, 26, 33, 56, 58, 30, 260, 81, 160, 56, 90, 87, 121, 50, 91, 25, 122, 44, 157, 197, 112, 104, 88, 65, 222, 73, 76, 29, 60, 46, 41, 126, 87, 51, 32, 71, 41, 64, 80, 122, 46, 98, 76, 23, 49, 21, 102, 78, 50, 99, 286, 53, 139, 100, 112, 30, 73, 212, 124, 47, 198, 99, 76, 30, 39, 27, 38, 166, 53, 48, 34, 33, 120, 114, 259, 74, 135, 97, 3, 58, 42, 47, 77, 79, 108, 60, 15, 98, 76, 114, 61, 97, 32, 165, 170, 35, 28, 47, 105, 92, 68, 211, 77, 128, 169, 52, 118, 61, 33, 52, 42, 93, 36, 52, 44, 45, 57, 44, 78, 48]
real: 11073 [46, 240, 93, 136, 73, 38, 46, 102, 54, 84, 134, 29, 30, 54, 56, 26, 268, 79, 173, 58, 96, 81, 126, 49, 95, 26, 123, 43, 168, 202, 114, 96, 93, 61, 234, 64, 68, 30, 58, 47, 40, 127, 81, 49, 32, 69, 46, 58, 83, 122, 44, 102, 71, 23, 49, 19, 98, 76, 55, 97, 280, 50, 148, 95, 124, 31, 75, 212, 120, 48, 203, 110, 77, 30, 39, 26, 39, 167, 58, 47, 41, 32, 121, 131, 263, 74, 138, 96, 18, 65, 43, 46, 72, 84, 107, 61, 16, 99, 78, 113, 56, 100, 29, 168, 167, 36, 26, 47, 118, 91, 65, 223, 76, 125, 185, 48, 119, 57, 37, 49, 43, 93, 35, 48, 48, 48, 57, 41, 76, 51]

grid_scale: 0.2
resize_scale: 0.5
confiance: 0.7

random_seed: 1011
data_augmentation: True
samples: 130
