MAE: 3.9692307692307693 [2, 2, 0, 2, 4, 10, 0, 6, 4, 3, 1, 3, 1, 5, 6, 1, 11, 3, 4, 4, 14, 2, 7, 2, 11, 1, 3, 2, 2, 14, 33, 1, 9, 2, 14, 8, 5, 0, 2, 1, 1, 5, 6, 2, 4, 1, 0, 7, 4, 4, 0, 0, 0, 1, 3, 3, 2, 0, 7, 3, 31, 2, 5, 7, 0, 2, 3, 1, 5, 6, 6, 5, 2, 1, 8, 2, 0, 1, 1, 8, 3, 1, 0, 5, 2, 2, 4, 0, 18, 8, 1, 1, 3, 2, 4, 10, 1, 7, 5, 1, 1, 1, 0, 0, 2, 2, 0, 6, 16, 5, 2, 9, 1, 1, 8, 3, 3, 2, 0, 1, 4, 2, 0, 1, 8, 1, 1, 1, 2, 1]
MAPE: 5.7532728113118825 [4.3478260869565215, 0.8333333333333334, 0.0, 1.4705882352941175, 5.47945205479452, 26.31578947368421, 0.0, 5.88235294117647, 7.4074074074074066, 3.571428571428571, 0.7462686567164178, 10.344827586206897, 3.3333333333333335, 9.25925925925926, 10.714285714285714, 3.8461538461538463, 4.104477611940299, 3.79746835443038, 2.312138728323699, 6.896551724137931, 14.583333333333334, 2.4691358024691357, 5.555555555555555, 4.081632653061225, 11.578947368421053, 3.8461538461538463, 2.4390243902439024, 4.651162790697675, 1.1904761904761905, 6.9306930693069315, 28.947368421052634, 1.0416666666666665, 9.67741935483871, 3.278688524590164, 5.982905982905983, 12.5, 7.352941176470589, 0.0, 3.4482758620689653, 2.127659574468085, 2.5, 3.937007874015748, 7.4074074074074066, 4.081632653061225, 12.5, 1.4492753623188406, 0.0, 12.068965517241379, 4.819277108433735, 3.278688524590164, 0.0, 0.0, 0.0, 4.3478260869565215, 6.122448979591836, 15.789473684210526, 2.0408163265306123, 0.0, 12.727272727272727, 3.0927835051546393, 11.071428571428571, 4.0, 3.3783783783783785, 7.368421052631578, 0.0, 6.451612903225806, 4.0, 0.4716981132075472, 4.166666666666666, 12.5, 2.955665024630542, 4.545454545454546, 2.5974025974025974, 3.3333333333333335, 20.51282051282051, 7.6923076923076925, 0.0, 0.5988023952095809, 1.7241379310344827, 17.02127659574468, 7.317073170731707, 3.125, 0.0, 3.816793893129771, 0.7604562737642585, 2.7027027027027026, 2.898550724637681, 0.0, 100.0, 12.307692307692308, 2.3255813953488373, 2.1739130434782608, 4.166666666666666, 2.380952380952381, 3.7383177570093453, 16.39344262295082, 6.25, 7.07070707070707, 6.41025641025641, 0.8849557522123894, 1.7857142857142856, 1.0, 0.0, 0.0, 1.1976047904191618, 5.555555555555555, 0.0, 12.76595744680851, 13.559322033898304, 5.4945054945054945, 3.076923076923077, 4.0358744394618835, 1.3157894736842104, 0.8, 4.324324324324325, 6.25, 2.5210084033613445, 3.508771929824561, 0.0, 2.0408163265306123, 9.30232558139535, 2.1505376344086025, 0.0, 2.083333333333333, 16.666666666666664, 2.083333333333333, 1.7543859649122806, 2.4390243902439024, 2.631578947368421, 1.9607843137254901]
RMSE: 6.37543362024528 [4, 4, 0, 4, 16, 100, 0, 36, 16, 9, 1, 9, 1, 25, 36, 1, 121, 9, 16, 16, 196, 4, 49, 4, 121, 1, 9, 4, 4, 196, 1089, 1, 81, 4, 196, 64, 25, 0, 4, 1, 1, 25, 36, 4, 16, 1, 0, 49, 16, 16, 0, 0, 0, 1, 9, 9, 4, 0, 49, 9, 961, 4, 25, 49, 0, 4, 9, 1, 25, 36, 36, 25, 4, 1, 64, 4, 0, 1, 1, 64, 9, 1, 0, 25, 4, 4, 16, 0, 324, 64, 1, 1, 9, 4, 16, 100, 1, 49, 25, 1, 1, 1, 0, 0, 4, 4, 0, 36, 256, 25, 4, 81, 1, 1, 64, 9, 9, 4, 0, 1, 16, 4, 0, 1, 64, 1, 1, 1, 4, 1]

pred: 10977 [48, 242, 93, 134, 77, 28, 46, 108, 50, 87, 133, 32, 31, 59, 62, 25, 279, 82, 169, 54, 82, 83, 119, 51, 84, 25, 120, 45, 170, 188, 81, 95, 84, 63, 248, 72, 73, 30, 60, 46, 41, 122, 87, 47, 28, 68, 46, 65, 87, 126, 44, 102, 71, 22, 52, 22, 100, 76, 48, 100, 311, 48, 153, 102, 124, 29, 72, 213, 115, 42, 197, 105, 75, 29, 31, 24, 39, 166, 57, 39, 38, 31, 121, 126, 265, 72, 142, 96, 0, 57, 44, 45, 75, 82, 111, 71, 17, 92, 73, 114, 55, 99, 29, 168, 165, 38, 26, 41, 102, 96, 63, 214, 75, 124, 177, 51, 122, 55, 37, 50, 47, 95, 35, 49, 40, 47, 56, 40, 74, 52]
real: 11073 [46, 240, 93, 136, 73, 38, 46, 102, 54, 84, 134, 29, 30, 54, 56, 26, 268, 79, 173, 58, 96, 81, 126, 49, 95, 26, 123, 43, 168, 202, 114, 96, 93, 61, 234, 64, 68, 30, 58, 47, 40, 127, 81, 49, 32, 69, 46, 58, 83, 122, 44, 102, 71, 23, 49, 19, 98, 76, 55, 97, 280, 50, 148, 95, 124, 31, 75, 212, 120, 48, 203, 110, 77, 30, 39, 26, 39, 167, 58, 47, 41, 32, 121, 131, 263, 74, 138, 96, 18, 65, 43, 46, 72, 84, 107, 61, 16, 99, 78, 113, 56, 100, 29, 168, 167, 36, 26, 47, 118, 91, 65, 223, 76, 125, 185, 48, 119, 57, 37, 49, 43, 93, 35, 48, 48, 48, 57, 41, 76, 51]

grid_scale: 0.35
resize_scale: 0.5
confiance: 0.5

random_seed: 1011
data_augmentation: True
samples: 130
