MAE: 7.053846153846154 [0, 12, 30, 2, 1, 7, 4, 2, 9, 1, 2, 6, 14, 1, 5, 3, 25, 7, 19, 6, 4, 9, 14, 4, 12, 8, 14, 0, 9, 18, 6, 6, 9, 9, 5, 5, 18, 12, 2, 7, 5, 16, 8, 1, 0, 17, 8, 2, 5, 14, 5, 3, 0, 0, 3, 0, 4, 9, 7, 2, 24, 22, 10, 4, 5, 5, 8, 20, 16, 1, 4, 4, 11, 1, 1, 2, 7, 17, 9, 1, 2, 1, 18, 11, 14, 4, 12, 17, 18, 7, 3, 3, 5, 2, 3, 2, 1, 11, 2, 14, 0, 4, 1, 9, 7, 6, 2, 10, 17, 3, 2, 5, 3, 10, 8, 2, 5, 4, 3, 1, 4, 18, 4, 1, 6, 3, 5, 0, 7, 9]
MAPE: 9.738780928321642 [0.0, 5.0, 32.25806451612903, 1.4705882352941175, 1.36986301369863, 18.421052631578945, 8.695652173913043, 1.9607843137254901, 16.666666666666664, 1.1904761904761905, 1.4925373134328357, 20.689655172413794, 46.666666666666664, 1.8518518518518516, 8.928571428571429, 11.538461538461538, 9.328358208955224, 8.860759493670885, 10.982658959537572, 10.344827586206897, 4.166666666666666, 11.11111111111111, 11.11111111111111, 8.16326530612245, 12.631578947368421, 30.76923076923077, 11.38211382113821, 0.0, 5.357142857142857, 8.91089108910891, 5.263157894736842, 6.25, 9.67741935483871, 14.754098360655737, 2.1367521367521367, 7.8125, 26.47058823529412, 40.0, 3.4482758620689653, 14.893617021276595, 12.5, 12.598425196850393, 9.876543209876543, 2.0408163265306123, 0.0, 24.637681159420293, 17.391304347826086, 3.4482758620689653, 6.024096385542169, 11.475409836065573, 11.363636363636363, 2.941176470588235, 0.0, 0.0, 6.122448979591836, 0.0, 4.081632653061225, 11.842105263157894, 12.727272727272727, 2.0618556701030926, 8.571428571428571, 44.0, 6.756756756756757, 4.2105263157894735, 4.032258064516129, 16.129032258064516, 10.666666666666668, 9.433962264150944, 13.333333333333334, 2.083333333333333, 1.9704433497536946, 3.6363636363636362, 14.285714285714285, 3.3333333333333335, 2.564102564102564, 7.6923076923076925, 17.94871794871795, 10.179640718562874, 15.517241379310345, 2.127659574468085, 4.878048780487805, 3.125, 14.87603305785124, 8.396946564885496, 5.323193916349809, 5.405405405405405, 8.695652173913043, 17.708333333333336, 100.0, 10.76923076923077, 6.976744186046512, 6.521739130434782, 6.944444444444445, 2.380952380952381, 2.803738317757009, 3.278688524590164, 6.25, 11.11111111111111, 2.564102564102564, 12.389380530973451, 0.0, 4.0, 3.4482758620689653, 5.357142857142857, 4.191616766467066, 16.666666666666664, 7.6923076923076925, 21.27659574468085, 14.40677966101695, 3.296703296703297, 3.076923076923077, 2.242152466367713, 3.9473684210526314, 8.0, 4.324324324324325, 4.166666666666666, 4.201680672268908, 7.017543859649122, 8.108108108108109, 2.0408163265306123, 9.30232558139535, 19.35483870967742, 11.428571428571429, 2.083333333333333, 12.5, 6.25, 8.771929824561402, 0.0, 9.210526315789473, 17.647058823529413]
RMSE: 9.346739456170717 [0, 144, 900, 4, 1, 49, 16, 4, 81, 1, 4, 36, 196, 1, 25, 9, 625, 49, 361, 36, 16, 81, 196, 16, 144, 64, 196, 0, 81, 324, 36, 36, 81, 81, 25, 25, 324, 144, 4, 49, 25, 256, 64, 1, 0, 289, 64, 4, 25, 196, 25, 9, 0, 0, 9, 0, 16, 81, 49, 4, 576, 484, 100, 16, 25, 25, 64, 400, 256, 1, 16, 16, 121, 1, 1, 4, 49, 289, 81, 1, 4, 1, 324, 121, 196, 16, 144, 289, 324, 49, 9, 9, 25, 4, 9, 4, 1, 121, 4, 196, 0, 16, 1, 81, 49, 36, 4, 100, 289, 9, 4, 25, 9, 100, 64, 4, 25, 16, 9, 1, 16, 324, 16, 1, 36, 9, 25, 0, 49, 81]

pred: 10518 [46, 252, 63, 134, 72, 31, 42, 100, 45, 85, 132, 23, 16, 55, 51, 29, 243, 86, 154, 52, 92, 72, 112, 45, 83, 18, 109, 43, 159, 184, 108, 102, 84, 52, 229, 69, 86, 18, 60, 40, 45, 111, 89, 48, 32, 52, 38, 56, 78, 108, 49, 99, 71, 23, 46, 19, 102, 67, 62, 99, 304, 28, 138, 99, 129, 36, 67, 232, 104, 47, 199, 106, 66, 31, 38, 28, 46, 150, 49, 46, 39, 31, 103, 120, 249, 78, 126, 79, 0, 58, 40, 43, 67, 82, 104, 59, 17, 88, 76, 99, 56, 96, 30, 159, 160, 30, 24, 37, 101, 88, 63, 228, 79, 115, 177, 50, 114, 53, 34, 48, 47, 75, 31, 47, 42, 45, 52, 41, 83, 42]
real: 11073 [46, 240, 93, 136, 73, 38, 46, 102, 54, 84, 134, 29, 30, 54, 56, 26, 268, 79, 173, 58, 96, 81, 126, 49, 95, 26, 123, 43, 168, 202, 114, 96, 93, 61, 234, 64, 68, 30, 58, 47, 40, 127, 81, 49, 32, 69, 46, 58, 83, 122, 44, 102, 71, 23, 49, 19, 98, 76, 55, 97, 280, 50, 148, 95, 124, 31, 75, 212, 120, 48, 203, 110, 77, 30, 39, 26, 39, 167, 58, 47, 41, 32, 121, 131, 263, 74, 138, 96, 18, 65, 43, 46, 72, 84, 107, 61, 16, 99, 78, 113, 56, 100, 29, 168, 167, 36, 26, 47, 118, 91, 65, 223, 76, 125, 185, 48, 119, 57, 37, 49, 43, 93, 35, 48, 48, 48, 57, 41, 76, 51]

grid_scale: 0.3
resize_scale: 0.5
confiance: 0.3

random_seed: 1011
data_augmentation: True
samples: 130
