MAE: 7.469230769230769 [3, 8, 13, 5, 0, 7, 0, 6, 1, 1, 6, 2, 0, 1, 7, 1, 13, 1, 0, 2, 11, 2, 13, 44, 8, 1, 15, 5, 11, 29, 13, 8, 10, 1, 13, 8, 4, 0, 0, 6, 11, 13, 12, 1, 5, 1, 1, 6, 1, 6, 2, 15, 3, 1, 1, 3, 2, 1, 9, 5, 21, 0, 12, 13, 2, 0, 6, 36, 14, 4, 3, 7, 1, 2, 6, 7, 7, 12, 4, 4, 86, 5, 13, 11, 14, 4, 1, 13, 17, 7, 6, 5, 0, 1, 3, 9, 5, 18, 5, 7, 9, 3, 10, 11, 1, 3, 3, 8, 20, 7, 6, 22, 1, 0, 24, 2, 12, 10, 2, 5, 8, 7, 1, 7, 6, 1, 10, 0, 2, 1]
MAPE: 11.022267700108216 [6.521739130434782, 3.3333333333333335, 13.978494623655912, 3.6764705882352944, 0.0, 18.421052631578945, 0.0, 5.88235294117647, 1.8518518518518516, 1.1904761904761905, 4.477611940298507, 6.896551724137931, 0.0, 1.8518518518518516, 12.5, 3.8461538461538463, 4.850746268656716, 1.2658227848101267, 0.0, 3.4482758620689653, 11.458333333333332, 2.4691358024691357, 10.317460317460316, 89.79591836734694, 8.421052631578947, 3.8461538461538463, 12.195121951219512, 11.627906976744185, 6.547619047619048, 14.356435643564355, 11.403508771929824, 8.333333333333332, 10.75268817204301, 1.639344262295082, 5.555555555555555, 12.5, 5.88235294117647, 0.0, 0.0, 12.76595744680851, 27.500000000000004, 10.236220472440944, 14.814814814814813, 2.0408163265306123, 15.625, 1.4492753623188406, 2.1739130434782608, 10.344827586206897, 1.2048192771084338, 4.918032786885246, 4.545454545454546, 14.705882352941178, 4.225352112676056, 4.3478260869565215, 2.0408163265306123, 15.789473684210526, 2.0408163265306123, 1.3157894736842104, 16.363636363636363, 5.154639175257731, 7.5, 0.0, 8.108108108108109, 13.684210526315791, 1.6129032258064515, 0.0, 8.0, 16.9811320754717, 11.666666666666666, 8.333333333333332, 1.477832512315271, 6.363636363636363, 1.2987012987012987, 6.666666666666667, 15.384615384615385, 26.923076923076923, 17.94871794871795, 7.18562874251497, 6.896551724137931, 8.51063829787234, 209.7560975609756, 15.625, 10.743801652892563, 8.396946564885496, 5.323193916349809, 5.405405405405405, 0.7246376811594203, 13.541666666666666, 94.44444444444444, 10.76923076923077, 13.953488372093023, 10.869565217391305, 0.0, 1.1904761904761905, 2.803738317757009, 14.754098360655737, 31.25, 18.181818181818183, 6.41025641025641, 6.1946902654867255, 16.071428571428573, 3.0, 34.48275862068966, 6.547619047619048, 0.5988023952095809, 8.333333333333332, 11.538461538461538, 17.02127659574468, 16.94915254237288, 7.6923076923076925, 9.230769230769232, 9.865470852017937, 1.3157894736842104, 0.0, 12.972972972972974, 4.166666666666666, 10.084033613445378, 17.543859649122805, 5.405405405405405, 10.204081632653061, 18.6046511627907, 7.526881720430108, 2.857142857142857, 14.583333333333334, 12.5, 2.083333333333333, 17.543859649122805, 0.0, 2.631578947368421, 1.9607843137254901]
RMSE: 12.354693907113262 [9, 64, 169, 25, 0, 49, 0, 36, 1, 1, 36, 4, 0, 1, 49, 1, 169, 1, 0, 4, 121, 4, 169, 1936, 64, 1, 225, 25, 121, 841, 169, 64, 100, 1, 169, 64, 16, 0, 0, 36, 121, 169, 144, 1, 25, 1, 1, 36, 1, 36, 4, 225, 9, 1, 1, 9, 4, 1, 81, 25, 441, 0, 144, 169, 4, 0, 36, 1296, 196, 16, 9, 49, 1, 4, 36, 49, 49, 144, 16, 16, 7396, 25, 169, 121, 196, 16, 1, 169, 289, 49, 36, 25, 0, 1, 9, 81, 25, 324, 25, 49, 81, 9, 100, 121, 1, 9, 9, 64, 400, 49, 36, 484, 1, 0, 576, 4, 144, 100, 4, 25, 64, 49, 1, 49, 36, 1, 100, 0, 4, 1]

pred: 10970 [43, 232, 80, 131, 73, 45, 46, 108, 55, 85, 140, 27, 30, 55, 63, 25, 255, 78, 173, 56, 85, 83, 139, 93, 87, 25, 108, 38, 157, 173, 101, 88, 83, 62, 247, 72, 72, 30, 58, 53, 51, 114, 93, 50, 27, 68, 45, 64, 84, 116, 42, 87, 68, 24, 48, 22, 100, 75, 64, 92, 301, 50, 136, 108, 122, 31, 81, 248, 106, 52, 206, 103, 76, 32, 33, 19, 46, 155, 62, 43, 127, 27, 108, 142, 249, 70, 137, 83, 1, 58, 37, 51, 72, 85, 110, 70, 21, 81, 73, 106, 47, 97, 39, 157, 166, 39, 23, 39, 98, 84, 59, 201, 75, 125, 161, 50, 107, 67, 39, 54, 51, 86, 36, 55, 42, 49, 47, 41, 78, 52]
real: 11073 [46, 240, 93, 136, 73, 38, 46, 102, 54, 84, 134, 29, 30, 54, 56, 26, 268, 79, 173, 58, 96, 81, 126, 49, 95, 26, 123, 43, 168, 202, 114, 96, 93, 61, 234, 64, 68, 30, 58, 47, 40, 127, 81, 49, 32, 69, 46, 58, 83, 122, 44, 102, 71, 23, 49, 19, 98, 76, 55, 97, 280, 50, 148, 95, 124, 31, 75, 212, 120, 48, 203, 110, 77, 30, 39, 26, 39, 167, 58, 47, 41, 32, 121, 131, 263, 74, 138, 96, 18, 65, 43, 46, 72, 84, 107, 61, 16, 99, 78, 113, 56, 100, 29, 168, 167, 36, 26, 47, 118, 91, 65, 223, 76, 125, 185, 48, 119, 57, 37, 49, 43, 93, 35, 48, 48, 48, 57, 41, 76, 51]

grid_scale: 0.3
resize_scale: 0.5
confiance: 0.75

random_seed: 1011
data_augmentation: True
samples: 130
