MAE: 3.4153846153846152 [0, 14, 2, 6, 1, 2, 2, 6, 0, 2, 6, 5, 7, 3, 1, 0, 11, 4, 2, 10, 2, 1, 3, 7, 0, 2, 5, 0, 0, 0, 0, 1, 1, 1, 5, 4, 4, 2, 7, 2, 3, 1, 1, 4, 11, 4, 15, 1, 4, 2, 1, 3, 0, 7, 2, 2, 1, 6, 1, 6, 6, 1, 0, 2, 4, 6, 4, 2, 4, 5, 3, 4, 5, 3, 14, 5, 0, 1, 2, 0, 6, 2, 1, 2, 0, 4, 0, 3, 1, 4, 1, 5, 1, 2, 1, 3, 4, 7, 5, 4, 3, 0, 2, 3, 11, 2, 5, 1, 2, 2, 11, 2, 10, 0, 3, 4, 5, 1, 2, 12, 5, 0, 3, 2, 6, 5, 0, 4, 4, 1]
MAPE: 5.521312074916136 [0.0, 6.9306930693069315, 4.651162790697675, 5.88235294117647, 1.2987012987012987, 2.666666666666667, 4.651162790697675, 2.142857142857143, 0.0, 12.5, 12.5, 4.0, 5.343511450381679, 6.521739130434782, 1.3157894736842104, 0.0, 4.583333333333333, 7.017543859649122, 6.666666666666667, 4.926108374384237, 2.0408163265306123, 0.3731343283582089, 3.0, 6.140350877192982, 0.0, 4.166666666666666, 10.0, 0.0, 0.0, 0.0, 0.0, 1.7241379310344827, 1.7241379310344827, 1.639344262295082, 5.208333333333334, 15.384615384615385, 8.333333333333332, 4.651162790697675, 14.583333333333334, 8.695652173913043, 4.10958904109589, 0.8849557522123894, 3.4482758620689653, 2.9850746268656714, 28.205128205128204, 4.166666666666666, 83.33333333333334, 1.7857142857142856, 4.166666666666666, 4.25531914893617, 1.098901098901099, 10.344827586206897, 0.0, 3.30188679245283, 1.5873015873015872, 2.631578947368421, 1.4084507042253522, 18.75, 2.857142857142857, 14.634146341463413, 9.230769230769232, 3.8461538461538463, 0.0, 6.666666666666667, 2.1621621621621623, 4.838709677419355, 8.16326530612245, 2.4691358024691357, 4.819277108433735, 5.376344086021505, 6.25, 2.312138728323699, 6.578947368421052, 3.571428571428571, 36.84210526315789, 26.31578947368421, 0.0, 0.8264462809917356, 4.081632653061225, 0.0, 6.315789473684211, 1.694915254237288, 3.125, 1.4492753623188406, 0.0, 5.555555555555555, 0.0, 6.521739130434782, 0.9803921568627451, 13.333333333333334, 1.0752688172043012, 9.25925925925926, 1.9607843137254901, 3.571428571428571, 2.564102564102564, 3.1578947368421053, 6.153846153846154, 4.191616766467066, 3.3783783783783785, 5.88235294117647, 5.555555555555555, 0.0, 4.878048780487805, 5.172413793103448, 17.1875, 2.1505376344086025, 2.1367521367521367, 3.8461538461538463, 4.545454545454546, 4.3478260869565215, 4.932735426008969, 2.380952380952381, 9.090909090909092, 0.0, 1.7857142857142856, 5.797101449275362, 8.19672131147541, 3.8461538461538463, 1.574803149606299, 4.562737642585551, 4.201680672268908, 0.0, 2.2058823529411766, 2.564102564102564, 3.592814371257485, 9.090909090909092, 0.0, 5.063291139240507, 8.51063829787234, 0.8130081300813009]
RMSE: 4.654195791061917 [0, 196, 4, 36, 1, 4, 4, 36, 0, 4, 36, 25, 49, 9, 1, 0, 121, 16, 4, 100, 4, 1, 9, 49, 0, 4, 25, 0, 0, 0, 0, 1, 1, 1, 25, 16, 16, 4, 49, 4, 9, 1, 1, 16, 121, 16, 225, 1, 16, 4, 1, 9, 0, 49, 4, 4, 1, 36, 1, 36, 36, 1, 0, 4, 16, 36, 16, 4, 16, 25, 9, 16, 25, 9, 196, 25, 0, 1, 4, 0, 36, 4, 1, 4, 0, 16, 0, 9, 1, 16, 1, 25, 1, 4, 1, 9, 16, 49, 25, 16, 9, 0, 4, 9, 121, 4, 25, 1, 4, 4, 121, 4, 100, 0, 9, 16, 25, 1, 4, 144, 25, 0, 9, 4, 36, 25, 0, 16, 16, 1]

pred: 10939 [40, 188, 45, 96, 78, 77, 45, 286, 46, 18, 42, 120, 124, 43, 75, 31, 229, 61, 28, 193, 100, 269, 97, 107, 57, 46, 45, 47, 58, 120, 99, 59, 57, 60, 91, 30, 44, 41, 55, 25, 76, 112, 30, 130, 28, 100, 3, 57, 92, 45, 90, 26, 168, 205, 124, 74, 72, 26, 36, 35, 71, 25, 37, 28, 189, 118, 53, 79, 87, 98, 51, 177, 71, 87, 24, 24, 122, 120, 47, 49, 101, 116, 31, 136, 107, 76, 36, 43, 103, 26, 94, 59, 50, 58, 40, 92, 61, 160, 143, 72, 51, 97, 43, 61, 75, 95, 239, 27, 42, 44, 212, 82, 100, 74, 165, 65, 56, 25, 125, 275, 114, 81, 133, 76, 173, 50, 49, 83, 43, 122]
real: 11073 [40, 202, 43, 102, 77, 75, 43, 280, 46, 16, 48, 125, 131, 46, 76, 31, 240, 57, 30, 203, 98, 268, 100, 114, 57, 48, 50, 47, 58, 120, 99, 58, 58, 61, 96, 26, 48, 43, 48, 23, 73, 113, 29, 134, 39, 96, 18, 56, 96, 47, 91, 29, 168, 212, 126, 76, 71, 32, 35, 41, 65, 26, 37, 30, 185, 124, 49, 81, 83, 93, 48, 173, 76, 84, 38, 19, 122, 121, 49, 49, 95, 118, 32, 138, 107, 72, 36, 46, 102, 30, 93, 54, 51, 56, 39, 95, 65, 167, 148, 68, 54, 97, 41, 58, 64, 93, 234, 26, 44, 46, 223, 84, 110, 74, 168, 69, 61, 26, 127, 263, 119, 81, 136, 78, 167, 55, 49, 79, 47, 123]

grid_scale: 0.2
resize_scale: 0.5
confiance: 0.7

random_seed: 1011
data_augmentation: True
samples: 130
