MAE: 3.9692307692307693 [1, 1, 1, 7, 3, 8, 4, 6, 3, 5, 2, 0, 1, 4, 2, 1, 6, 8, 5, 2, 17, 0, 8, 1, 15, 3, 6, 0, 6, 16, 37, 1, 14, 2, 9, 7, 11, 1, 2, 2, 3, 4, 3, 4, 0, 1, 6, 6, 7, 1, 1, 0, 0, 2, 3, 1, 3, 2, 7, 4, 27, 1, 0, 1, 5, 2, 0, 4, 4, 2, 7, 3, 3, 2, 3, 2, 0, 4, 3, 9, 2, 4, 0, 5, 0, 1, 2, 1, 18, 3, 1, 1, 5, 4, 1, 1, 1, 0, 0, 5, 1, 2, 1, 2, 2, 1, 1, 8, 19, 3, 2, 2, 3, 1, 12, 3, 0, 1, 0, 1, 6, 2, 1, 1, 6, 3, 1, 1, 3, 4]
MAPE: 5.751958672904507 [2.1739130434782608, 0.4166666666666667, 1.0752688172043012, 5.147058823529411, 4.10958904109589, 21.052631578947366, 8.695652173913043, 5.88235294117647, 5.555555555555555, 5.952380952380952, 1.4925373134328357, 0.0, 3.3333333333333335, 7.4074074074074066, 3.571428571428571, 3.8461538461538463, 2.2388059701492535, 10.126582278481013, 2.8901734104046244, 3.4482758620689653, 17.708333333333336, 0.0, 6.349206349206349, 2.0408163265306123, 15.789473684210526, 11.538461538461538, 4.878048780487805, 0.0, 3.571428571428571, 7.920792079207921, 32.45614035087719, 1.0416666666666665, 15.053763440860216, 3.278688524590164, 3.8461538461538463, 10.9375, 16.176470588235293, 3.3333333333333335, 3.4482758620689653, 4.25531914893617, 7.5, 3.149606299212598, 3.7037037037037033, 8.16326530612245, 0.0, 1.4492753623188406, 13.043478260869565, 10.344827586206897, 8.433734939759036, 0.819672131147541, 2.272727272727273, 0.0, 0.0, 8.695652173913043, 6.122448979591836, 5.263157894736842, 3.061224489795918, 2.631578947368421, 12.727272727272727, 4.123711340206185, 9.642857142857144, 2.0, 0.0, 1.0526315789473684, 4.032258064516129, 6.451612903225806, 0.0, 1.8867924528301887, 3.3333333333333335, 4.166666666666666, 3.4482758620689653, 2.727272727272727, 3.896103896103896, 6.666666666666667, 7.6923076923076925, 7.6923076923076925, 0.0, 2.3952095808383236, 5.172413793103448, 19.148936170212767, 4.878048780487805, 12.5, 0.0, 3.816793893129771, 0.0, 1.3513513513513513, 1.4492753623188406, 1.0416666666666665, 100.0, 4.615384615384616, 2.3255813953488373, 2.1739130434782608, 6.944444444444445, 4.761904761904762, 0.9345794392523363, 1.639344262295082, 6.25, 0.0, 0.0, 4.424778761061947, 1.7857142857142856, 2.0, 3.4482758620689653, 1.1904761904761905, 1.1976047904191618, 2.7777777777777777, 3.8461538461538463, 17.02127659574468, 16.101694915254235, 3.296703296703297, 3.076923076923077, 0.8968609865470852, 3.9473684210526314, 0.8, 6.486486486486487, 6.25, 0.0, 1.7543859649122806, 0.0, 2.0408163265306123, 13.953488372093023, 2.1505376344086025, 2.857142857142857, 2.083333333333333, 12.5, 6.25, 1.7543859649122806, 2.4390243902439024, 3.9473684210526314, 7.8431372549019605]
RMSE: 6.5374659875567644 [1, 1, 1, 49, 9, 64, 16, 36, 9, 25, 4, 0, 1, 16, 4, 1, 36, 64, 25, 4, 289, 0, 64, 1, 225, 9, 36, 0, 36, 256, 1369, 1, 196, 4, 81, 49, 121, 1, 4, 4, 9, 16, 9, 16, 0, 1, 36, 36, 49, 1, 1, 0, 0, 4, 9, 1, 9, 4, 49, 16, 729, 1, 0, 1, 25, 4, 0, 16, 16, 4, 49, 9, 9, 4, 9, 4, 0, 16, 9, 81, 4, 16, 0, 25, 0, 1, 4, 1, 324, 9, 1, 1, 25, 16, 1, 1, 1, 0, 0, 25, 1, 4, 1, 4, 4, 1, 1, 64, 361, 9, 4, 4, 9, 1, 144, 9, 0, 1, 0, 1, 36, 4, 1, 1, 36, 9, 1, 1, 9, 16]

pred: 10997 [45, 241, 94, 129, 76, 30, 50, 108, 51, 89, 136, 29, 31, 58, 58, 27, 274, 87, 168, 56, 79, 81, 118, 50, 80, 29, 117, 43, 174, 186, 77, 97, 79, 63, 243, 71, 79, 31, 60, 49, 43, 123, 84, 45, 32, 70, 40, 64, 90, 121, 45, 102, 71, 21, 52, 20, 101, 78, 48, 101, 307, 51, 148, 96, 129, 29, 75, 216, 124, 46, 196, 107, 74, 28, 36, 24, 39, 163, 55, 38, 43, 36, 121, 126, 263, 75, 136, 97, 0, 68, 42, 45, 77, 80, 106, 62, 17, 99, 78, 118, 55, 102, 30, 170, 165, 35, 27, 39, 99, 94, 63, 221, 73, 126, 173, 51, 119, 58, 37, 50, 49, 95, 34, 49, 42, 51, 56, 42, 73, 55]
real: 11073 [46, 240, 93, 136, 73, 38, 46, 102, 54, 84, 134, 29, 30, 54, 56, 26, 268, 79, 173, 58, 96, 81, 126, 49, 95, 26, 123, 43, 168, 202, 114, 96, 93, 61, 234, 64, 68, 30, 58, 47, 40, 127, 81, 49, 32, 69, 46, 58, 83, 122, 44, 102, 71, 23, 49, 19, 98, 76, 55, 97, 280, 50, 148, 95, 124, 31, 75, 212, 120, 48, 203, 110, 77, 30, 39, 26, 39, 167, 58, 47, 41, 32, 121, 131, 263, 74, 138, 96, 18, 65, 43, 46, 72, 84, 107, 61, 16, 99, 78, 113, 56, 100, 29, 168, 167, 36, 26, 47, 118, 91, 65, 223, 76, 125, 185, 48, 119, 57, 37, 49, 43, 93, 35, 48, 48, 48, 57, 41, 76, 51]

grid_scale: 0.4
resize_scale: 0.5
confiance: 0.4

random_seed: 1011
data_augmentation: True
samples: 130
