MAE: 17.807692307692307 [18, 32, 41, 24, 5, 12, 6, 8, 17, 9, 23, 2, 7, 4, 6, 3, 81, 23, 45, 14, 17, 20, 28, 8, 24, 4, 47, 12, 51, 52, 22, 18, 17, 20, 66, 2, 2, 11, 12, 6, 4, 35, 4, 4, 5, 3, 9, 8, 18, 25, 7, 34, 13, 5, 8, 6, 8, 2, 7, 2, 26, 14, 51, 17, 21, 0, 12, 45, 32, 6, 54, 23, 9, 1, 0, 1, 2, 40, 11, 18, 11, 3, 25, 40, 88, 19, 34, 44, 18, 17, 6, 3, 7, 13, 9, 10, 4, 24, 14, 41, 7, 19, 2, 17, 23, 6, 6, 18, 50, 23, 10, 56, 14, 42, 61, 5, 18, 2, 5, 0, 5, 21, 4, 2, 27, 6, 7, 4, 3, 13]
MAPE: 19.59528327192096 [39.130434782608695, 13.333333333333334, 44.086021505376344, 17.647058823529413, 6.8493150684931505, 31.57894736842105, 13.043478260869565, 7.8431372549019605, 31.48148148148148, 10.714285714285714, 17.16417910447761, 6.896551724137931, 23.333333333333332, 7.4074074074074066, 10.714285714285714, 11.538461538461538, 30.223880597014922, 29.11392405063291, 26.011560693641616, 24.137931034482758, 17.708333333333336, 24.691358024691358, 22.22222222222222, 16.3265306122449, 25.263157894736842, 15.384615384615385, 38.21138211382114, 27.906976744186046, 30.357142857142854, 25.742574257425744, 19.298245614035086, 18.75, 18.27956989247312, 32.78688524590164, 28.205128205128204, 3.125, 2.941176470588235, 36.666666666666664, 20.689655172413794, 12.76595744680851, 10.0, 27.559055118110237, 4.938271604938271, 8.16326530612245, 15.625, 4.3478260869565215, 19.565217391304348, 13.793103448275861, 21.686746987951807, 20.491803278688526, 15.909090909090908, 33.33333333333333, 18.30985915492958, 21.73913043478261, 16.3265306122449, 31.57894736842105, 8.16326530612245, 2.631578947368421, 12.727272727272727, 2.0618556701030926, 9.285714285714286, 28.000000000000004, 34.45945945945946, 17.894736842105264, 16.93548387096774, 0.0, 16.0, 21.22641509433962, 26.666666666666668, 12.5, 26.60098522167488, 20.909090909090907, 11.688311688311687, 3.3333333333333335, 0.0, 3.8461538461538463, 5.128205128205128, 23.952095808383234, 18.96551724137931, 38.297872340425535, 26.82926829268293, 9.375, 20.66115702479339, 30.53435114503817, 33.460076045627375, 25.675675675675674, 24.637681159420293, 45.83333333333333, 100.0, 26.153846153846157, 13.953488372093023, 6.521739130434782, 9.722222222222223, 15.476190476190476, 8.411214953271028, 16.39344262295082, 25.0, 24.242424242424242, 17.94871794871795, 36.283185840707965, 12.5, 19.0, 6.896551724137931, 10.119047619047619, 13.77245508982036, 16.666666666666664, 23.076923076923077, 38.297872340425535, 42.3728813559322, 25.274725274725274, 15.384615384615385, 25.112107623318387, 18.421052631578945, 33.6, 32.972972972972975, 10.416666666666668, 15.126050420168067, 3.508771929824561, 13.513513513513514, 0.0, 11.627906976744185, 22.58064516129032, 11.428571428571429, 4.166666666666666, 56.25, 12.5, 12.280701754385964, 9.75609756097561, 3.9473684210526314, 25.49019607843137]
RMSE: 24.760545538913625 [324, 1024, 1681, 576, 25, 144, 36, 64, 289, 81, 529, 4, 49, 16, 36, 9, 6561, 529, 2025, 196, 289, 400, 784, 64, 576, 16, 2209, 144, 2601, 2704, 484, 324, 289, 400, 4356, 4, 4, 121, 144, 36, 16, 1225, 16, 16, 25, 9, 81, 64, 324, 625, 49, 1156, 169, 25, 64, 36, 64, 4, 49, 4, 676, 196, 2601, 289, 441, 0, 144, 2025, 1024, 36, 2916, 529, 81, 1, 0, 1, 4, 1600, 121, 324, 121, 9, 625, 1600, 7744, 361, 1156, 1936, 324, 289, 36, 9, 49, 169, 81, 100, 16, 576, 196, 1681, 49, 361, 4, 289, 529, 36, 36, 324, 2500, 529, 100, 3136, 196, 1764, 3721, 25, 324, 4, 25, 0, 25, 441, 16, 4, 729, 36, 49, 16, 9, 169]

pred: 8800 [28, 208, 52, 112, 68, 26, 40, 94, 37, 75, 111, 27, 23, 50, 50, 29, 187, 56, 128, 44, 79, 61, 98, 41, 71, 22, 76, 31, 117, 150, 92, 78, 76, 41, 168, 66, 70, 19, 46, 41, 44, 92, 77, 45, 27, 66, 37, 50, 65, 97, 37, 68, 58, 18, 41, 25, 90, 74, 48, 99, 254, 36, 97, 78, 103, 31, 63, 167, 88, 42, 149, 87, 68, 31, 39, 27, 37, 127, 47, 29, 30, 29, 96, 91, 175, 55, 104, 52, 0, 48, 37, 43, 65, 71, 98, 51, 12, 75, 64, 72, 49, 81, 27, 151, 144, 30, 20, 29, 68, 68, 55, 167, 62, 83, 124, 43, 101, 55, 32, 49, 38, 72, 31, 46, 21, 42, 50, 37, 73, 38]
real: 11073 [46, 240, 93, 136, 73, 38, 46, 102, 54, 84, 134, 29, 30, 54, 56, 26, 268, 79, 173, 58, 96, 81, 126, 49, 95, 26, 123, 43, 168, 202, 114, 96, 93, 61, 234, 64, 68, 30, 58, 47, 40, 127, 81, 49, 32, 69, 46, 58, 83, 122, 44, 102, 71, 23, 49, 19, 98, 76, 55, 97, 280, 50, 148, 95, 124, 31, 75, 212, 120, 48, 203, 110, 77, 30, 39, 26, 39, 167, 58, 47, 41, 32, 121, 131, 263, 74, 138, 96, 18, 65, 43, 46, 72, 84, 107, 61, 16, 99, 78, 113, 56, 100, 29, 168, 167, 36, 26, 47, 118, 91, 65, 223, 76, 125, 185, 48, 119, 57, 37, 49, 43, 93, 35, 48, 48, 48, 57, 41, 76, 51]

grid_scale: 0.4
resize_scale: 0.5
confiance: 0.35

random_seed: 1011
data_augmentation: True
samples: 130
