MAE: 30.515384615384615 [23, 90, 85, 40, 19, 17, 28, 23, 10, 17, 42, 27, 27, 14, 20, 4, 56, 48, 53, 16, 17, 33, 25, 28, 20, 16, 59, 25, 45, 49, 30, 23, 18, 26, 32, 24, 37, 24, 25, 29, 11, 78, 60, 13, 10, 56, 37, 25, 24, 84, 14, 82, 26, 3, 37, 4, 20, 33, 15, 24, 64, 46, 43, 16, 32, 9, 35, 45, 68, 13, 46, 33, 37, 27, 36, 17, 4, 53, 30, 12, 4, 12, 64, 33, 47, 13, 42, 51, 18, 58, 18, 29, 24, 25, 21, 23, 1, 26, 40, 48, 5, 42, 14, 44, 34, 13, 15, 11, 54, 46, 14, 38, 23, 72, 56, 8, 32, 12, 24, 8, 13, 62, 26, 7, 28, 39, 19, 8, 21, 16]
MAPE: 40.20756569476504 [50.0, 37.5, 91.39784946236558, 29.411764705882355, 26.027397260273972, 44.73684210526316, 60.86956521739131, 22.54901960784314, 18.51851851851852, 20.238095238095237, 31.343283582089555, 93.10344827586206, 90.0, 25.925925925925924, 35.714285714285715, 15.384615384615385, 20.8955223880597, 60.75949367088608, 30.63583815028902, 27.586206896551722, 17.708333333333336, 40.74074074074074, 19.841269841269842, 57.14285714285714, 21.052631578947366, 61.53846153846154, 47.96747967479675, 58.139534883720934, 26.785714285714285, 24.257425742574256, 26.31578947368421, 23.958333333333336, 19.35483870967742, 42.62295081967213, 13.675213675213676, 37.5, 54.41176470588235, 80.0, 43.103448275862064, 61.702127659574465, 27.500000000000004, 61.417322834645674, 74.07407407407408, 26.53061224489796, 31.25, 81.15942028985508, 80.43478260869566, 43.103448275862064, 28.915662650602407, 68.85245901639344, 31.818181818181817, 80.3921568627451, 36.61971830985916, 13.043478260869565, 75.51020408163265, 21.052631578947366, 20.408163265306122, 43.42105263157895, 27.27272727272727, 24.742268041237114, 22.857142857142858, 92.0, 29.054054054054053, 16.842105263157894, 25.806451612903224, 29.03225806451613, 46.666666666666664, 21.22641509433962, 56.666666666666664, 27.083333333333332, 22.660098522167488, 30.0, 48.05194805194805, 90.0, 92.3076923076923, 65.38461538461539, 10.256410256410255, 31.736526946107784, 51.724137931034484, 25.53191489361702, 9.75609756097561, 37.5, 52.892561983471076, 25.190839694656486, 17.870722433460077, 17.56756756756757, 30.434782608695656, 53.125, 100.0, 89.23076923076924, 41.86046511627907, 63.04347826086957, 33.33333333333333, 29.761904761904763, 19.626168224299064, 37.704918032786885, 6.25, 26.262626262626267, 51.28205128205128, 42.47787610619469, 8.928571428571429, 42.0, 48.275862068965516, 26.190476190476193, 20.35928143712575, 36.11111111111111, 57.692307692307686, 23.404255319148938, 45.76271186440678, 50.54945054945055, 21.53846153846154, 17.040358744394617, 30.263157894736842, 57.599999999999994, 30.270270270270274, 16.666666666666664, 26.89075630252101, 21.052631578947366, 64.86486486486487, 16.3265306122449, 30.23255813953488, 66.66666666666666, 74.28571428571429, 14.583333333333334, 58.333333333333336, 81.25, 33.33333333333333, 19.51219512195122, 27.631578947368425, 31.372549019607842]
RMSE: 36.02787382441118 [529, 8100, 7225, 1600, 361, 289, 784, 529, 100, 289, 1764, 729, 729, 196, 400, 16, 3136, 2304, 2809, 256, 289, 1089, 625, 784, 400, 256, 3481, 625, 2025, 2401, 900, 529, 324, 676, 1024, 576, 1369, 576, 625, 841, 121, 6084, 3600, 169, 100, 3136, 1369, 625, 576, 7056, 196, 6724, 676, 9, 1369, 16, 400, 1089, 225, 576, 4096, 2116, 1849, 256, 1024, 81, 1225, 2025, 4624, 169, 2116, 1089, 1369, 729, 1296, 289, 16, 2809, 900, 144, 16, 144, 4096, 1089, 2209, 169, 1764, 2601, 324, 3364, 324, 841, 576, 625, 441, 529, 1, 676, 1600, 2304, 25, 1764, 196, 1936, 1156, 169, 225, 121, 2916, 2116, 196, 1444, 529, 5184, 3136, 64, 1024, 144, 576, 64, 169, 3844, 676, 49, 784, 1521, 361, 64, 441, 256]

pred: 7106 [23, 150, 8, 96, 54, 21, 18, 79, 44, 67, 92, 2, 3, 40, 36, 22, 212, 31, 120, 42, 79, 48, 101, 21, 75, 10, 64, 18, 123, 153, 84, 73, 75, 35, 202, 40, 31, 6, 33, 18, 29, 49, 21, 36, 22, 13, 9, 33, 59, 38, 30, 20, 45, 20, 12, 15, 78, 43, 40, 73, 216, 4, 105, 79, 92, 22, 40, 167, 52, 35, 157, 77, 40, 3, 3, 9, 35, 114, 28, 35, 37, 20, 57, 98, 216, 61, 96, 45, 0, 7, 25, 17, 48, 59, 86, 38, 15, 73, 38, 65, 51, 58, 15, 124, 133, 23, 11, 36, 64, 45, 51, 185, 53, 53, 129, 40, 87, 45, 13, 41, 30, 31, 9, 41, 20, 9, 38, 33, 55, 35]
real: 11073 [46, 240, 93, 136, 73, 38, 46, 102, 54, 84, 134, 29, 30, 54, 56, 26, 268, 79, 173, 58, 96, 81, 126, 49, 95, 26, 123, 43, 168, 202, 114, 96, 93, 61, 234, 64, 68, 30, 58, 47, 40, 127, 81, 49, 32, 69, 46, 58, 83, 122, 44, 102, 71, 23, 49, 19, 98, 76, 55, 97, 280, 50, 148, 95, 124, 31, 75, 212, 120, 48, 203, 110, 77, 30, 39, 26, 39, 167, 58, 47, 41, 32, 121, 131, 263, 74, 138, 96, 18, 65, 43, 46, 72, 84, 107, 61, 16, 99, 78, 113, 56, 100, 29, 168, 167, 36, 26, 47, 118, 91, 65, 223, 76, 125, 185, 48, 119, 57, 37, 49, 43, 93, 35, 48, 48, 48, 57, 41, 76, 51]

grid_scale: 0.2
resize_scale: 0.5
confiance: 0.5

random_seed: 1011
data_augmentation: True
samples: 130
