MAE: 31.015384615384615 [26, 69, 4, 84, 44, 7, 17, 43, 18, 25, 78, 15, 3, 20, 35, 19, 7, 54, 14, 16, 38, 29, 43, 15, 34, 9, 55, 25, 25, 42, 45, 17, 40, 19, 33, 31, 42, 8, 21, 1, 44, 45, 89, 63, 22, 21, 15, 47, 40, 75, 56, 35, 21, 6, 6, 26, 41, 52, 33, 77, 37, 28, 16, 61, 59, 23, 25, 69, 42, 55, 51, 32, 39, 21, 15, 29, 14, 7, 31, 6, 65, 11, 15, 42, 23, 39, 17, 26, 18, 24, 10, 24, 14, 38, 48, 14, 5, 36, 46, 39, 17, 83, 26, 52, 74, 11, 13, 4, 40, 28, 15, 1, 45, 58, 46, 21, 74, 26, 6, 18, 16, 23, 17, 8, 3, 25, 16, 21, 29, 18]
MAPE: 43.45432949652428 [56.52173913043478, 28.749999999999996, 4.301075268817205, 61.76470588235294, 60.273972602739725, 18.421052631578945, 36.95652173913043, 42.15686274509804, 33.33333333333333, 29.761904761904763, 58.2089552238806, 51.724137931034484, 10.0, 37.03703703703704, 62.5, 73.07692307692307, 2.6119402985074625, 68.35443037974683, 8.092485549132949, 27.586206896551722, 39.58333333333333, 35.80246913580247, 34.12698412698413, 30.612244897959183, 35.78947368421053, 34.61538461538461, 44.71544715447154, 58.139534883720934, 14.880952380952381, 20.792079207920793, 39.473684210526315, 17.708333333333336, 43.01075268817204, 31.147540983606557, 14.102564102564102, 48.4375, 61.76470588235294, 26.666666666666668, 36.206896551724135, 2.127659574468085, 110.00000000000001, 35.43307086614173, 109.87654320987654, 128.57142857142858, 68.75, 30.434782608695656, 32.608695652173914, 81.03448275862068, 48.19277108433735, 61.47540983606557, 127.27272727272727, 34.31372549019608, 29.577464788732392, 26.08695652173913, 12.244897959183673, 136.8421052631579, 41.83673469387755, 68.42105263157895, 60.0, 79.38144329896907, 13.214285714285715, 56.00000000000001, 10.81081081081081, 64.21052631578948, 47.58064516129033, 74.19354838709677, 33.33333333333333, 32.54716981132076, 35.0, 114.58333333333333, 25.12315270935961, 29.09090909090909, 50.649350649350644, 70.0, 38.46153846153847, 111.53846153846155, 35.8974358974359, 4.191616766467066, 53.44827586206896, 12.76595744680851, 158.53658536585365, 34.375, 12.396694214876034, 32.06106870229007, 8.745247148288973, 52.702702702702695, 12.318840579710146, 27.083333333333332, 100.0, 36.92307692307693, 23.25581395348837, 52.17391304347826, 19.444444444444446, 45.23809523809524, 44.85981308411215, 22.950819672131146, 31.25, 36.36363636363637, 58.97435897435898, 34.51327433628318, 30.357142857142854, 83.0, 89.65517241379311, 30.952380952380953, 44.31137724550898, 30.555555555555557, 50.0, 8.51063829787234, 33.89830508474576, 30.76923076923077, 23.076923076923077, 0.4484304932735426, 59.210526315789465, 46.400000000000006, 24.864864864864867, 43.75, 62.18487394957983, 45.614035087719294, 16.216216216216218, 36.734693877551024, 37.2093023255814, 24.731182795698924, 48.57142857142857, 16.666666666666664, 6.25, 52.083333333333336, 28.07017543859649, 51.21951219512195, 38.15789473684211, 35.294117647058826]
RMSE: 37.02348527000749 [676, 4761, 16, 7056, 1936, 49, 289, 1849, 324, 625, 6084, 225, 9, 400, 1225, 361, 49, 2916, 196, 256, 1444, 841, 1849, 225, 1156, 81, 3025, 625, 625, 1764, 2025, 289, 1600, 361, 1089, 961, 1764, 64, 441, 1, 1936, 2025, 7921, 3969, 484, 441, 225, 2209, 1600, 5625, 3136, 1225, 441, 36, 36, 676, 1681, 2704, 1089, 5929, 1369, 784, 256, 3721, 3481, 529, 625, 4761, 1764, 3025, 2601, 1024, 1521, 441, 225, 841, 196, 49, 961, 36, 4225, 121, 225, 1764, 529, 1521, 289, 676, 324, 576, 100, 576, 196, 1444, 2304, 196, 25, 1296, 2116, 1521, 289, 6889, 676, 2704, 5476, 121, 169, 16, 1600, 784, 225, 1, 2025, 3364, 2116, 441, 5476, 676, 36, 324, 256, 529, 289, 64, 9, 625, 256, 441, 841, 324]

pred: 14899 [72, 309, 97, 220, 117, 45, 63, 145, 72, 109, 212, 44, 33, 74, 91, 45, 261, 133, 187, 74, 134, 110, 169, 64, 129, 35, 178, 68, 193, 244, 159, 113, 133, 80, 267, 95, 110, 38, 79, 48, 84, 172, 170, 112, 54, 90, 61, 105, 123, 197, 100, 137, 92, 29, 55, 45, 139, 128, 88, 174, 317, 78, 164, 156, 183, 54, 100, 281, 162, 103, 254, 142, 116, 51, 54, 55, 53, 174, 89, 53, 106, 43, 136, 173, 240, 113, 155, 122, 0, 89, 53, 70, 86, 122, 155, 75, 11, 63, 124, 152, 73, 183, 55, 220, 241, 47, 39, 43, 158, 119, 80, 222, 121, 183, 231, 69, 193, 83, 31, 67, 59, 116, 52, 56, 45, 73, 73, 62, 105, 69]
real: 11073 [46, 240, 93, 136, 73, 38, 46, 102, 54, 84, 134, 29, 30, 54, 56, 26, 268, 79, 173, 58, 96, 81, 126, 49, 95, 26, 123, 43, 168, 202, 114, 96, 93, 61, 234, 64, 68, 30, 58, 47, 40, 127, 81, 49, 32, 69, 46, 58, 83, 122, 44, 102, 71, 23, 49, 19, 98, 76, 55, 97, 280, 50, 148, 95, 124, 31, 75, 212, 120, 48, 203, 110, 77, 30, 39, 26, 39, 167, 58, 47, 41, 32, 121, 131, 263, 74, 138, 96, 18, 65, 43, 46, 72, 84, 107, 61, 16, 99, 78, 113, 56, 100, 29, 168, 167, 36, 26, 47, 118, 91, 65, 223, 76, 125, 185, 48, 119, 57, 37, 49, 43, 93, 35, 48, 48, 48, 57, 41, 76, 51]

grid_scale: 0.5
resize_scale: 0.5
confiance: 0.15

random_seed: 1011
data_augmentation: True
samples: 130
