MAE: 11.538461538461538 [5, 59, 10, 12, 13, 12, 6, 14, 0, 15, 27, 15, 2, 10, 2, 6, 26, 6, 6, 1, 18, 3, 17, 10, 25, 1, 6, 8, 8, 23, 34, 13, 3, 5, 20, 30, 11, 3, 8, 0, 13, 2, 48, 22, 5, 12, 4, 20, 5, 23, 6, 8, 5, 0, 16, 4, 15, 12, 10, 44, 57, 5, 12, 14, 14, 6, 15, 62, 8, 5, 8, 7, 1, 12, 8, 5, 6, 10, 2, 1, 20, 3, 3, 3, 6, 5, 5, 5, 13, 12, 3, 14, 15, 9, 21, 1, 4, 2, 2, 15, 13, 31, 5, 5, 35, 2, 4, 12, 1, 6, 18, 37, 11, 10, 14, 10, 27, 15, 0, 6, 6, 9, 7, 12, 5, 6, 0, 2, 3, 2]
MAPE: 15.159791809141215 [10.869565217391305, 24.583333333333332, 10.75268817204301, 8.823529411764707, 17.80821917808219, 31.57894736842105, 13.043478260869565, 13.725490196078432, 0.0, 17.857142857142858, 20.149253731343283, 51.724137931034484, 6.666666666666667, 18.51851851851852, 3.571428571428571, 23.076923076923077, 9.701492537313433, 7.59493670886076, 3.4682080924855487, 1.7241379310344827, 18.75, 3.7037037037037033, 13.492063492063492, 20.408163265306122, 26.31578947368421, 3.8461538461538463, 4.878048780487805, 18.6046511627907, 4.761904761904762, 11.386138613861387, 29.82456140350877, 13.541666666666666, 3.225806451612903, 8.19672131147541, 8.547008547008547, 46.875, 16.176470588235293, 10.0, 13.793103448275861, 0.0, 32.5, 1.574803149606299, 59.25925925925925, 44.89795918367347, 15.625, 17.391304347826086, 8.695652173913043, 34.48275862068966, 6.024096385542169, 18.852459016393443, 13.636363636363635, 7.8431372549019605, 7.042253521126761, 0.0, 32.6530612244898, 21.052631578947366, 15.306122448979592, 15.789473684210526, 18.181818181818183, 45.36082474226804, 20.357142857142858, 10.0, 8.108108108108109, 14.736842105263156, 11.29032258064516, 19.35483870967742, 20.0, 29.245283018867923, 6.666666666666667, 10.416666666666668, 3.9408866995073892, 6.363636363636363, 1.2987012987012987, 40.0, 20.51282051282051, 19.230769230769234, 15.384615384615385, 5.9880239520958085, 3.4482758620689653, 2.127659574468085, 48.78048780487805, 9.375, 2.479338842975207, 2.2900763358778624, 2.2813688212927756, 6.756756756756757, 3.6231884057971016, 5.208333333333334, 72.22222222222221, 18.461538461538463, 6.976744186046512, 30.434782608695656, 20.833333333333336, 10.714285714285714, 19.626168224299064, 1.639344262295082, 25.0, 2.0202020202020203, 2.564102564102564, 13.274336283185843, 23.214285714285715, 31.0, 17.24137931034483, 2.976190476190476, 20.958083832335326, 5.555555555555555, 15.384615384615385, 25.53191489361702, 0.847457627118644, 6.593406593406594, 27.692307692307693, 16.591928251121075, 14.473684210526317, 8.0, 7.567567567567568, 20.833333333333336, 22.689075630252102, 26.31578947368421, 0.0, 12.244897959183673, 13.953488372093023, 9.67741935483871, 20.0, 25.0, 10.416666666666668, 12.5, 0.0, 4.878048780487805, 3.9473684210526314, 3.9215686274509802]
RMSE: 16.385265425891735 [25, 3481, 100, 144, 169, 144, 36, 196, 0, 225, 729, 225, 4, 100, 4, 36, 676, 36, 36, 1, 324, 9, 289, 100, 625, 1, 36, 64, 64, 529, 1156, 169, 9, 25, 400, 900, 121, 9, 64, 0, 169, 4, 2304, 484, 25, 144, 16, 400, 25, 529, 36, 64, 25, 0, 256, 16, 225, 144, 100, 1936, 3249, 25, 144, 196, 196, 36, 225, 3844, 64, 25, 64, 49, 1, 144, 64, 25, 36, 100, 4, 1, 400, 9, 9, 9, 36, 25, 25, 25, 169, 144, 9, 196, 225, 81, 441, 1, 16, 4, 4, 225, 169, 961, 25, 25, 1225, 4, 16, 144, 1, 36, 324, 1369, 121, 100, 196, 100, 729, 225, 0, 36, 36, 81, 49, 144, 25, 36, 0, 4, 9, 4]

pred: 12351 [51, 299, 103, 148, 86, 26, 52, 116, 54, 99, 161, 44, 28, 64, 54, 32, 294, 85, 167, 57, 114, 84, 143, 59, 120, 25, 129, 35, 176, 225, 148, 109, 90, 56, 254, 94, 79, 27, 66, 47, 53, 125, 129, 71, 37, 81, 50, 78, 88, 145, 50, 110, 76, 23, 65, 23, 113, 88, 65, 141, 337, 45, 160, 109, 138, 37, 90, 274, 128, 53, 211, 117, 76, 42, 47, 31, 45, 177, 60, 48, 61, 35, 118, 134, 269, 79, 143, 101, 5, 53, 46, 60, 87, 93, 128, 62, 20, 101, 76, 128, 69, 131, 34, 173, 202, 34, 22, 35, 117, 85, 83, 260, 87, 135, 199, 58, 146, 72, 37, 55, 49, 102, 42, 60, 43, 54, 57, 43, 79, 53]
real: 11073 [46, 240, 93, 136, 73, 38, 46, 102, 54, 84, 134, 29, 30, 54, 56, 26, 268, 79, 173, 58, 96, 81, 126, 49, 95, 26, 123, 43, 168, 202, 114, 96, 93, 61, 234, 64, 68, 30, 58, 47, 40, 127, 81, 49, 32, 69, 46, 58, 83, 122, 44, 102, 71, 23, 49, 19, 98, 76, 55, 97, 280, 50, 148, 95, 124, 31, 75, 212, 120, 48, 203, 110, 77, 30, 39, 26, 39, 167, 58, 47, 41, 32, 121, 131, 263, 74, 138, 96, 18, 65, 43, 46, 72, 84, 107, 61, 16, 99, 78, 113, 56, 100, 29, 168, 167, 36, 26, 47, 118, 91, 65, 223, 76, 125, 185, 48, 119, 57, 37, 49, 43, 93, 35, 48, 48, 48, 57, 41, 76, 51]

grid_scale: 0.4
resize_scale: 0.5
confiance: 0.2

random_seed: 1011
data_augmentation: True
samples: 130
