MAE: 17.00769230769231 [9, 42, 40, 13, 10, 9, 14, 8, 9, 16, 18, 9, 12, 5, 10, 1, 71, 18, 41, 17, 20, 18, 33, 14, 20, 6, 31, 7, 33, 27, 22, 9, 10, 18, 38, 4, 13, 12, 16, 6, 9, 31, 0, 4, 9, 16, 23, 2, 11, 36, 4, 34, 14, 4, 20, 1, 8, 14, 8, 1, 36, 28, 29, 5, 26, 1, 11, 21, 33, 7, 37, 22, 23, 5, 8, 2, 7, 37, 14, 21, 5, 8, 42, 37, 50, 8, 33, 33, 12, 18, 7, 5, 18, 23, 5, 12, 2, 23, 15, 32, 9, 18, 1, 28, 21, 6, 7, 17, 39, 27, 12, 44, 18, 32, 43, 2, 13, 6, 15, 3, 10, 20, 9, 1, 21, 15, 10, 8, 6, 11]
MAPE: 20.607543146228057 [19.565217391304348, 17.5, 43.01075268817204, 9.558823529411764, 13.698630136986301, 23.684210526315788, 30.434782608695656, 7.8431372549019605, 16.666666666666664, 19.047619047619047, 13.432835820895523, 31.03448275862069, 40.0, 9.25925925925926, 17.857142857142858, 3.8461538461538463, 26.492537313432834, 22.78481012658228, 23.699421965317917, 29.310344827586203, 20.833333333333336, 22.22222222222222, 26.190476190476193, 28.57142857142857, 21.052631578947366, 23.076923076923077, 25.203252032520325, 16.27906976744186, 19.642857142857142, 13.366336633663368, 19.298245614035086, 9.375, 10.75268817204301, 29.508196721311474, 16.23931623931624, 6.25, 19.11764705882353, 40.0, 27.586206896551722, 12.76595744680851, 22.5, 24.409448818897637, 0.0, 8.16326530612245, 28.125, 23.18840579710145, 50.0, 3.4482758620689653, 13.253012048192772, 29.508196721311474, 9.090909090909092, 33.33333333333333, 19.718309859154928, 17.391304347826086, 40.816326530612244, 5.263157894736842, 8.16326530612245, 18.421052631578945, 14.545454545454545, 1.0309278350515463, 12.857142857142856, 56.00000000000001, 19.594594594594593, 5.263157894736842, 20.967741935483872, 3.225806451612903, 14.666666666666666, 9.90566037735849, 27.500000000000004, 14.583333333333334, 18.226600985221676, 20.0, 29.87012987012987, 16.666666666666664, 20.51282051282051, 7.6923076923076925, 17.94871794871795, 22.15568862275449, 24.137931034482758, 44.680851063829785, 12.195121951219512, 25.0, 34.710743801652896, 28.24427480916031, 19.011406844106464, 10.81081081081081, 23.91304347826087, 34.375, 66.66666666666666, 27.692307692307693, 16.27906976744186, 10.869565217391305, 25.0, 27.380952380952383, 4.672897196261682, 19.672131147540984, 12.5, 23.232323232323232, 19.230769230769234, 28.31858407079646, 16.071428571428573, 18.0, 3.4482758620689653, 16.666666666666664, 12.574850299401197, 16.666666666666664, 26.923076923076923, 36.17021276595745, 33.05084745762712, 29.67032967032967, 18.461538461538463, 19.730941704035875, 23.684210526315788, 25.6, 23.243243243243246, 4.166666666666666, 10.92436974789916, 10.526315789473683, 40.54054054054054, 6.122448979591836, 23.25581395348837, 21.50537634408602, 25.71428571428571, 2.083333333333333, 43.75, 31.25, 17.543859649122805, 19.51219512195122, 7.894736842105263, 21.568627450980394]
RMSE: 21.28397736109706 [81, 1764, 1600, 169, 100, 81, 196, 64, 81, 256, 324, 81, 144, 25, 100, 1, 5041, 324, 1681, 289, 400, 324, 1089, 196, 400, 36, 961, 49, 1089, 729, 484, 81, 100, 324, 1444, 16, 169, 144, 256, 36, 81, 961, 0, 16, 81, 256, 529, 4, 121, 1296, 16, 1156, 196, 16, 400, 1, 64, 196, 64, 1, 1296, 784, 841, 25, 676, 1, 121, 441, 1089, 49, 1369, 484, 529, 25, 64, 4, 49, 1369, 196, 441, 25, 64, 1764, 1369, 2500, 64, 1089, 1089, 144, 324, 49, 25, 324, 529, 25, 144, 4, 529, 225, 1024, 81, 324, 1, 784, 441, 36, 49, 289, 1521, 729, 144, 1936, 324, 1024, 1849, 4, 169, 36, 225, 9, 100, 400, 81, 1, 441, 225, 100, 64, 36, 121]

pred: 8870 [37, 198, 53, 123, 63, 29, 32, 94, 45, 68, 116, 20, 18, 49, 46, 27, 197, 61, 132, 41, 76, 63, 93, 35, 75, 20, 92, 36, 135, 175, 92, 87, 83, 43, 196, 60, 55, 18, 42, 41, 31, 96, 81, 45, 23, 53, 23, 60, 72, 86, 40, 68, 57, 19, 29, 18, 90, 62, 47, 96, 244, 22, 119, 90, 98, 30, 64, 191, 87, 41, 166, 88, 54, 25, 31, 24, 32, 130, 44, 26, 36, 24, 79, 94, 213, 66, 105, 63, 6, 47, 36, 41, 54, 61, 102, 49, 14, 76, 63, 81, 47, 82, 28, 140, 146, 30, 19, 30, 79, 64, 53, 179, 58, 93, 142, 46, 106, 51, 22, 46, 33, 73, 26, 49, 27, 33, 47, 33, 70, 40]
real: 11073 [46, 240, 93, 136, 73, 38, 46, 102, 54, 84, 134, 29, 30, 54, 56, 26, 268, 79, 173, 58, 96, 81, 126, 49, 95, 26, 123, 43, 168, 202, 114, 96, 93, 61, 234, 64, 68, 30, 58, 47, 40, 127, 81, 49, 32, 69, 46, 58, 83, 122, 44, 102, 71, 23, 49, 19, 98, 76, 55, 97, 280, 50, 148, 95, 124, 31, 75, 212, 120, 48, 203, 110, 77, 30, 39, 26, 39, 167, 58, 47, 41, 32, 121, 131, 263, 74, 138, 96, 18, 65, 43, 46, 72, 84, 107, 61, 16, 99, 78, 113, 56, 100, 29, 168, 167, 36, 26, 47, 118, 91, 65, 223, 76, 125, 185, 48, 119, 57, 37, 49, 43, 93, 35, 48, 48, 48, 57, 41, 76, 51]

grid_scale: 0.3
resize_scale: 0.5
confiance: 0.4

random_seed: 1011
data_augmentation: True
samples: 130
