MAE: 27.66923076923077 [18, 72, 51, 36, 18, 13, 29, 25, 13, 20, 34, 10, 18, 18, 15, 6, 101, 27, 55, 16, 27, 22, 33, 23, 22, 12, 49, 28, 52, 77, 27, 31, 31, 31, 81, 15, 16, 15, 17, 14, 11, 55, 25, 12, 11, 28, 27, 22, 14, 48, 12, 52, 17, 6, 13, 1, 20, 23, 15, 23, 79, 29, 44, 10, 49, 8, 30, 56, 49, 10, 61, 28, 22, 14, 19, 8, 8, 55, 10, 14, 19, 5, 39, 46, 72, 14, 46, 43, 18, 28, 15, 9, 22, 28, 17, 22, 3, 40, 29, 51, 14, 34, 3, 43, 34, 11, 10, 24, 61, 44, 18, 92, 20, 59, 68, 14, 40, 12, 15, 7, 14, 33, 15, 8, 20, 19, 7, 15, 14, 7]
MAPE: 32.91974506931021 [39.130434782608695, 30.0, 54.83870967741935, 26.47058823529412, 24.65753424657534, 34.21052631578947, 63.04347826086957, 24.509803921568626, 24.074074074074073, 23.809523809523807, 25.37313432835821, 34.48275862068966, 60.0, 33.33333333333333, 26.785714285714285, 23.076923076923077, 37.6865671641791, 34.177215189873415, 31.79190751445087, 27.586206896551722, 28.125, 27.160493827160494, 26.190476190476193, 46.93877551020408, 23.157894736842106, 46.15384615384615, 39.83739837398374, 65.11627906976744, 30.952380952380953, 38.11881188118812, 23.684210526315788, 32.29166666666667, 33.33333333333333, 50.81967213114754, 34.61538461538461, 23.4375, 23.52941176470588, 50.0, 29.310344827586203, 29.78723404255319, 27.500000000000004, 43.30708661417323, 30.864197530864196, 24.489795918367346, 34.375, 40.57971014492754, 58.69565217391305, 37.93103448275862, 16.867469879518072, 39.34426229508197, 27.27272727272727, 50.98039215686274, 23.943661971830984, 26.08695652173913, 26.53061224489796, 5.263157894736842, 20.408163265306122, 30.263157894736842, 27.27272727272727, 23.711340206185564, 28.214285714285715, 57.99999999999999, 29.72972972972973, 10.526315789473683, 39.516129032258064, 25.806451612903224, 40.0, 26.41509433962264, 40.833333333333336, 20.833333333333336, 30.049261083743843, 25.454545454545453, 28.57142857142857, 46.666666666666664, 48.717948717948715, 30.76923076923077, 20.51282051282051, 32.93413173652694, 17.24137931034483, 29.78723404255319, 46.34146341463415, 15.625, 32.231404958677686, 35.11450381679389, 27.376425855513308, 18.91891891891892, 33.33333333333333, 44.79166666666667, 100.0, 43.07692307692308, 34.883720930232556, 19.565217391304348, 30.555555555555557, 33.33333333333333, 15.887850467289718, 36.0655737704918, 18.75, 40.4040404040404, 37.17948717948718, 45.13274336283185, 25.0, 34.0, 10.344827586206897, 25.595238095238095, 20.35928143712575, 30.555555555555557, 38.46153846153847, 51.06382978723404, 51.69491525423729, 48.35164835164835, 27.692307692307693, 41.25560538116592, 26.31578947368421, 47.199999999999996, 36.75675675675676, 29.166666666666668, 33.61344537815126, 21.052631578947366, 40.54054054054054, 14.285714285714285, 32.55813953488372, 35.483870967741936, 42.857142857142854, 16.666666666666664, 41.66666666666667, 39.58333333333333, 12.280701754385964, 36.58536585365854, 18.421052631578945, 13.725490196078432]
RMSE: 34.04510582696477 [324, 5184, 2601, 1296, 324, 169, 841, 625, 169, 400, 1156, 100, 324, 324, 225, 36, 10201, 729, 3025, 256, 729, 484, 1089, 529, 484, 144, 2401, 784, 2704, 5929, 729, 961, 961, 961, 6561, 225, 256, 225, 289, 196, 121, 3025, 625, 144, 121, 784, 729, 484, 196, 2304, 144, 2704, 289, 36, 169, 1, 400, 529, 225, 529, 6241, 841, 1936, 100, 2401, 64, 900, 3136, 2401, 100, 3721, 784, 484, 196, 361, 64, 64, 3025, 100, 196, 361, 25, 1521, 2116, 5184, 196, 2116, 1849, 324, 784, 225, 81, 484, 784, 289, 484, 9, 1600, 841, 2601, 196, 1156, 9, 1849, 1156, 121, 100, 576, 3721, 1936, 324, 8464, 400, 3481, 4624, 196, 1600, 144, 225, 49, 196, 1089, 225, 64, 400, 361, 49, 225, 196, 49]

pred: 7476 [28, 168, 42, 100, 55, 25, 17, 77, 41, 64, 100, 19, 12, 36, 41, 20, 167, 52, 118, 42, 69, 59, 93, 26, 73, 14, 74, 15, 116, 125, 87, 65, 62, 30, 153, 49, 52, 15, 41, 33, 29, 72, 56, 37, 21, 41, 19, 36, 69, 74, 32, 50, 54, 17, 36, 18, 78, 53, 40, 74, 201, 21, 104, 85, 75, 23, 45, 156, 71, 38, 142, 82, 55, 16, 20, 18, 31, 112, 48, 33, 22, 27, 82, 85, 191, 60, 92, 53, 0, 37, 28, 37, 50, 56, 90, 39, 13, 59, 49, 62, 42, 66, 26, 125, 133, 25, 16, 23, 57, 47, 47, 131, 56, 66, 117, 34, 79, 45, 22, 42, 29, 60, 20, 40, 28, 29, 50, 26, 62, 44]
real: 11073 [46, 240, 93, 136, 73, 38, 46, 102, 54, 84, 134, 29, 30, 54, 56, 26, 268, 79, 173, 58, 96, 81, 126, 49, 95, 26, 123, 43, 168, 202, 114, 96, 93, 61, 234, 64, 68, 30, 58, 47, 40, 127, 81, 49, 32, 69, 46, 58, 83, 122, 44, 102, 71, 23, 49, 19, 98, 76, 55, 97, 280, 50, 148, 95, 124, 31, 75, 212, 120, 48, 203, 110, 77, 30, 39, 26, 39, 167, 58, 47, 41, 32, 121, 131, 263, 74, 138, 96, 18, 65, 43, 46, 72, 84, 107, 61, 16, 99, 78, 113, 56, 100, 29, 168, 167, 36, 26, 47, 118, 91, 65, 223, 76, 125, 185, 48, 119, 57, 37, 49, 43, 93, 35, 48, 48, 48, 57, 41, 76, 51]

grid_scale: 0.3
resize_scale: 0.5
confiance: 0.5

random_seed: 1011
data_augmentation: True
samples: 130
