MAE: 35.97692307692308 [22, 94, 82, 52, 25, 20, 36, 25, 15, 23, 51, 27, 29, 17, 32, 10, 69, 42, 52, 21, 36, 31, 37, 27, 19, 19, 81, 32, 55, 76, 33, 25, 25, 45, 59, 36, 49, 24, 34, 31, 25, 85, 61, 12, 19, 62, 43, 21, 23, 87, 11, 74, 38, 7, 38, 6, 17, 38, 8, 27, 81, 48, 45, 24, 57, 5, 54, 64, 81, 7, 54, 42, 36, 29, 36, 14, 7, 56, 28, 15, 14, 19, 48, 37, 69, 22, 57, 46, 18, 59, 29, 34, 37, 27, 21, 33, 3, 44, 38, 52, 14, 37, 17, 42, 38, 9, 17, 28, 72, 50, 17, 69, 21, 78, 66, 14, 29, 18, 29, 14, 24, 65, 29, 10, 36, 36, 17, 16, 27, 28]
MAPE: 47.37140978418475 [47.82608695652174, 39.166666666666664, 88.17204301075269, 38.23529411764706, 34.24657534246575, 52.63157894736842, 78.26086956521739, 24.509803921568626, 27.77777777777778, 27.380952380952383, 38.059701492537314, 93.10344827586206, 96.66666666666667, 31.48148148148148, 57.14285714285714, 38.46153846153847, 25.74626865671642, 53.16455696202531, 30.057803468208093, 36.206896551724135, 37.5, 38.2716049382716, 29.365079365079367, 55.10204081632652, 20.0, 73.07692307692307, 65.85365853658537, 74.4186046511628, 32.73809523809524, 37.62376237623762, 28.947368421052634, 26.041666666666668, 26.881720430107524, 73.77049180327869, 25.213675213675213, 56.25, 72.05882352941177, 80.0, 58.620689655172406, 65.95744680851064, 62.5, 66.92913385826772, 75.30864197530865, 24.489795918367346, 59.375, 89.85507246376811, 93.47826086956522, 36.206896551724135, 27.710843373493976, 71.31147540983606, 25.0, 72.54901960784314, 53.52112676056338, 30.434782608695656, 77.55102040816327, 31.57894736842105, 17.346938775510203, 50.0, 14.545454545454545, 27.835051546391753, 28.92857142857143, 96.0, 30.405405405405407, 25.263157894736842, 45.96774193548387, 16.129032258064516, 72.0, 30.18867924528302, 67.5, 14.583333333333334, 26.60098522167488, 38.18181818181819, 46.75324675324675, 96.66666666666667, 92.3076923076923, 53.84615384615385, 17.94871794871795, 33.532934131736525, 48.275862068965516, 31.914893617021278, 34.146341463414636, 59.375, 39.66942148760331, 28.24427480916031, 26.23574144486692, 29.72972972972973, 41.30434782608695, 47.91666666666667, 100.0, 90.76923076923077, 67.44186046511628, 73.91304347826086, 51.388888888888886, 32.142857142857146, 19.626168224299064, 54.09836065573771, 18.75, 44.44444444444444, 48.717948717948715, 46.017699115044245, 25.0, 37.0, 58.620689655172406, 25.0, 22.75449101796407, 25.0, 65.38461538461539, 59.57446808510638, 61.016949152542374, 54.94505494505495, 26.153846153846157, 30.94170403587444, 27.631578947368425, 62.4, 35.67567567567568, 29.166666666666668, 24.369747899159663, 31.57894736842105, 78.37837837837837, 28.57142857142857, 55.81395348837209, 69.89247311827957, 82.85714285714286, 20.833333333333336, 75.0, 75.0, 29.82456140350877, 39.02439024390244, 35.526315789473685, 54.90196078431373]
RMSE: 41.57042217731256 [484, 8836, 6724, 2704, 625, 400, 1296, 625, 225, 529, 2601, 729, 841, 289, 1024, 100, 4761, 1764, 2704, 441, 1296, 961, 1369, 729, 361, 361, 6561, 1024, 3025, 5776, 1089, 625, 625, 2025, 3481, 1296, 2401, 576, 1156, 961, 625, 7225, 3721, 144, 361, 3844, 1849, 441, 529, 7569, 121, 5476, 1444, 49, 1444, 36, 289, 1444, 64, 729, 6561, 2304, 2025, 576, 3249, 25, 2916, 4096, 6561, 49, 2916, 1764, 1296, 841, 1296, 196, 49, 3136, 784, 225, 196, 361, 2304, 1369, 4761, 484, 3249, 2116, 324, 3481, 841, 1156, 1369, 729, 441, 1089, 9, 1936, 1444, 2704, 196, 1369, 289, 1764, 1444, 81, 289, 784, 5184, 2500, 289, 4761, 441, 6084, 4356, 196, 841, 324, 841, 196, 576, 4225, 841, 100, 1296, 1296, 289, 256, 729, 784]

pred: 6402 [24, 146, 11, 84, 48, 18, 10, 77, 39, 61, 83, 2, 1, 37, 24, 16, 199, 37, 121, 37, 60, 50, 89, 22, 76, 7, 42, 11, 113, 126, 81, 71, 68, 16, 175, 28, 19, 6, 24, 16, 15, 42, 20, 37, 13, 7, 3, 37, 60, 35, 33, 28, 33, 16, 11, 13, 81, 38, 47, 70, 199, 2, 103, 71, 67, 26, 21, 148, 39, 41, 149, 68, 41, 1, 3, 12, 32, 111, 30, 32, 27, 13, 73, 94, 194, 52, 81, 50, 0, 6, 14, 12, 35, 57, 86, 28, 19, 55, 40, 61, 42, 63, 12, 126, 129, 27, 9, 19, 46, 41, 48, 154, 55, 47, 119, 34, 90, 39, 8, 35, 19, 28, 6, 38, 12, 12, 40, 25, 49, 23]
real: 11073 [46, 240, 93, 136, 73, 38, 46, 102, 54, 84, 134, 29, 30, 54, 56, 26, 268, 79, 173, 58, 96, 81, 126, 49, 95, 26, 123, 43, 168, 202, 114, 96, 93, 61, 234, 64, 68, 30, 58, 47, 40, 127, 81, 49, 32, 69, 46, 58, 83, 122, 44, 102, 71, 23, 49, 19, 98, 76, 55, 97, 280, 50, 148, 95, 124, 31, 75, 212, 120, 48, 203, 110, 77, 30, 39, 26, 39, 167, 58, 47, 41, 32, 121, 131, 263, 74, 138, 96, 18, 65, 43, 46, 72, 84, 107, 61, 16, 99, 78, 113, 56, 100, 29, 168, 167, 36, 26, 47, 118, 91, 65, 223, 76, 125, 185, 48, 119, 57, 37, 49, 43, 93, 35, 48, 48, 48, 57, 41, 76, 51]

grid_scale: 0.2
resize_scale: 0.5
confiance: 0.55

random_seed: 1011
data_augmentation: True
samples: 130
