MAE: 12.069230769230769 [16, 19, 12, 8, 1, 12, 4, 0, 11, 3, 1, 2, 6, 4, 3, 0, 37, 2, 51, 5, 11, 19, 28, 3, 12, 7, 38, 11, 30, 58, 7, 18, 18, 11, 25, 1, 7, 8, 2, 5, 6, 25, 15, 1, 8, 13, 17, 4, 6, 17, 9, 22, 3, 4, 12, 6, 6, 8, 5, 3, 10, 3, 25, 0, 6, 3, 12, 8, 31, 4, 37, 12, 4, 1, 6, 3, 3, 41, 1, 15, 5, 2, 26, 21, 54, 14, 32, 10, 18, 15, 4, 4, 7, 21, 4, 6, 4, 22, 24, 31, 9, 8, 1, 20, 9, 0, 3, 12, 31, 16, 8, 43, 5, 21, 24, 3, 2, 3, 11, 3, 6, 19, 4, 2, 23, 7, 5, 5, 4, 7]
MAPE: 14.695046636617981 [34.78260869565217, 7.916666666666666, 12.903225806451612, 5.88235294117647, 1.36986301369863, 31.57894736842105, 8.695652173913043, 0.0, 20.37037037037037, 3.571428571428571, 0.7462686567164178, 6.896551724137931, 20.0, 7.4074074074074066, 5.357142857142857, 0.0, 13.805970149253731, 2.5316455696202533, 29.47976878612717, 8.620689655172415, 11.458333333333332, 23.456790123456788, 22.22222222222222, 6.122448979591836, 12.631578947368421, 26.923076923076923, 30.89430894308943, 25.581395348837212, 17.857142857142858, 28.71287128712871, 6.140350877192982, 18.75, 19.35483870967742, 18.0327868852459, 10.683760683760683, 1.5625, 10.294117647058822, 26.666666666666668, 3.4482758620689653, 10.638297872340425, 15.0, 19.68503937007874, 18.51851851851852, 2.0408163265306123, 25.0, 18.84057971014493, 36.95652173913043, 6.896551724137931, 7.228915662650602, 13.934426229508196, 20.454545454545457, 21.568627450980394, 4.225352112676056, 17.391304347826086, 24.489795918367346, 31.57894736842105, 6.122448979591836, 10.526315789473683, 9.090909090909092, 3.0927835051546393, 3.571428571428571, 6.0, 16.89189189189189, 0.0, 4.838709677419355, 9.67741935483871, 16.0, 3.7735849056603774, 25.833333333333336, 8.333333333333332, 18.226600985221676, 10.909090909090908, 5.194805194805195, 3.3333333333333335, 15.384615384615385, 11.538461538461538, 7.6923076923076925, 24.550898203592812, 1.7241379310344827, 31.914893617021278, 12.195121951219512, 6.25, 21.487603305785125, 16.030534351145036, 20.53231939163498, 18.91891891891892, 23.18840579710145, 10.416666666666668, 100.0, 23.076923076923077, 9.30232558139535, 8.695652173913043, 9.722222222222223, 25.0, 3.7383177570093453, 9.836065573770492, 25.0, 22.22222222222222, 30.76923076923077, 27.43362831858407, 16.071428571428573, 8.0, 3.4482758620689653, 11.904761904761903, 5.389221556886228, 0.0, 11.538461538461538, 25.53191489361702, 26.27118644067797, 17.582417582417584, 12.307692307692308, 19.282511210762333, 6.578947368421052, 16.8, 12.972972972972974, 6.25, 1.680672268907563, 5.263157894736842, 29.72972972972973, 6.122448979591836, 13.953488372093023, 20.43010752688172, 11.428571428571429, 4.166666666666666, 47.91666666666667, 14.583333333333334, 8.771929824561402, 12.195121951219512, 5.263157894736842, 13.725490196078432]
RMSE: 16.854353466366806 [256, 361, 144, 64, 1, 144, 16, 0, 121, 9, 1, 4, 36, 16, 9, 0, 1369, 4, 2601, 25, 121, 361, 784, 9, 144, 49, 1444, 121, 900, 3364, 49, 324, 324, 121, 625, 1, 49, 64, 4, 25, 36, 625, 225, 1, 64, 169, 289, 16, 36, 289, 81, 484, 9, 16, 144, 36, 36, 64, 25, 9, 100, 9, 625, 0, 36, 9, 144, 64, 961, 16, 1369, 144, 16, 1, 36, 9, 9, 1681, 1, 225, 25, 4, 676, 441, 2916, 196, 1024, 100, 324, 225, 16, 16, 49, 441, 16, 36, 16, 484, 576, 961, 81, 64, 1, 400, 81, 0, 9, 144, 961, 256, 64, 1849, 25, 441, 576, 9, 4, 9, 121, 9, 36, 361, 16, 4, 529, 49, 25, 25, 16, 49]

pred: 9642 [30, 221, 81, 128, 74, 26, 42, 102, 43, 81, 133, 31, 24, 50, 53, 26, 231, 77, 122, 53, 85, 62, 98, 52, 83, 19, 85, 32, 138, 144, 107, 78, 75, 50, 209, 63, 75, 22, 60, 42, 46, 102, 96, 48, 24, 56, 29, 54, 77, 105, 53, 80, 68, 19, 37, 25, 92, 68, 50, 94, 270, 47, 123, 95, 118, 28, 63, 204, 89, 44, 166, 98, 73, 31, 33, 23, 36, 126, 57, 32, 46, 34, 95, 110, 209, 60, 106, 86, 0, 50, 39, 42, 65, 63, 103, 55, 12, 77, 54, 82, 47, 92, 30, 148, 158, 36, 23, 35, 87, 75, 57, 180, 71, 104, 161, 45, 117, 60, 26, 46, 37, 74, 31, 50, 25, 41, 52, 36, 80, 44]
real: 11073 [46, 240, 93, 136, 73, 38, 46, 102, 54, 84, 134, 29, 30, 54, 56, 26, 268, 79, 173, 58, 96, 81, 126, 49, 95, 26, 123, 43, 168, 202, 114, 96, 93, 61, 234, 64, 68, 30, 58, 47, 40, 127, 81, 49, 32, 69, 46, 58, 83, 122, 44, 102, 71, 23, 49, 19, 98, 76, 55, 97, 280, 50, 148, 95, 124, 31, 75, 212, 120, 48, 203, 110, 77, 30, 39, 26, 39, 167, 58, 47, 41, 32, 121, 131, 263, 74, 138, 96, 18, 65, 43, 46, 72, 84, 107, 61, 16, 99, 78, 113, 56, 100, 29, 168, 167, 36, 26, 47, 118, 91, 65, 223, 76, 125, 185, 48, 119, 57, 37, 49, 43, 93, 35, 48, 48, 48, 57, 41, 76, 51]

grid_scale: 0.4
resize_scale: 0.5
confiance: 0.3

random_seed: 1011
data_augmentation: True
samples: 130
