MAE: 19.338461538461537 [20, 15, 78, 17, 5, 10, 19, 7, 8, 10, 22, 25, 27, 11, 22, 6, 36, 30, 36, 8, 4, 14, 0, 9, 10, 11, 49, 27, 31, 16, 23, 12, 18, 24, 12, 12, 8, 19, 2, 19, 9, 72, 45, 8, 7, 48, 33, 9, 13, 56, 5, 56, 7, 4, 38, 0, 16, 28, 9, 12, 26, 44, 31, 10, 16, 5, 19, 3, 36, 1, 10, 20, 31, 27, 30, 16, 0, 28, 20, 8, 4, 6, 41, 22, 23, 9, 23, 41, 16, 45, 12, 17, 20, 24, 7, 20, 2, 24, 23, 44, 5, 20, 12, 31, 25, 8, 9, 31, 39, 23, 1, 10, 7, 48, 44, 1, 16, 8, 17, 0, 11, 36, 23, 2, 12, 29, 3, 9, 7, 16]
MAPE: 27.69910892581338 [43.47826086956522, 6.25, 83.87096774193549, 12.5, 6.8493150684931505, 26.31578947368421, 41.30434782608695, 6.862745098039216, 14.814814814814813, 11.904761904761903, 16.417910447761194, 86.20689655172413, 90.0, 20.37037037037037, 39.285714285714285, 23.076923076923077, 13.432835820895523, 37.9746835443038, 20.809248554913296, 13.793103448275861, 4.166666666666666, 17.28395061728395, 0.0, 18.367346938775512, 10.526315789473683, 42.30769230769231, 39.83739837398374, 62.7906976744186, 18.452380952380953, 7.920792079207921, 20.175438596491226, 12.5, 19.35483870967742, 39.34426229508197, 5.128205128205128, 18.75, 11.76470588235294, 63.33333333333333, 3.4482758620689653, 40.42553191489361, 22.5, 56.69291338582677, 55.55555555555556, 16.3265306122449, 21.875, 69.56521739130434, 71.73913043478261, 15.517241379310345, 15.66265060240964, 45.90163934426229, 11.363636363636363, 54.90196078431373, 9.859154929577464, 17.391304347826086, 77.55102040816327, 0.0, 16.3265306122449, 36.84210526315789, 16.363636363636363, 12.371134020618557, 9.285714285714286, 88.0, 20.945945945945947, 10.526315789473683, 12.903225806451612, 16.129032258064516, 25.333333333333336, 1.4150943396226416, 30.0, 2.083333333333333, 4.926108374384237, 18.181818181818183, 40.25974025974026, 90.0, 76.92307692307693, 61.53846153846154, 0.0, 16.766467065868262, 34.48275862068966, 17.02127659574468, 9.75609756097561, 18.75, 33.88429752066116, 16.793893129770993, 8.745247148288973, 12.162162162162163, 16.666666666666664, 42.70833333333333, 88.88888888888889, 69.23076923076923, 27.906976744186046, 36.95652173913043, 27.77777777777778, 28.57142857142857, 6.5420560747663545, 32.78688524590164, 12.5, 24.242424242424242, 29.48717948717949, 38.93805309734513, 8.928571428571429, 20.0, 41.37931034482759, 18.452380952380953, 14.97005988023952, 22.22222222222222, 34.61538461538461, 65.95744680851064, 33.05084745762712, 25.274725274725274, 1.5384615384615385, 4.484304932735426, 9.210526315789473, 38.4, 23.783783783783786, 2.083333333333333, 13.445378151260504, 14.035087719298245, 45.94594594594595, 0.0, 25.581395348837212, 38.70967741935484, 65.71428571428571, 4.166666666666666, 25.0, 60.416666666666664, 5.263157894736842, 21.951219512195124, 9.210526315789473, 31.372549019607842]
RMSE: 24.406493461309086 [400, 225, 6084, 289, 25, 100, 361, 49, 64, 100, 484, 625, 729, 121, 484, 36, 1296, 900, 1296, 64, 16, 196, 0, 81, 100, 121, 2401, 729, 961, 256, 529, 144, 324, 576, 144, 144, 64, 361, 4, 361, 81, 5184, 2025, 64, 49, 2304, 1089, 81, 169, 3136, 25, 3136, 49, 16, 1444, 0, 256, 784, 81, 144, 676, 1936, 961, 100, 256, 25, 361, 9, 1296, 1, 100, 400, 961, 729, 900, 256, 0, 784, 400, 64, 16, 36, 1681, 484, 529, 81, 529, 1681, 256, 2025, 144, 289, 400, 576, 49, 400, 4, 576, 529, 1936, 25, 400, 144, 961, 625, 64, 81, 961, 1521, 529, 1, 100, 49, 2304, 1936, 1, 256, 64, 289, 0, 121, 1296, 529, 4, 144, 841, 9, 81, 49, 256]

pred: 8599 [26, 225, 15, 119, 68, 28, 27, 95, 46, 74, 112, 4, 3, 43, 34, 20, 232, 49, 137, 50, 92, 67, 126, 58, 85, 15, 74, 16, 137, 186, 91, 84, 75, 37, 222, 52, 60, 11, 60, 28, 31, 55, 36, 41, 25, 21, 13, 49, 70, 66, 39, 46, 64, 19, 11, 19, 82, 48, 46, 85, 254, 6, 117, 85, 108, 26, 56, 209, 84, 47, 193, 90, 46, 3, 9, 10, 39, 139, 38, 39, 45, 26, 80, 109, 240, 65, 115, 55, 2, 20, 31, 29, 52, 60, 100, 41, 18, 75, 55, 69, 51, 80, 17, 137, 142, 28, 17, 16, 79, 68, 64, 213, 69, 77, 141, 49, 103, 49, 20, 49, 32, 57, 12, 50, 36, 19, 54, 32, 69, 35]
real: 11073 [46, 240, 93, 136, 73, 38, 46, 102, 54, 84, 134, 29, 30, 54, 56, 26, 268, 79, 173, 58, 96, 81, 126, 49, 95, 26, 123, 43, 168, 202, 114, 96, 93, 61, 234, 64, 68, 30, 58, 47, 40, 127, 81, 49, 32, 69, 46, 58, 83, 122, 44, 102, 71, 23, 49, 19, 98, 76, 55, 97, 280, 50, 148, 95, 124, 31, 75, 212, 120, 48, 203, 110, 77, 30, 39, 26, 39, 167, 58, 47, 41, 32, 121, 131, 263, 74, 138, 96, 18, 65, 43, 46, 72, 84, 107, 61, 16, 99, 78, 113, 56, 100, 29, 168, 167, 36, 26, 47, 118, 91, 65, 223, 76, 125, 185, 48, 119, 57, 37, 49, 43, 93, 35, 48, 48, 48, 57, 41, 76, 51]

grid_scale: 0.2
resize_scale: 0.5
confiance: 0.4

random_seed: 1011
data_augmentation: True
samples: 130
