MAE: 50.26923076923077 [23, 288, 41, 137, 75, 13, 13, 49, 7, 23, 122, 12, 13, 20, 43, 23, 156, 34, 24, 3, 16, 59, 111, 89, 35, 16, 18, 20, 43, 168, 49, 64, 20, 60, 219, 76, 100, 10, 79, 43, 53, 18, 118, 31, 9, 6, 8, 111, 30, 19, 30, 52, 68, 17, 17, 14, 34, 5, 23, 82, 193, 22, 60, 49, 126, 27, 63, 201, 29, 32, 146, 43, 7, 6, 51, 18, 25, 51, 4, 25, 110, 29, 33, 76, 119, 58, 75, 21, 16, 8, 15, 85, 73, 51, 37, 46, 8, 37, 44, 49, 27, 69, 39, 36, 48, 5, 13, 5, 58, 37, 56, 215, 56, 28, 62, 31, 75, 26, 6, 16, 22, 21, 15, 22, 11, 57, 39, 17, 92, 4]
MAPE: 60.67487770730744 [50.0, 120.0, 44.086021505376344, 100.73529411764706, 102.73972602739727, 34.21052631578947, 28.26086956521739, 48.03921568627451, 12.962962962962962, 27.380952380952383, 91.04477611940298, 41.37931034482759, 43.333333333333336, 37.03703703703704, 76.78571428571429, 88.46153846153845, 58.2089552238806, 43.037974683544306, 13.872832369942195, 5.172413793103448, 16.666666666666664, 72.8395061728395, 88.09523809523809, 181.6326530612245, 36.84210526315789, 61.53846153846154, 14.634146341463413, 46.51162790697674, 25.595238095238095, 83.16831683168317, 42.98245614035088, 66.66666666666666, 21.50537634408602, 98.36065573770492, 93.58974358974359, 118.75, 147.05882352941177, 33.33333333333333, 136.20689655172413, 91.48936170212765, 132.5, 14.173228346456693, 145.679012345679, 63.26530612244898, 28.125, 8.695652173913043, 17.391304347826086, 191.3793103448276, 36.144578313253014, 15.573770491803279, 68.18181818181817, 50.98039215686274, 95.77464788732394, 73.91304347826086, 34.69387755102041, 73.68421052631578, 34.69387755102041, 6.578947368421052, 41.81818181818181, 84.5360824742268, 68.92857142857143, 44.0, 40.54054054054054, 51.578947368421055, 101.61290322580645, 87.09677419354838, 84.0, 94.81132075471697, 24.166666666666668, 66.66666666666666, 71.92118226600985, 39.09090909090909, 9.090909090909092, 20.0, 130.76923076923077, 69.23076923076923, 64.1025641025641, 30.538922155688624, 6.896551724137931, 53.191489361702125, 268.2926829268293, 90.625, 27.27272727272727, 58.01526717557252, 45.247148288973385, 78.37837837837837, 54.347826086956516, 21.875, 88.88888888888889, 12.307692307692308, 34.883720930232556, 184.7826086956522, 101.38888888888889, 60.71428571428571, 34.57943925233645, 75.40983606557377, 50.0, 37.37373737373738, 56.41025641025641, 43.36283185840708, 48.214285714285715, 69.0, 134.48275862068965, 21.428571428571427, 28.74251497005988, 13.88888888888889, 50.0, 10.638297872340425, 49.152542372881356, 40.65934065934066, 86.15384615384616, 96.41255605381166, 73.68421052631578, 22.400000000000002, 33.513513513513516, 64.58333333333334, 63.02521008403361, 45.614035087719294, 16.216216216216218, 32.6530612244898, 51.162790697674424, 22.58064516129032, 42.857142857142854, 45.83333333333333, 22.916666666666664, 118.75, 68.42105263157895, 41.46341463414634, 121.05263157894737, 7.8431372549019605]
RMSE: 70.4556052255057 [529, 82944, 1681, 18769, 5625, 169, 169, 2401, 49, 529, 14884, 144, 169, 400, 1849, 529, 24336, 1156, 576, 9, 256, 3481, 12321, 7921, 1225, 256, 324, 400, 1849, 28224, 2401, 4096, 400, 3600, 47961, 5776, 10000, 100, 6241, 1849, 2809, 324, 13924, 961, 81, 36, 64, 12321, 900, 361, 900, 2704, 4624, 289, 289, 196, 1156, 25, 529, 6724, 37249, 484, 3600, 2401, 15876, 729, 3969, 40401, 841, 1024, 21316, 1849, 49, 36, 2601, 324, 625, 2601, 16, 625, 12100, 841, 1089, 5776, 14161, 3364, 5625, 441, 256, 64, 225, 7225, 5329, 2601, 1369, 2116, 64, 1369, 1936, 2401, 729, 4761, 1521, 1296, 2304, 25, 169, 25, 3364, 1369, 3136, 46225, 3136, 784, 3844, 961, 5625, 676, 36, 256, 484, 441, 225, 484, 121, 3249, 1521, 289, 8464, 16]

pred: 17364 [69, 528, 52, 273, 148, 51, 59, 151, 61, 107, 256, 41, 17, 74, 99, 49, 424, 113, 197, 61, 112, 140, 237, 138, 130, 42, 141, 63, 211, 370, 163, 160, 113, 121, 453, 140, 168, 40, 137, 90, 93, 145, 199, 80, 41, 75, 38, 169, 113, 141, 74, 154, 139, 40, 66, 33, 132, 71, 78, 179, 473, 28, 208, 144, 250, 58, 138, 413, 149, 80, 349, 153, 70, 24, 90, 44, 64, 218, 54, 72, 151, 61, 154, 207, 382, 132, 213, 117, 2, 73, 58, 131, 145, 135, 144, 107, 24, 136, 122, 162, 83, 169, 68, 204, 215, 41, 39, 52, 176, 128, 121, 438, 132, 153, 247, 79, 194, 83, 43, 65, 65, 114, 50, 70, 59, 105, 96, 58, 168, 55]
real: 11073 [46, 240, 93, 136, 73, 38, 46, 102, 54, 84, 134, 29, 30, 54, 56, 26, 268, 79, 173, 58, 96, 81, 126, 49, 95, 26, 123, 43, 168, 202, 114, 96, 93, 61, 234, 64, 68, 30, 58, 47, 40, 127, 81, 49, 32, 69, 46, 58, 83, 122, 44, 102, 71, 23, 49, 19, 98, 76, 55, 97, 280, 50, 148, 95, 124, 31, 75, 212, 120, 48, 203, 110, 77, 30, 39, 26, 39, 167, 58, 47, 41, 32, 121, 131, 263, 74, 138, 96, 18, 65, 43, 46, 72, 84, 107, 61, 16, 99, 78, 113, 56, 100, 29, 168, 167, 36, 26, 47, 118, 91, 65, 223, 76, 125, 185, 48, 119, 57, 37, 49, 43, 93, 35, 48, 48, 48, 57, 41, 76, 51]

grid_scale: 0.2
resize_scale: 0.5
confiance: 0.15

random_seed: 1011
data_augmentation: True
samples: 130
