MAE: 12.546153846153846 [7, 1, 3, 24, 9, 27, 6, 13, 7, 14, 17, 2, 16, 24, 9, 21, 2, 8, 23, 34, 1, 7, 2, 6, 48, 27, 0, 7, 2, 9, 11, 5, 30, 20, 23, 0, 1, 38, 3, 3, 1, 12, 19, 3, 1, 40, 22, 3, 18, 1, 19, 14, 2, 47, 6, 1, 21, 1, 30, 5, 46, 8, 7, 1, 17, 3, 31, 30, 3, 4, 12, 2, 1, 12, 27, 21, 20, 12, 1, 1, 1, 1, 16, 8, 25, 8, 1, 16, 44, 2, 12, 5, 4, 3, 5, 3, 13, 12, 14, 16, 1, 2, 5, 7, 4, 8, 2, 10, 30, 61, 4, 15, 21, 24, 5, 3, 3, 57, 0, 12, 25, 3, 4, 0, 19, 2, 1, 44, 8, 7]
MAPE: 17.458065951821816 [7.6923076923076925, 1.2345679012345678, 2.727272727272727, 19.2, 6.081081081081082, 58.69565217391305, 6.25, 10.92436974789916, 12.5, 77.77777777777779, 43.58974358974359, 3.7037037037037033, 14.15929203539823, 25.0, 19.148936170212767, 27.27272727272727, 3.508771929824561, 2.9850746268656714, 13.690476190476192, 16.037735849056602, 2.564102564102564, 26.923076923076923, 2.8169014084507045, 18.75, 96.0, 20.610687022900763, 0.0, 16.27906976744186, 4.651162790697675, 34.61538461538461, 29.72972972972973, 8.620689655172415, 62.5, 10.81081081081081, 18.548387096774192, 0.0, 1.8181818181818181, 31.147540983606557, 8.333333333333332, 2.631578947368421, 1.0752688172043012, 41.37931034482759, 20.43010752688172, 6.382978723404255, 1.36986301369863, 33.33333333333333, 17.46031746031746, 9.375, 39.130434782608695, 2.4390243902439024, 23.456790123456788, 5.323193916349809, 1.4492753623188406, 21.076233183856502, 10.344827586206897, 2.0408163265306123, 17.796610169491526, 6.25, 46.15384615384615, 10.869565217391305, 36.22047244094488, 4.761904761904762, 20.0, 1.7543859649122806, 14.049586776859504, 5.555555555555555, 75.60975609756098, 43.47826086956522, 4.6875, 8.333333333333332, 7.18562874251497, 2.0408163265306123, 4.3478260869565215, 24.489795918367346, 90.0, 70.0, 11.976047904191617, 15.384615384615385, 1.5384615384615385, 1.0101010101010102, 1.3888888888888888, 3.225806451612903, 28.57142857142857, 8.0, 18.65671641791045, 9.523809523809524, 1.2048192771084338, 27.586206896551722, 43.13725490196079, 2.7027027027027026, 19.672131147540984, 5.154639175257731, 15.384615384615385, 3.125, 2.4630541871921183, 6.382978723404255, 16.455696202531644, 25.0, 6.9306930693069315, 5.714285714285714, 1.0526315789473684, 4.166666666666666, 5.263157894736842, 9.210526315789473, 6.557377049180328, 18.6046511627907, 10.526315789473683, 20.408163265306122, 12.82051282051282, 65.59139784946237, 15.384615384615385, 20.0, 27.631578947368425, 17.647058823529413, 8.620689655172415, 7.894736842105263, 10.344827586206897, 23.75, 0.0, 6.9364161849710975, 83.33333333333334, 6.25, 5.263157894736842, 0.0, 27.941176470588236, 4.545454545454546, 0.9345794392523363, 35.77235772357724, 20.0, 13.725490196078432]
RMSE: 18.052274521085018 [49, 1, 9, 576, 81, 729, 36, 169, 49, 196, 289, 4, 256, 576, 81, 441, 4, 64, 529, 1156, 1, 49, 4, 36, 2304, 729, 0, 49, 4, 81, 121, 25, 900, 400, 529, 0, 1, 1444, 9, 9, 1, 144, 361, 9, 1, 1600, 484, 9, 324, 1, 361, 196, 4, 2209, 36, 1, 441, 1, 900, 25, 2116, 64, 49, 1, 289, 9, 961, 900, 9, 16, 144, 4, 1, 144, 729, 441, 400, 144, 1, 1, 1, 1, 256, 64, 625, 64, 1, 256, 1936, 4, 144, 25, 16, 9, 25, 9, 169, 144, 196, 256, 1, 4, 25, 49, 16, 64, 4, 100, 900, 3721, 16, 225, 441, 576, 25, 9, 9, 3249, 0, 144, 625, 9, 16, 0, 361, 4, 1, 1936, 64, 49]

pred: 10510 [84, 80, 107, 101, 139, 19, 102, 132, 63, 4, 22, 56, 97, 72, 38, 56, 59, 276, 145, 246, 38, 19, 73, 26, 2, 158, 84, 36, 41, 17, 26, 63, 18, 165, 147, 49, 56, 84, 33, 111, 94, 17, 74, 44, 72, 80, 148, 29, 28, 40, 100, 277, 136, 270, 52, 48, 97, 17, 35, 41, 81, 160, 28, 56, 104, 51, 72, 39, 61, 52, 155, 96, 22, 37, 3, 9, 147, 66, 64, 98, 71, 30, 40, 108, 159, 76, 84, 74, 58, 72, 49, 102, 30, 93, 208, 44, 66, 36, 216, 296, 96, 46, 90, 83, 57, 35, 21, 59, 264, 32, 22, 60, 55, 160, 53, 35, 32, 297, 46, 161, 5, 51, 80, 102, 87, 46, 108, 79, 48, 44]
real: 11073 [91, 81, 110, 125, 148, 46, 96, 119, 56, 18, 39, 54, 113, 96, 47, 77, 57, 268, 168, 212, 39, 26, 71, 32, 50, 131, 84, 43, 43, 26, 37, 58, 48, 185, 124, 49, 55, 122, 36, 114, 93, 29, 93, 47, 73, 120, 126, 32, 46, 41, 81, 263, 138, 223, 58, 49, 118, 16, 65, 46, 127, 168, 35, 57, 121, 54, 41, 69, 64, 48, 167, 98, 23, 49, 30, 30, 167, 78, 65, 99, 72, 31, 56, 100, 134, 84, 83, 58, 102, 74, 61, 97, 26, 96, 203, 47, 79, 48, 202, 280, 95, 48, 95, 76, 61, 43, 19, 49, 234, 93, 26, 75, 76, 136, 58, 38, 29, 240, 46, 173, 30, 48, 76, 102, 68, 44, 107, 123, 40, 51]

grid_scale: 0.2
resize_scale: 0.5
confiance: 0.3

random_seed: 1011
data_augmentation: True
samples: 130
