MAE: 23.6 [22, 68, 38, 35, 12, 14, 17, 11, 12, 17, 30, 5, 6, 9, 8, 4, 94, 16, 53, 17, 21, 21, 29, 13, 17, 11, 54, 17, 54, 95, 27, 34, 27, 13, 70, 3, 2, 18, 13, 10, 4, 37, 4, 2, 4, 19, 20, 9, 15, 47, 3, 32, 22, 6, 10, 1, 21, 11, 9, 14, 59, 22, 45, 11, 25, 6, 19, 59, 60, 9, 81, 25, 17, 4, 14, 3, 10, 68, 8, 21, 9, 7, 45, 54, 98, 9, 44, 35, 16, 16, 8, 7, 14, 23, 13, 13, 3, 57, 33, 39, 10, 14, 7, 41, 28, 9, 11, 26, 46, 34, 12, 71, 16, 43, 60, 5, 36, 10, 12, 5, 4, 30, 11, 7, 26, 9, 8, 14, 14, 13]
MAPE: 26.284959660308246 [47.82608695652174, 28.333333333333332, 40.86021505376344, 25.735294117647058, 16.43835616438356, 36.84210526315789, 36.95652173913043, 10.784313725490197, 22.22222222222222, 20.238095238095237, 22.388059701492537, 17.24137931034483, 20.0, 16.666666666666664, 14.285714285714285, 15.384615384615385, 35.07462686567165, 20.253164556962027, 30.63583815028902, 29.310344827586203, 21.875, 25.925925925925924, 23.015873015873016, 26.53061224489796, 17.894736842105264, 42.30769230769231, 43.90243902439025, 39.53488372093023, 32.142857142857146, 47.02970297029702, 23.684210526315788, 35.41666666666667, 29.03225806451613, 21.311475409836063, 29.914529914529915, 4.6875, 2.941176470588235, 60.0, 22.413793103448278, 21.27659574468085, 10.0, 29.133858267716533, 4.938271604938271, 4.081632653061225, 12.5, 27.536231884057973, 43.47826086956522, 15.517241379310345, 18.072289156626507, 38.52459016393443, 6.8181818181818175, 31.372549019607842, 30.985915492957744, 26.08695652173913, 20.408163265306122, 5.263157894736842, 21.428571428571427, 14.473684210526317, 16.363636363636363, 14.432989690721648, 21.071428571428573, 44.0, 30.405405405405407, 11.578947368421053, 20.161290322580644, 19.35483870967742, 25.333333333333336, 27.830188679245282, 50.0, 18.75, 39.90147783251231, 22.727272727272727, 22.07792207792208, 13.333333333333334, 35.8974358974359, 11.538461538461538, 25.64102564102564, 40.7185628742515, 13.793103448275861, 44.680851063829785, 21.951219512195124, 21.875, 37.1900826446281, 41.221374045801525, 37.26235741444867, 12.162162162162163, 31.88405797101449, 36.45833333333333, 88.88888888888889, 24.615384615384617, 18.6046511627907, 15.217391304347828, 19.444444444444446, 27.380952380952383, 12.149532710280374, 21.311475409836063, 18.75, 57.57575757575758, 42.30769230769231, 34.51327433628318, 17.857142857142858, 14.000000000000002, 24.137931034482758, 24.404761904761905, 16.766467065868262, 25.0, 42.30769230769231, 55.319148936170215, 38.983050847457626, 37.362637362637365, 18.461538461538463, 31.838565022421523, 21.052631578947366, 34.4, 32.432432432432435, 10.416666666666668, 30.252100840336134, 17.543859649122805, 32.432432432432435, 10.204081632653061, 9.30232558139535, 32.25806451612903, 31.428571428571427, 14.583333333333334, 54.166666666666664, 18.75, 14.035087719298245, 34.146341463414636, 18.421052631578945, 25.49019607843137]
RMSE: 31.598442025858464 [484, 4624, 1444, 1225, 144, 196, 289, 121, 144, 289, 900, 25, 36, 81, 64, 16, 8836, 256, 2809, 289, 441, 441, 841, 169, 289, 121, 2916, 289, 2916, 9025, 729, 1156, 729, 169, 4900, 9, 4, 324, 169, 100, 16, 1369, 16, 4, 16, 361, 400, 81, 225, 2209, 9, 1024, 484, 36, 100, 1, 441, 121, 81, 196, 3481, 484, 2025, 121, 625, 36, 361, 3481, 3600, 81, 6561, 625, 289, 16, 196, 9, 100, 4624, 64, 441, 81, 49, 2025, 2916, 9604, 81, 1936, 1225, 256, 256, 64, 49, 196, 529, 169, 169, 9, 3249, 1089, 1521, 100, 196, 49, 1681, 784, 81, 121, 676, 2116, 1156, 144, 5041, 256, 1849, 3600, 25, 1296, 100, 144, 25, 16, 900, 121, 49, 676, 81, 64, 196, 196, 169]

pred: 8015 [24, 172, 55, 101, 61, 24, 29, 91, 42, 67, 104, 24, 24, 45, 48, 22, 174, 63, 120, 41, 75, 60, 97, 36, 78, 15, 69, 26, 114, 107, 87, 62, 66, 48, 164, 61, 66, 12, 45, 37, 36, 90, 85, 47, 28, 50, 26, 49, 68, 75, 41, 70, 49, 17, 39, 20, 77, 65, 46, 83, 221, 28, 103, 84, 99, 25, 56, 153, 60, 39, 122, 85, 60, 26, 25, 23, 29, 99, 50, 26, 32, 25, 76, 77, 165, 65, 94, 61, 2, 49, 35, 39, 58, 61, 94, 48, 13, 42, 45, 74, 46, 86, 22, 127, 139, 27, 15, 21, 72, 57, 53, 152, 60, 82, 125, 43, 83, 47, 25, 44, 39, 63, 24, 41, 22, 39, 49, 27, 62, 38]
real: 11073 [46, 240, 93, 136, 73, 38, 46, 102, 54, 84, 134, 29, 30, 54, 56, 26, 268, 79, 173, 58, 96, 81, 126, 49, 95, 26, 123, 43, 168, 202, 114, 96, 93, 61, 234, 64, 68, 30, 58, 47, 40, 127, 81, 49, 32, 69, 46, 58, 83, 122, 44, 102, 71, 23, 49, 19, 98, 76, 55, 97, 280, 50, 148, 95, 124, 31, 75, 212, 120, 48, 203, 110, 77, 30, 39, 26, 39, 167, 58, 47, 41, 32, 121, 131, 263, 74, 138, 96, 18, 65, 43, 46, 72, 84, 107, 61, 16, 99, 78, 113, 56, 100, 29, 168, 167, 36, 26, 47, 118, 91, 65, 223, 76, 125, 185, 48, 119, 57, 37, 49, 43, 93, 35, 48, 48, 48, 57, 41, 76, 51]

grid_scale: 0.4
resize_scale: 0.5
confiance: 0.4

random_seed: 1011
data_augmentation: True
samples: 130
