MAE: 11.169230769230769 [7, 22, 34, 14, 9, 7, 9, 12, 5, 10, 14, 3, 11, 4, 6, 2, 34, 7, 39, 9, 15, 14, 8, 4, 15, 10, 30, 6, 27, 25, 20, 5, 7, 12, 25, 2, 2, 1, 2, 4, 0, 42, 2, 0, 1, 15, 16, 1, 13, 29, 3, 11, 2, 2, 1, 2, 4, 4, 5, 1, 11, 27, 23, 4, 28, 3, 13, 6, 24, 7, 20, 15, 16, 2, 2, 2, 2, 27, 14, 6, 7, 3, 24, 28, 34, 3, 25, 17, 18, 19, 6, 5, 5, 15, 7, 4, 2, 16, 18, 20, 3, 12, 2, 16, 17, 1, 5, 15, 26, 18, 8, 15, 2, 26, 38, 2, 7, 3, 5, 3, 8, 2, 2, 1, 16, 10, 4, 6, 3, 2]
MAPE: 13.566894864990006 [15.217391304347828, 9.166666666666666, 36.55913978494624, 10.294117647058822, 12.32876712328767, 18.421052631578945, 19.565217391304348, 11.76470588235294, 9.25925925925926, 11.904761904761903, 10.44776119402985, 10.344827586206897, 36.666666666666664, 7.4074074074074066, 10.714285714285714, 7.6923076923076925, 12.686567164179104, 8.860759493670885, 22.54335260115607, 15.517241379310345, 15.625, 17.28395061728395, 6.349206349206349, 8.16326530612245, 15.789473684210526, 38.46153846153847, 24.390243902439025, 13.953488372093023, 16.071428571428573, 12.376237623762377, 17.543859649122805, 5.208333333333334, 7.526881720430108, 19.672131147540984, 10.683760683760683, 3.125, 2.941176470588235, 3.3333333333333335, 3.4482758620689653, 8.51063829787234, 0.0, 33.07086614173229, 2.4691358024691357, 0.0, 3.125, 21.73913043478261, 34.78260869565217, 1.7241379310344827, 15.66265060240964, 23.770491803278688, 6.8181818181818175, 10.784313725490197, 2.8169014084507045, 8.695652173913043, 2.0408163265306123, 10.526315789473683, 4.081632653061225, 5.263157894736842, 9.090909090909092, 1.0309278350515463, 3.9285714285714284, 54.0, 15.54054054054054, 4.2105263157894735, 22.58064516129032, 9.67741935483871, 17.333333333333336, 2.8301886792452833, 20.0, 14.583333333333334, 9.852216748768473, 13.636363636363635, 20.77922077922078, 6.666666666666667, 5.128205128205128, 7.6923076923076925, 5.128205128205128, 16.16766467065868, 24.137931034482758, 12.76595744680851, 17.073170731707318, 9.375, 19.834710743801654, 21.374045801526716, 12.927756653992395, 4.054054054054054, 18.115942028985508, 17.708333333333336, 100.0, 29.230769230769234, 13.953488372093023, 10.869565217391305, 6.944444444444445, 17.857142857142858, 6.5420560747663545, 6.557377049180328, 12.5, 16.161616161616163, 23.076923076923077, 17.699115044247787, 5.357142857142857, 12.0, 6.896551724137931, 9.523809523809524, 10.179640718562874, 2.7777777777777777, 19.230769230769234, 31.914893617021278, 22.033898305084744, 19.78021978021978, 12.307692307692308, 6.726457399103139, 2.631578947368421, 20.8, 20.54054054054054, 4.166666666666666, 5.88235294117647, 5.263157894736842, 13.513513513513514, 6.122448979591836, 18.6046511627907, 2.1505376344086025, 5.714285714285714, 2.083333333333333, 33.33333333333333, 20.833333333333336, 7.017543859649122, 14.634146341463413, 3.9473684210526314, 3.9215686274509802]
RMSE: 14.878482139291991 [49, 484, 1156, 196, 81, 49, 81, 144, 25, 100, 196, 9, 121, 16, 36, 4, 1156, 49, 1521, 81, 225, 196, 64, 16, 225, 100, 900, 36, 729, 625, 400, 25, 49, 144, 625, 4, 4, 1, 4, 16, 0, 1764, 4, 0, 1, 225, 256, 1, 169, 841, 9, 121, 4, 4, 1, 4, 16, 16, 25, 1, 121, 729, 529, 16, 784, 9, 169, 36, 576, 49, 400, 225, 256, 4, 4, 4, 4, 729, 196, 36, 49, 9, 576, 784, 1156, 9, 625, 289, 324, 361, 36, 25, 25, 225, 49, 16, 4, 256, 324, 400, 9, 144, 4, 256, 289, 1, 25, 225, 676, 324, 64, 225, 4, 676, 1444, 4, 49, 9, 25, 9, 64, 4, 4, 1, 256, 100, 16, 36, 9, 4]

pred: 9681 [39, 218, 59, 122, 64, 31, 37, 90, 49, 74, 120, 26, 19, 50, 50, 28, 234, 72, 134, 49, 81, 67, 118, 45, 80, 16, 93, 37, 141, 177, 94, 91, 86, 49, 209, 66, 70, 29, 56, 43, 40, 85, 79, 49, 31, 54, 30, 59, 70, 93, 47, 91, 73, 21, 48, 21, 94, 72, 50, 96, 269, 23, 125, 91, 96, 28, 62, 206, 96, 41, 183, 95, 61, 28, 41, 28, 41, 140, 44, 41, 48, 29, 97, 103, 229, 71, 113, 79, 0, 46, 37, 41, 67, 69, 100, 57, 14, 83, 60, 93, 53, 88, 27, 152, 150, 35, 21, 32, 92, 73, 57, 208, 74, 99, 147, 46, 112, 54, 32, 52, 35, 91, 33, 47, 32, 38, 53, 35, 73, 49]
real: 11073 [46, 240, 93, 136, 73, 38, 46, 102, 54, 84, 134, 29, 30, 54, 56, 26, 268, 79, 173, 58, 96, 81, 126, 49, 95, 26, 123, 43, 168, 202, 114, 96, 93, 61, 234, 64, 68, 30, 58, 47, 40, 127, 81, 49, 32, 69, 46, 58, 83, 122, 44, 102, 71, 23, 49, 19, 98, 76, 55, 97, 280, 50, 148, 95, 124, 31, 75, 212, 120, 48, 203, 110, 77, 30, 39, 26, 39, 167, 58, 47, 41, 32, 121, 131, 263, 74, 138, 96, 18, 65, 43, 46, 72, 84, 107, 61, 16, 99, 78, 113, 56, 100, 29, 168, 167, 36, 26, 47, 118, 91, 65, 223, 76, 125, 185, 48, 119, 57, 37, 49, 43, 93, 35, 48, 48, 48, 57, 41, 76, 51]

grid_scale: 0.3
resize_scale: 0.5
confiance: 0.35

random_seed: 1011
data_augmentation: True
samples: 130
