MAE: 38.94615384615385 [25, 101, 58, 54, 16, 19, 7, 42, 19, 26, 52, 8, 11, 17, 13, 11, 184, 29, 94, 26, 41, 37, 81, 24, 48, 6, 80, 25, 88, 112, 49, 49, 32, 18, 146, 23, 8, 12, 24, 9, 1, 69, 22, 21, 7, 33, 22, 10, 29, 71, 5, 57, 15, 9, 25, 1, 20, 18, 9, 23, 122, 14, 76, 22, 64, 9, 25, 131, 81, 13, 112, 45, 37, 4, 8, 8, 12, 100, 9, 37, 23, 7, 76, 86, 184, 21, 92, 60, 18, 29, 16, 11, 21, 41, 25, 15, 8, 81, 62, 82, 16, 19, 7, 62, 61, 13, 14, 36, 94, 45, 16, 110, 13, 68, 117, 10, 61, 9, 16, 7, 6, 56, 10, 7, 41, 11, 12, 14, 18, 16]
MAPE: 40.65731754763359 [54.347826086956516, 42.083333333333336, 62.365591397849464, 39.705882352941174, 21.91780821917808, 50.0, 15.217391304347828, 41.17647058823529, 35.18518518518518, 30.952380952380953, 38.80597014925373, 27.586206896551722, 36.666666666666664, 31.48148148148148, 23.214285714285715, 42.30769230769231, 68.65671641791045, 36.708860759493675, 54.33526011560693, 44.827586206896555, 42.70833333333333, 45.67901234567901, 64.28571428571429, 48.97959183673469, 50.526315789473685, 23.076923076923077, 65.04065040650406, 58.139534883720934, 52.38095238095239, 55.44554455445545, 42.98245614035088, 51.041666666666664, 34.40860215053764, 29.508196721311474, 62.39316239316239, 35.9375, 11.76470588235294, 40.0, 41.37931034482759, 19.148936170212767, 2.5, 54.330708661417326, 27.160493827160494, 42.857142857142854, 21.875, 47.82608695652174, 47.82608695652174, 17.24137931034483, 34.93975903614458, 58.19672131147541, 11.363636363636363, 55.88235294117647, 21.12676056338028, 39.130434782608695, 51.02040816326531, 5.263157894736842, 20.408163265306122, 23.684210526315788, 16.363636363636363, 23.711340206185564, 43.57142857142857, 28.000000000000004, 51.35135135135135, 23.157894736842106, 51.61290322580645, 29.03225806451613, 33.33333333333333, 61.79245283018868, 67.5, 27.083333333333332, 55.172413793103445, 40.909090909090914, 48.05194805194805, 13.333333333333334, 20.51282051282051, 30.76923076923077, 30.76923076923077, 59.88023952095808, 15.517241379310345, 78.72340425531915, 56.09756097560976, 21.875, 62.8099173553719, 65.64885496183206, 69.96197718631178, 28.37837837837838, 66.66666666666666, 62.5, 100.0, 44.61538461538462, 37.2093023255814, 23.91304347826087, 29.166666666666668, 48.80952380952381, 23.364485981308412, 24.59016393442623, 50.0, 81.81818181818183, 79.48717948717949, 72.56637168141593, 28.57142857142857, 19.0, 24.137931034482758, 36.904761904761905, 36.52694610778443, 36.11111111111111, 53.84615384615385, 76.59574468085107, 79.66101694915254, 49.45054945054945, 24.615384615384617, 49.327354260089685, 17.105263157894736, 54.400000000000006, 63.24324324324324, 20.833333333333336, 51.26050420168067, 15.789473684210526, 43.24324324324324, 14.285714285714285, 13.953488372093023, 60.215053763440864, 28.57142857142857, 14.583333333333334, 85.41666666666666, 22.916666666666664, 21.052631578947366, 34.146341463414636, 23.684210526315788, 31.372549019607842]
RMSE: 53.862288791381246 [625, 10201, 3364, 2916, 256, 361, 49, 1764, 361, 676, 2704, 64, 121, 289, 169, 121, 33856, 841, 8836, 676, 1681, 1369, 6561, 576, 2304, 36, 6400, 625, 7744, 12544, 2401, 2401, 1024, 324, 21316, 529, 64, 144, 576, 81, 1, 4761, 484, 441, 49, 1089, 484, 100, 841, 5041, 25, 3249, 225, 81, 625, 1, 400, 324, 81, 529, 14884, 196, 5776, 484, 4096, 81, 625, 17161, 6561, 169, 12544, 2025, 1369, 16, 64, 64, 144, 10000, 81, 1369, 529, 49, 5776, 7396, 33856, 441, 8464, 3600, 324, 841, 256, 121, 441, 1681, 625, 225, 64, 6561, 3844, 6724, 256, 361, 49, 3844, 3721, 169, 196, 1296, 8836, 2025, 256, 12100, 169, 4624, 13689, 100, 3721, 81, 256, 49, 36, 3136, 100, 49, 1681, 121, 144, 196, 324, 256]

pred: 6010 [21, 139, 35, 82, 57, 19, 39, 60, 35, 58, 82, 21, 19, 37, 43, 15, 84, 50, 79, 32, 55, 44, 45, 25, 47, 20, 43, 18, 80, 90, 65, 47, 61, 43, 88, 41, 60, 18, 34, 38, 39, 58, 59, 28, 25, 36, 24, 48, 54, 51, 39, 45, 56, 14, 24, 18, 78, 58, 46, 74, 158, 36, 72, 73, 60, 22, 50, 81, 39, 35, 91, 65, 40, 26, 31, 18, 27, 67, 49, 10, 18, 25, 45, 45, 79, 53, 46, 36, 0, 36, 27, 35, 51, 43, 82, 46, 8, 18, 16, 31, 40, 81, 22, 106, 106, 23, 12, 11, 24, 46, 49, 113, 63, 57, 68, 38, 58, 48, 21, 42, 37, 37, 25, 41, 7, 37, 45, 27, 58, 35]
real: 11073 [46, 240, 93, 136, 73, 38, 46, 102, 54, 84, 134, 29, 30, 54, 56, 26, 268, 79, 173, 58, 96, 81, 126, 49, 95, 26, 123, 43, 168, 202, 114, 96, 93, 61, 234, 64, 68, 30, 58, 47, 40, 127, 81, 49, 32, 69, 46, 58, 83, 122, 44, 102, 71, 23, 49, 19, 98, 76, 55, 97, 280, 50, 148, 95, 124, 31, 75, 212, 120, 48, 203, 110, 77, 30, 39, 26, 39, 167, 58, 47, 41, 32, 121, 131, 263, 74, 138, 96, 18, 65, 43, 46, 72, 84, 107, 61, 16, 99, 78, 113, 56, 100, 29, 168, 167, 36, 26, 47, 118, 91, 65, 223, 76, 125, 185, 48, 119, 57, 37, 49, 43, 93, 35, 48, 48, 48, 57, 41, 76, 51]

grid_scale: 0.5
resize_scale: 0.5
confiance: 0.45

random_seed: 1011
data_augmentation: True
samples: 130
