MAE: 32.53846153846154 [48, 29, 37, 61, 51, 21, 30, 45, 17, 18, 23, 18, 61, 48, 21, 28, 14, 122, 65, 83, 6, 11, 26, 12, 36, 49, 24, 10, 13, 10, 17, 22, 21, 86, 53, 11, 13, 61, 7, 40, 26, 13, 41, 25, 25, 72, 41, 14, 18, 14, 35, 103, 55, 91, 18, 29, 52, 1, 44, 13, 57, 55, 20, 11, 52, 18, 22, 33, 22, 13, 42, 15, 10, 22, 19, 19, 75, 39, 18, 58, 19, 8, 17, 36, 47, 27, 20, 15, 49, 28, 27, 21, 7, 33, 72, 26, 30, 26, 85, 82, 21, 11, 34, 17, 22, 12, 3, 14, 69, 67, 10, 35, 26, 50, 18, 17, 14, 95, 18, 64, 15, 6, 25, 21, 26, 12, 26, 57, 14, 18]
MAPE: 38.32943461714054 [52.74725274725275, 35.80246913580247, 33.63636363636363, 48.8, 34.45945945945946, 45.65217391304348, 31.25, 37.81512605042017, 30.357142857142854, 100.0, 58.97435897435898, 33.33333333333333, 53.98230088495575, 50.0, 44.680851063829785, 36.36363636363637, 24.561403508771928, 45.52238805970149, 38.69047619047619, 39.15094339622642, 15.384615384615385, 42.30769230769231, 36.61971830985916, 37.5, 72.0, 37.404580152671755, 28.57142857142857, 23.25581395348837, 30.23255813953488, 38.46153846153847, 45.94594594594595, 37.93103448275862, 43.75, 46.48648648648649, 42.74193548387097, 22.448979591836736, 23.636363636363637, 50.0, 19.444444444444446, 35.08771929824561, 27.956989247311824, 44.827586206896555, 44.086021505376344, 53.191489361702125, 34.24657534246575, 60.0, 32.53968253968254, 43.75, 39.130434782608695, 34.146341463414636, 43.20987654320987, 39.163498098859314, 39.85507246376812, 40.80717488789238, 31.03448275862069, 59.183673469387756, 44.06779661016949, 6.25, 67.6923076923077, 28.26086956521739, 44.881889763779526, 32.73809523809524, 57.14285714285714, 19.298245614035086, 42.97520661157025, 33.33333333333333, 53.65853658536586, 47.82608695652174, 34.375, 27.083333333333332, 25.149700598802394, 15.306122448979592, 43.47826086956522, 44.89795918367347, 63.33333333333333, 63.33333333333333, 44.91017964071856, 50.0, 27.692307692307693, 58.58585858585859, 26.38888888888889, 25.806451612903224, 30.357142857142854, 36.0, 35.07462686567165, 32.142857142857146, 24.096385542168676, 25.862068965517242, 48.03921568627451, 37.83783783783784, 44.26229508196721, 21.649484536082475, 26.923076923076923, 34.375, 35.467980295566505, 55.319148936170215, 37.9746835443038, 54.166666666666664, 42.07920792079208, 29.28571428571429, 22.105263157894736, 22.916666666666664, 35.78947368421053, 22.36842105263158, 36.0655737704918, 27.906976744186046, 15.789473684210526, 28.57142857142857, 29.48717948717949, 72.04301075268818, 38.46153846153847, 46.666666666666664, 34.21052631578947, 36.76470588235294, 31.03448275862069, 44.73684210526316, 48.275862068965516, 39.58333333333333, 39.130434782608695, 36.99421965317919, 50.0, 12.5, 32.89473684210527, 20.588235294117645, 38.23529411764706, 27.27272727272727, 24.299065420560748, 46.34146341463415, 35.0, 35.294117647058826]
RMSE: 40.03344755422549 [2304, 841, 1369, 3721, 2601, 441, 900, 2025, 289, 324, 529, 324, 3721, 2304, 441, 784, 196, 14884, 4225, 6889, 36, 121, 676, 144, 1296, 2401, 576, 100, 169, 100, 289, 484, 441, 7396, 2809, 121, 169, 3721, 49, 1600, 676, 169, 1681, 625, 625, 5184, 1681, 196, 324, 196, 1225, 10609, 3025, 8281, 324, 841, 2704, 1, 1936, 169, 3249, 3025, 400, 121, 2704, 324, 484, 1089, 484, 169, 1764, 225, 100, 484, 361, 361, 5625, 1521, 324, 3364, 361, 64, 289, 1296, 2209, 729, 400, 225, 2401, 784, 729, 441, 49, 1089, 5184, 676, 900, 676, 7225, 6724, 441, 121, 1156, 289, 484, 144, 9, 196, 4761, 4489, 100, 1225, 676, 2500, 324, 289, 196, 9025, 324, 4096, 225, 36, 625, 441, 676, 144, 676, 3249, 196, 324]

pred: 6843 [43, 52, 73, 64, 97, 25, 66, 74, 39, 0, 16, 36, 52, 48, 26, 49, 43, 146, 103, 129, 33, 15, 45, 20, 14, 82, 60, 33, 30, 16, 20, 36, 27, 99, 71, 38, 42, 61, 29, 74, 67, 16, 52, 22, 48, 48, 85, 18, 28, 27, 46, 160, 83, 132, 40, 20, 66, 15, 21, 33, 70, 113, 15, 46, 69, 36, 19, 36, 42, 35, 125, 83, 13, 27, 11, 11, 92, 39, 47, 41, 53, 23, 39, 64, 87, 57, 63, 43, 53, 46, 34, 76, 19, 63, 131, 21, 49, 22, 117, 198, 74, 37, 61, 59, 39, 31, 16, 35, 165, 26, 16, 40, 50, 86, 40, 21, 15, 145, 28, 109, 15, 42, 51, 81, 42, 32, 81, 66, 26, 33]
real: 11073 [91, 81, 110, 125, 148, 46, 96, 119, 56, 18, 39, 54, 113, 96, 47, 77, 57, 268, 168, 212, 39, 26, 71, 32, 50, 131, 84, 43, 43, 26, 37, 58, 48, 185, 124, 49, 55, 122, 36, 114, 93, 29, 93, 47, 73, 120, 126, 32, 46, 41, 81, 263, 138, 223, 58, 49, 118, 16, 65, 46, 127, 168, 35, 57, 121, 54, 41, 69, 64, 48, 167, 98, 23, 49, 30, 30, 167, 78, 65, 99, 72, 31, 56, 100, 134, 84, 83, 58, 102, 74, 61, 97, 26, 96, 203, 47, 79, 48, 202, 280, 95, 48, 95, 76, 61, 43, 19, 49, 234, 93, 26, 75, 76, 136, 58, 38, 29, 240, 46, 173, 30, 48, 76, 102, 68, 44, 107, 123, 40, 51]

grid_scale: 0.3
resize_scale: 0.5
confiance: 0.55

random_seed: 1011
data_augmentation: True
samples: 130
