MAE: 36.88461538461539 [22, 147, 24, 76, 38, 9, 13, 46, 12, 26, 81, 22, 19, 21, 28, 17, 90, 56, 35, 12, 34, 33, 64, 23, 26, 10, 35, 18, 48, 88, 51, 25, 32, 21, 125, 36, 54, 13, 39, 11, 22, 41, 140, 30, 5, 29, 3, 40, 24, 45, 18, 46, 27, 7, 48, 4, 33, 7, 30, 70, 136, 3, 34, 39, 70, 20, 39, 171, 50, 25, 87, 37, 12, 49, 27, 26, 9, 36, 18, 11, 49, 15, 29, 55, 97, 15, 24, 33, 3, 16, 14, 25, 34, 44, 31, 32, 10, 22, 35, 77, 24, 70, 18, 38, 47, 0, 13, 15, 88, 20, 27, 119, 36, 73, 79, 13, 79, 28, 9, 22, 13, 29, 14, 14, 3, 14, 19, 21, 27, 15]
MAPE: 43.948413553070125 [47.82608695652174, 61.25000000000001, 25.806451612903224, 55.88235294117647, 52.054794520547944, 23.684210526315788, 28.26086956521739, 45.09803921568628, 22.22222222222222, 30.952380952380953, 60.447761194029844, 75.86206896551724, 63.33333333333333, 38.88888888888889, 50.0, 65.38461538461539, 33.582089552238806, 70.88607594936708, 20.23121387283237, 20.689655172413794, 35.41666666666667, 40.74074074074074, 50.79365079365079, 46.93877551020408, 27.368421052631582, 38.46153846153847, 28.455284552845526, 41.86046511627907, 28.57142857142857, 43.56435643564357, 44.73684210526316, 26.041666666666668, 34.40860215053764, 34.42622950819672, 53.41880341880342, 56.25, 79.41176470588235, 43.333333333333336, 67.24137931034483, 23.404255319148938, 55.00000000000001, 32.28346456692913, 172.8395061728395, 61.224489795918366, 15.625, 42.028985507246375, 6.521739130434782, 68.96551724137932, 28.915662650602407, 36.885245901639344, 40.909090909090914, 45.09803921568628, 38.028169014084504, 30.434782608695656, 97.95918367346938, 21.052631578947366, 33.6734693877551, 9.210526315789473, 54.54545454545454, 72.16494845360825, 48.57142857142857, 6.0, 22.972972972972975, 41.05263157894737, 56.451612903225815, 64.51612903225806, 52.0, 80.66037735849056, 41.66666666666667, 52.083333333333336, 42.857142857142854, 33.63636363636363, 15.584415584415584, 163.33333333333334, 69.23076923076923, 100.0, 23.076923076923077, 21.55688622754491, 31.03448275862069, 23.404255319148938, 119.51219512195121, 46.875, 23.96694214876033, 41.98473282442748, 36.88212927756654, 20.27027027027027, 17.391304347826086, 34.375, 16.666666666666664, 24.615384615384617, 32.55813953488372, 54.347826086956516, 47.22222222222222, 52.38095238095239, 28.971962616822427, 52.459016393442624, 62.5, 22.22222222222222, 44.871794871794876, 68.14159292035397, 42.857142857142854, 70.0, 62.06896551724138, 22.61904761904762, 28.143712574850298, 0.0, 50.0, 31.914893617021278, 74.57627118644068, 21.978021978021978, 41.53846153846154, 53.36322869955157, 47.368421052631575, 58.4, 42.7027027027027, 27.083333333333332, 66.38655462184873, 49.122807017543856, 24.324324324324326, 44.89795918367347, 30.23255813953488, 31.182795698924732, 40.0, 29.166666666666668, 6.25, 29.166666666666668, 33.33333333333333, 51.21951219512195, 35.526315789473685, 29.411764705882355]
RMSE: 48.360743774900094 [484, 21609, 576, 5776, 1444, 81, 169, 2116, 144, 676, 6561, 484, 361, 441, 784, 289, 8100, 3136, 1225, 144, 1156, 1089, 4096, 529, 676, 100, 1225, 324, 2304, 7744, 2601, 625, 1024, 441, 15625, 1296, 2916, 169, 1521, 121, 484, 1681, 19600, 900, 25, 841, 9, 1600, 576, 2025, 324, 2116, 729, 49, 2304, 16, 1089, 49, 900, 4900, 18496, 9, 1156, 1521, 4900, 400, 1521, 29241, 2500, 625, 7569, 1369, 144, 2401, 729, 676, 81, 1296, 324, 121, 2401, 225, 841, 3025, 9409, 225, 576, 1089, 9, 256, 196, 625, 1156, 1936, 961, 1024, 100, 484, 1225, 5929, 576, 4900, 324, 1444, 2209, 0, 169, 225, 7744, 400, 729, 14161, 1296, 5329, 6241, 169, 6241, 784, 81, 484, 169, 841, 196, 196, 9, 196, 361, 441, 729, 225]

pred: 15856 [68, 387, 117, 212, 111, 47, 59, 148, 66, 110, 215, 51, 49, 75, 84, 43, 358, 135, 208, 70, 130, 114, 190, 72, 121, 36, 158, 61, 216, 290, 165, 121, 125, 82, 359, 100, 122, 43, 97, 58, 62, 168, 221, 79, 37, 98, 49, 98, 107, 167, 62, 148, 98, 30, 97, 23, 131, 83, 85, 167, 416, 47, 182, 134, 194, 51, 114, 383, 170, 73, 290, 147, 89, 79, 66, 52, 48, 203, 76, 58, 90, 47, 150, 186, 360, 89, 162, 129, 15, 81, 57, 71, 106, 128, 138, 93, 26, 121, 113, 190, 80, 170, 47, 206, 214, 36, 39, 62, 206, 111, 92, 342, 112, 198, 264, 61, 198, 85, 46, 71, 56, 122, 49, 62, 51, 62, 76, 62, 103, 66]
real: 11073 [46, 240, 93, 136, 73, 38, 46, 102, 54, 84, 134, 29, 30, 54, 56, 26, 268, 79, 173, 58, 96, 81, 126, 49, 95, 26, 123, 43, 168, 202, 114, 96, 93, 61, 234, 64, 68, 30, 58, 47, 40, 127, 81, 49, 32, 69, 46, 58, 83, 122, 44, 102, 71, 23, 49, 19, 98, 76, 55, 97, 280, 50, 148, 95, 124, 31, 75, 212, 120, 48, 203, 110, 77, 30, 39, 26, 39, 167, 58, 47, 41, 32, 121, 131, 263, 74, 138, 96, 18, 65, 43, 46, 72, 84, 107, 61, 16, 99, 78, 113, 56, 100, 29, 168, 167, 36, 26, 47, 118, 91, 65, 223, 76, 125, 185, 48, 119, 57, 37, 49, 43, 93, 35, 48, 48, 48, 57, 41, 76, 51]

grid_scale: 0.3
resize_scale: 0.5
confiance: 0.15

random_seed: 1011
data_augmentation: True
samples: 130
