MAE: 45.707692307692305 [26, 106, 79, 70, 24, 20, 17, 47, 14, 39, 63, 7, 10, 29, 14, 9, 187, 48, 102, 23, 61, 42, 91, 22, 57, 11, 84, 24, 109, 128, 73, 54, 59, 33, 144, 33, 15, 15, 20, 17, 3, 79, 20, 27, 10, 32, 30, 10, 35, 72, 3, 59, 25, 10, 33, 1, 28, 20, 23, 35, 170, 19, 80, 37, 76, 13, 37, 129, 93, 17, 144, 55, 32, 8, 12, 11, 10, 103, 16, 47, 29, 7, 81, 86, 189, 23, 94, 70, 18, 37, 15, 16, 32, 52, 32, 16, 6, 84, 53, 75, 16, 40, 8, 76, 76, 15, 18, 44, 99, 67, 20, 134, 26, 77, 146, 15, 65, 13, 13, 14, 10, 55, 17, 13, 41, 14, 24, 26, 36, 19]
MAPE: 48.65448932059833 [56.52173913043478, 44.166666666666664, 84.94623655913979, 51.470588235294116, 32.87671232876712, 52.63157894736842, 36.95652173913043, 46.07843137254902, 25.925925925925924, 46.42857142857143, 47.01492537313433, 24.137931034482758, 33.33333333333333, 53.70370370370371, 25.0, 34.61538461538461, 69.77611940298507, 60.75949367088608, 58.95953757225434, 39.6551724137931, 63.541666666666664, 51.85185185185185, 72.22222222222221, 44.89795918367347, 60.0, 42.30769230769231, 68.29268292682927, 55.81395348837209, 64.88095238095238, 63.366336633663366, 64.03508771929825, 56.25, 63.44086021505376, 54.09836065573771, 61.53846153846154, 51.5625, 22.058823529411764, 50.0, 34.48275862068966, 36.17021276595745, 7.5, 62.20472440944882, 24.691358024691358, 55.10204081632652, 31.25, 46.3768115942029, 65.21739130434783, 17.24137931034483, 42.168674698795186, 59.01639344262295, 6.8181818181818175, 57.84313725490197, 35.2112676056338, 43.47826086956522, 67.3469387755102, 5.263157894736842, 28.57142857142857, 26.31578947368421, 41.81818181818181, 36.08247422680412, 60.71428571428571, 38.0, 54.054054054054056, 38.94736842105263, 61.29032258064516, 41.935483870967744, 49.333333333333336, 60.84905660377359, 77.5, 35.41666666666667, 70.93596059113301, 50.0, 41.55844155844156, 26.666666666666668, 30.76923076923077, 42.30769230769231, 25.64102564102564, 61.67664670658682, 27.586206896551722, 100.0, 70.73170731707317, 21.875, 66.94214876033058, 65.64885496183206, 71.86311787072243, 31.08108108108108, 68.11594202898551, 72.91666666666666, 100.0, 56.92307692307692, 34.883720930232556, 34.78260869565217, 44.44444444444444, 61.904761904761905, 29.906542056074763, 26.229508196721312, 37.5, 84.84848484848484, 67.94871794871796, 66.3716814159292, 28.57142857142857, 40.0, 27.586206896551722, 45.23809523809524, 45.50898203592814, 41.66666666666667, 69.23076923076923, 93.61702127659575, 83.89830508474576, 73.62637362637363, 30.76923076923077, 60.0896860986547, 34.21052631578947, 61.6, 78.91891891891892, 31.25, 54.621848739495796, 22.807017543859647, 35.13513513513514, 28.57142857142857, 23.25581395348837, 59.13978494623656, 48.57142857142857, 27.083333333333332, 85.41666666666666, 29.166666666666668, 42.10526315789473, 63.41463414634146, 47.368421052631575, 37.254901960784316]
RMSE: 60.812827594184434 [676, 11236, 6241, 4900, 576, 400, 289, 2209, 196, 1521, 3969, 49, 100, 841, 196, 81, 34969, 2304, 10404, 529, 3721, 1764, 8281, 484, 3249, 121, 7056, 576, 11881, 16384, 5329, 2916, 3481, 1089, 20736, 1089, 225, 225, 400, 289, 9, 6241, 400, 729, 100, 1024, 900, 100, 1225, 5184, 9, 3481, 625, 100, 1089, 1, 784, 400, 529, 1225, 28900, 361, 6400, 1369, 5776, 169, 1369, 16641, 8649, 289, 20736, 3025, 1024, 64, 144, 121, 100, 10609, 256, 2209, 841, 49, 6561, 7396, 35721, 529, 8836, 4900, 324, 1369, 225, 256, 1024, 2704, 1024, 256, 36, 7056, 2809, 5625, 256, 1600, 64, 5776, 5776, 225, 324, 1936, 9801, 4489, 400, 17956, 676, 5929, 21316, 225, 4225, 169, 169, 196, 100, 3025, 289, 169, 1681, 196, 576, 676, 1296, 361]

pred: 5131 [20, 134, 14, 66, 49, 18, 29, 55, 40, 45, 71, 22, 20, 25, 42, 17, 81, 31, 71, 35, 35, 39, 35, 27, 38, 15, 39, 19, 59, 74, 41, 42, 34, 28, 90, 31, 53, 15, 38, 30, 37, 48, 61, 22, 22, 37, 16, 48, 48, 50, 41, 43, 46, 13, 16, 18, 70, 56, 32, 62, 110, 31, 68, 58, 48, 18, 38, 83, 27, 31, 59, 55, 45, 22, 27, 15, 29, 64, 42, 0, 12, 25, 40, 45, 74, 51, 44, 26, 0, 28, 28, 30, 40, 32, 75, 45, 10, 15, 25, 38, 40, 60, 21, 92, 91, 21, 8, 3, 19, 24, 45, 89, 50, 48, 39, 33, 54, 44, 24, 35, 33, 38, 18, 35, 7, 34, 33, 15, 40, 32]
real: 11073 [46, 240, 93, 136, 73, 38, 46, 102, 54, 84, 134, 29, 30, 54, 56, 26, 268, 79, 173, 58, 96, 81, 126, 49, 95, 26, 123, 43, 168, 202, 114, 96, 93, 61, 234, 64, 68, 30, 58, 47, 40, 127, 81, 49, 32, 69, 46, 58, 83, 122, 44, 102, 71, 23, 49, 19, 98, 76, 55, 97, 280, 50, 148, 95, 124, 31, 75, 212, 120, 48, 203, 110, 77, 30, 39, 26, 39, 167, 58, 47, 41, 32, 121, 131, 263, 74, 138, 96, 18, 65, 43, 46, 72, 84, 107, 61, 16, 99, 78, 113, 56, 100, 29, 168, 167, 36, 26, 47, 118, 91, 65, 223, 76, 125, 185, 48, 119, 57, 37, 49, 43, 93, 35, 48, 48, 48, 57, 41, 76, 51]

grid_scale: 0.5
resize_scale: 0.5
confiance: 0.5

random_seed: 1011
data_augmentation: True
samples: 130
