MAE: 11.784615384615385 [10, 5, 1, 32, 18, 0, 15, 16, 2, 16, 39, 2, 2, 9, 14, 14, 38, 24, 18, 3, 1, 11, 1, 8, 5, 6, 1, 3, 21, 8, 2, 5, 1, 4, 14, 15, 23, 4, 3, 2, 30, 9, 35, 20, 2, 7, 4, 8, 16, 17, 31, 4, 4, 1, 2, 10, 19, 8, 3, 39, 13, 8, 17, 29, 27, 12, 10, 27, 10, 14, 12, 2, 7, 19, 11, 6, 6, 22, 22, 26, 7, 1, 1, 6, 39, 6, 7, 5, 18, 10, 0, 5, 15, 5, 18, 7, 5, 26, 6, 5, 0, 36, 12, 28, 18, 5, 1, 23, 1, 5, 23, 7, 18, 13, 27, 8, 23, 11, 1, 14, 0, 13, 3, 4, 29, 5, 3, 10, 14, 0]
MAPE: 17.179805374180027 [21.73913043478261, 2.083333333333333, 1.0752688172043012, 23.52941176470588, 24.65753424657534, 0.0, 32.608695652173914, 15.686274509803921, 3.7037037037037033, 19.047619047619047, 29.1044776119403, 6.896551724137931, 6.666666666666667, 16.666666666666664, 25.0, 53.84615384615385, 14.17910447761194, 30.37974683544304, 10.404624277456648, 5.172413793103448, 1.0416666666666665, 13.580246913580247, 0.7936507936507936, 16.3265306122449, 5.263157894736842, 23.076923076923077, 0.8130081300813009, 6.976744186046512, 12.5, 3.9603960396039604, 1.7543859649122806, 5.208333333333334, 1.0752688172043012, 6.557377049180328, 5.982905982905983, 23.4375, 33.82352941176471, 13.333333333333334, 5.172413793103448, 4.25531914893617, 75.0, 7.086614173228346, 43.20987654320987, 40.816326530612244, 6.25, 10.144927536231885, 8.695652173913043, 13.793103448275861, 19.27710843373494, 13.934426229508196, 70.45454545454545, 3.9215686274509802, 5.633802816901409, 4.3478260869565215, 4.081632653061225, 52.63157894736842, 19.387755102040817, 10.526315789473683, 5.454545454545454, 40.20618556701031, 4.642857142857143, 16.0, 11.486486486486488, 30.526315789473685, 21.774193548387096, 38.70967741935484, 13.333333333333334, 12.735849056603774, 8.333333333333332, 29.166666666666668, 5.911330049261084, 1.8181818181818181, 9.090909090909092, 63.33333333333333, 28.205128205128204, 23.076923076923077, 15.384615384615385, 13.17365269461078, 37.93103448275862, 55.319148936170215, 17.073170731707318, 3.125, 0.8264462809917356, 4.580152671755725, 14.82889733840304, 8.108108108108109, 5.072463768115942, 5.208333333333334, 100.0, 15.384615384615385, 0.0, 10.869565217391305, 20.833333333333336, 5.952380952380952, 16.822429906542055, 11.475409836065573, 31.25, 26.262626262626267, 7.6923076923076925, 4.424778761061947, 0.0, 36.0, 41.37931034482759, 16.666666666666664, 10.778443113772456, 13.88888888888889, 3.8461538461538463, 48.93617021276596, 0.847457627118644, 5.4945054945054945, 35.38461538461539, 3.1390134529147984, 23.684210526315788, 10.4, 14.594594594594595, 16.666666666666664, 19.327731092436977, 19.298245614035086, 2.7027027027027026, 28.57142857142857, 0.0, 13.978494623655912, 8.571428571428571, 8.333333333333332, 60.416666666666664, 10.416666666666668, 5.263157894736842, 24.390243902439025, 18.421052631578945, 0.0]
RMSE: 15.49391940283473 [100, 25, 1, 1024, 324, 0, 225, 256, 4, 256, 1521, 4, 4, 81, 196, 196, 1444, 576, 324, 9, 1, 121, 1, 64, 25, 36, 1, 9, 441, 64, 4, 25, 1, 16, 196, 225, 529, 16, 9, 4, 900, 81, 1225, 400, 4, 49, 16, 64, 256, 289, 961, 16, 16, 1, 4, 100, 361, 64, 9, 1521, 169, 64, 289, 841, 729, 144, 100, 729, 100, 196, 144, 4, 49, 361, 121, 36, 36, 484, 484, 676, 49, 1, 1, 36, 1521, 36, 49, 25, 324, 100, 0, 25, 225, 25, 324, 49, 25, 676, 36, 25, 0, 1296, 144, 784, 324, 25, 1, 529, 1, 25, 529, 49, 324, 169, 729, 64, 529, 121, 1, 196, 0, 169, 9, 16, 841, 25, 9, 100, 196, 0]

pred: 11741 [56, 245, 94, 168, 91, 38, 61, 118, 52, 100, 173, 31, 32, 63, 70, 40, 230, 103, 155, 55, 95, 92, 127, 57, 100, 32, 122, 40, 147, 194, 112, 101, 92, 65, 220, 79, 91, 34, 61, 45, 70, 136, 116, 69, 30, 76, 50, 66, 99, 139, 75, 98, 75, 22, 47, 29, 117, 84, 52, 136, 267, 58, 131, 124, 151, 43, 85, 239, 110, 62, 215, 112, 84, 49, 50, 32, 45, 145, 80, 21, 48, 33, 120, 125, 224, 80, 131, 101, 0, 55, 43, 51, 87, 79, 125, 68, 11, 73, 84, 118, 56, 136, 41, 196, 185, 41, 25, 24, 117, 96, 88, 216, 94, 138, 158, 56, 142, 68, 38, 63, 43, 80, 38, 52, 19, 53, 60, 51, 90, 51]
real: 11073 [46, 240, 93, 136, 73, 38, 46, 102, 54, 84, 134, 29, 30, 54, 56, 26, 268, 79, 173, 58, 96, 81, 126, 49, 95, 26, 123, 43, 168, 202, 114, 96, 93, 61, 234, 64, 68, 30, 58, 47, 40, 127, 81, 49, 32, 69, 46, 58, 83, 122, 44, 102, 71, 23, 49, 19, 98, 76, 55, 97, 280, 50, 148, 95, 124, 31, 75, 212, 120, 48, 203, 110, 77, 30, 39, 26, 39, 167, 58, 47, 41, 32, 121, 131, 263, 74, 138, 96, 18, 65, 43, 46, 72, 84, 107, 61, 16, 99, 78, 113, 56, 100, 29, 168, 167, 36, 26, 47, 118, 91, 65, 223, 76, 125, 185, 48, 119, 57, 37, 49, 43, 93, 35, 48, 48, 48, 57, 41, 76, 51]

grid_scale: 0.5
resize_scale: 0.5
confiance: 0.2

random_seed: 1011
data_augmentation: True
samples: 130
