MAE: 32.33076923076923 [17, 95, 54, 30, 8, 18, 11, 29, 7, 20, 34, 4, 3, 10, 13, 4, 157, 26, 83, 22, 37, 37, 58, 15, 21, 6, 65, 12, 80, 91, 52, 55, 31, 18, 105, 16, 10, 12, 16, 15, 4, 55, 9, 11, 2, 17, 22, 14, 29, 58, 6, 37, 26, 9, 15, 3, 11, 15, 17, 13, 114, 9, 65, 24, 41, 2, 33, 108, 56, 13, 102, 27, 17, 7, 8, 16, 9, 77, 8, 35, 19, 3, 77, 64, 144, 12, 67, 56, 18, 19, 8, 6, 17, 33, 27, 11, 8, 74, 45, 44, 18, 23, 5, 54, 54, 6, 12, 34, 76, 38, 9, 116, 13, 57, 122, 1, 43, 9, 10, 9, 9, 50, 16, 8, 40, 13, 22, 13, 15, 15]
MAPE: 33.89197892412979 [36.95652173913043, 39.58333333333333, 58.06451612903226, 22.058823529411764, 10.95890410958904, 47.368421052631575, 23.91304347826087, 28.431372549019606, 12.962962962962962, 23.809523809523807, 25.37313432835821, 13.793103448275861, 10.0, 18.51851851851852, 23.214285714285715, 15.384615384615385, 58.582089552238806, 32.91139240506329, 47.97687861271676, 37.93103448275862, 38.54166666666667, 45.67901234567901, 46.03174603174603, 30.612244897959183, 22.105263157894736, 23.076923076923077, 52.84552845528455, 27.906976744186046, 47.61904761904761, 45.04950495049505, 45.614035087719294, 57.291666666666664, 33.33333333333333, 29.508196721311474, 44.871794871794876, 25.0, 14.705882352941178, 40.0, 27.586206896551722, 31.914893617021278, 10.0, 43.30708661417323, 11.11111111111111, 22.448979591836736, 6.25, 24.637681159420293, 47.82608695652174, 24.137931034482758, 34.93975903614458, 47.540983606557376, 13.636363636363635, 36.27450980392157, 36.61971830985916, 39.130434782608695, 30.612244897959183, 15.789473684210526, 11.224489795918368, 19.736842105263158, 30.909090909090907, 13.402061855670103, 40.714285714285715, 18.0, 43.91891891891892, 25.263157894736842, 33.064516129032256, 6.451612903225806, 44.0, 50.943396226415096, 46.666666666666664, 27.083333333333332, 50.24630541871922, 24.545454545454547, 22.07792207792208, 23.333333333333332, 20.51282051282051, 61.53846153846154, 23.076923076923077, 46.10778443113773, 13.793103448275861, 74.46808510638297, 46.34146341463415, 9.375, 63.63636363636363, 48.854961832061065, 54.752851711026615, 16.216216216216218, 48.55072463768116, 58.333333333333336, 100.0, 29.230769230769234, 18.6046511627907, 13.043478260869565, 23.61111111111111, 39.285714285714285, 25.233644859813083, 18.0327868852459, 50.0, 74.74747474747475, 57.692307692307686, 38.93805309734513, 32.142857142857146, 23.0, 17.24137931034483, 32.142857142857146, 32.33532934131736, 16.666666666666664, 46.15384615384615, 72.3404255319149, 64.40677966101694, 41.75824175824176, 13.846153846153847, 52.01793721973094, 17.105263157894736, 45.6, 65.94594594594595, 2.083333333333333, 36.134453781512605, 15.789473684210526, 27.027027027027028, 18.367346938775512, 20.930232558139537, 53.76344086021505, 45.714285714285715, 16.666666666666664, 83.33333333333334, 27.083333333333332, 38.59649122807017, 31.70731707317073, 19.736842105263158, 29.411764705882355]
RMSE: 45.29416671561073 [289, 9025, 2916, 900, 64, 324, 121, 841, 49, 400, 1156, 16, 9, 100, 169, 16, 24649, 676, 6889, 484, 1369, 1369, 3364, 225, 441, 36, 4225, 144, 6400, 8281, 2704, 3025, 961, 324, 11025, 256, 100, 144, 256, 225, 16, 3025, 81, 121, 4, 289, 484, 196, 841, 3364, 36, 1369, 676, 81, 225, 9, 121, 225, 289, 169, 12996, 81, 4225, 576, 1681, 4, 1089, 11664, 3136, 169, 10404, 729, 289, 49, 64, 256, 81, 5929, 64, 1225, 361, 9, 5929, 4096, 20736, 144, 4489, 3136, 324, 361, 64, 36, 289, 1089, 729, 121, 64, 5476, 2025, 1936, 324, 529, 25, 2916, 2916, 36, 144, 1156, 5776, 1444, 81, 13456, 169, 3249, 14884, 1, 1849, 81, 100, 81, 81, 2500, 256, 64, 1600, 169, 484, 169, 225, 225]

pred: 6876 [29, 145, 39, 106, 65, 20, 35, 73, 47, 64, 100, 25, 27, 44, 43, 22, 111, 53, 90, 36, 59, 44, 68, 34, 74, 20, 58, 31, 88, 111, 62, 41, 62, 43, 129, 48, 58, 18, 42, 32, 36, 72, 72, 38, 30, 52, 24, 44, 54, 64, 38, 65, 45, 14, 34, 22, 87, 61, 38, 84, 166, 41, 83, 71, 83, 29, 42, 104, 64, 35, 101, 83, 60, 23, 31, 10, 30, 90, 50, 12, 22, 29, 44, 67, 119, 62, 71, 40, 0, 46, 35, 40, 55, 51, 80, 50, 8, 25, 33, 69, 38, 77, 24, 114, 113, 30, 14, 13, 42, 53, 56, 107, 63, 68, 63, 47, 76, 48, 27, 40, 34, 43, 19, 40, 8, 35, 35, 28, 61, 36]
real: 11073 [46, 240, 93, 136, 73, 38, 46, 102, 54, 84, 134, 29, 30, 54, 56, 26, 268, 79, 173, 58, 96, 81, 126, 49, 95, 26, 123, 43, 168, 202, 114, 96, 93, 61, 234, 64, 68, 30, 58, 47, 40, 127, 81, 49, 32, 69, 46, 58, 83, 122, 44, 102, 71, 23, 49, 19, 98, 76, 55, 97, 280, 50, 148, 95, 124, 31, 75, 212, 120, 48, 203, 110, 77, 30, 39, 26, 39, 167, 58, 47, 41, 32, 121, 131, 263, 74, 138, 96, 18, 65, 43, 46, 72, 84, 107, 61, 16, 99, 78, 113, 56, 100, 29, 168, 167, 36, 26, 47, 118, 91, 65, 223, 76, 125, 185, 48, 119, 57, 37, 49, 43, 93, 35, 48, 48, 48, 57, 41, 76, 51]

grid_scale: 0.5
resize_scale: 0.5
confiance: 0.4

random_seed: 1011
data_augmentation: True
samples: 130
