MAE: 12.153846153846153 [4, 26, 49, 7, 12, 3, 5, 12, 2, 10, 13, 4, 0, 3, 2, 7, 81, 4, 37, 6, 21, 17, 30, 8, 6, 7, 23, 4, 32, 50, 4, 7, 11, 4, 62, 10, 16, 2, 12, 10, 5, 20, 18, 2, 4, 3, 12, 3, 10, 1, 9, 5, 7, 0, 6, 12, 3, 2, 4, 15, 36, 3, 32, 8, 1, 10, 8, 17, 45, 13, 40, 12, 0, 2, 3, 1, 2, 27, 5, 14, 2, 2, 20, 16, 47, 3, 26, 29, 18, 2, 0, 8, 5, 5, 2, 1, 8, 64, 11, 20, 6, 1, 5, 5, 1, 1, 7, 28, 27, 26, 6, 24, 5, 5, 37, 2, 1, 3, 2, 0, 2, 9, 2, 1, 26, 3, 0, 3, 9, 1]
MAPE: 14.33598313611881 [8.695652173913043, 10.833333333333334, 52.68817204301075, 5.147058823529411, 16.43835616438356, 7.894736842105263, 10.869565217391305, 11.76470588235294, 3.7037037037037033, 11.904761904761903, 9.701492537313433, 13.793103448275861, 0.0, 5.555555555555555, 3.571428571428571, 26.923076923076923, 30.223880597014922, 5.063291139240507, 21.38728323699422, 10.344827586206897, 21.875, 20.98765432098765, 23.809523809523807, 16.3265306122449, 6.315789473684211, 26.923076923076923, 18.69918699186992, 9.30232558139535, 19.047619047619047, 24.752475247524753, 3.508771929824561, 7.291666666666667, 11.827956989247312, 6.557377049180328, 26.495726495726498, 15.625, 23.52941176470588, 6.666666666666667, 20.689655172413794, 21.27659574468085, 12.5, 15.748031496062993, 22.22222222222222, 4.081632653061225, 12.5, 4.3478260869565215, 26.08695652173913, 5.172413793103448, 12.048192771084338, 0.819672131147541, 20.454545454545457, 4.901960784313726, 9.859154929577464, 0.0, 12.244897959183673, 63.1578947368421, 3.061224489795918, 2.631578947368421, 7.2727272727272725, 15.463917525773196, 12.857142857142856, 6.0, 21.62162162162162, 8.421052631578947, 0.8064516129032258, 32.25806451612903, 10.666666666666668, 8.018867924528301, 37.5, 27.083333333333332, 19.704433497536947, 10.909090909090908, 0.0, 6.666666666666667, 7.6923076923076925, 3.8461538461538463, 5.128205128205128, 16.16766467065868, 8.620689655172415, 29.78723404255319, 4.878048780487805, 6.25, 16.528925619834713, 12.213740458015266, 17.870722433460077, 4.054054054054054, 18.84057971014493, 30.208333333333332, 100.0, 3.076923076923077, 0.0, 17.391304347826086, 6.944444444444445, 5.952380952380952, 1.8691588785046727, 1.639344262295082, 50.0, 64.64646464646465, 14.102564102564102, 17.699115044247787, 10.714285714285714, 1.0, 17.24137931034483, 2.976190476190476, 0.5988023952095809, 2.7777777777777777, 26.923076923076923, 59.57446808510638, 22.88135593220339, 28.57142857142857, 9.230769230769232, 10.762331838565023, 6.578947368421052, 4.0, 20.0, 4.166666666666666, 0.8403361344537815, 5.263157894736842, 5.405405405405405, 0.0, 4.651162790697675, 9.67741935483871, 5.714285714285714, 2.083333333333333, 54.166666666666664, 6.25, 0.0, 7.317073170731707, 11.842105263157894, 1.9607843137254901]
RMSE: 18.900142449605628 [16, 676, 2401, 49, 144, 9, 25, 144, 4, 100, 169, 16, 0, 9, 4, 49, 6561, 16, 1369, 36, 441, 289, 900, 64, 36, 49, 529, 16, 1024, 2500, 16, 49, 121, 16, 3844, 100, 256, 4, 144, 100, 25, 400, 324, 4, 16, 9, 144, 9, 100, 1, 81, 25, 49, 0, 36, 144, 9, 4, 16, 225, 1296, 9, 1024, 64, 1, 100, 64, 289, 2025, 169, 1600, 144, 0, 4, 9, 1, 4, 729, 25, 196, 4, 4, 400, 256, 2209, 9, 676, 841, 324, 4, 0, 64, 25, 25, 4, 1, 64, 4096, 121, 400, 36, 1, 25, 25, 1, 1, 49, 784, 729, 676, 36, 576, 25, 25, 1369, 4, 1, 9, 4, 0, 4, 81, 4, 1, 676, 9, 0, 9, 81, 1]

pred: 9965 [42, 214, 44, 143, 85, 35, 51, 90, 52, 74, 147, 33, 30, 51, 54, 33, 187, 83, 136, 52, 75, 64, 96, 41, 89, 19, 100, 39, 136, 152, 118, 89, 82, 57, 172, 74, 84, 28, 46, 37, 45, 107, 99, 51, 28, 66, 34, 61, 73, 123, 53, 97, 64, 23, 55, 31, 101, 78, 51, 112, 244, 47, 116, 103, 123, 41, 67, 195, 75, 61, 163, 98, 77, 32, 36, 25, 41, 140, 53, 33, 43, 34, 101, 115, 216, 71, 112, 67, 0, 63, 43, 54, 67, 79, 105, 60, 8, 35, 67, 93, 50, 99, 34, 163, 168, 37, 19, 19, 91, 65, 71, 199, 71, 120, 148, 50, 120, 60, 39, 49, 45, 84, 37, 47, 22, 51, 57, 44, 67, 50]
real: 11073 [46, 240, 93, 136, 73, 38, 46, 102, 54, 84, 134, 29, 30, 54, 56, 26, 268, 79, 173, 58, 96, 81, 126, 49, 95, 26, 123, 43, 168, 202, 114, 96, 93, 61, 234, 64, 68, 30, 58, 47, 40, 127, 81, 49, 32, 69, 46, 58, 83, 122, 44, 102, 71, 23, 49, 19, 98, 76, 55, 97, 280, 50, 148, 95, 124, 31, 75, 212, 120, 48, 203, 110, 77, 30, 39, 26, 39, 167, 58, 47, 41, 32, 121, 131, 263, 74, 138, 96, 18, 65, 43, 46, 72, 84, 107, 61, 16, 99, 78, 113, 56, 100, 29, 168, 167, 36, 26, 47, 118, 91, 65, 223, 76, 125, 185, 48, 119, 57, 37, 49, 43, 93, 35, 48, 48, 48, 57, 41, 76, 51]

grid_scale: 0.5
resize_scale: 0.5
confiance: 0.25

random_seed: 1011
data_augmentation: True
samples: 130
