MAE: 18.7 [17, 44, 52, 28, 1, 8, 3, 14, 2, 13, 13, 2, 5, 3, 4, 3, 99, 12, 42, 13, 28, 15, 36, 4, 17, 3, 46, 11, 41, 64, 26, 30, 19, 2, 89, 8, 3, 9, 9, 5, 3, 36, 5, 9, 0, 5, 17, 1, 12, 25, 1, 24, 15, 6, 13, 3, 2, 2, 6, 2, 71, 7, 38, 3, 21, 5, 18, 54, 42, 6, 66, 18, 1, 0, 4, 6, 3, 59, 6, 37, 5, 3, 36, 42, 81, 7, 33, 38, 18, 17, 4, 0, 9, 21, 8, 5, 2, 58, 34, 39, 10, 17, 1, 22, 16, 10, 9, 29, 49, 22, 1, 56, 8, 23, 59, 3, 22, 6, 7, 2, 1, 21, 11, 1, 31, 3, 14, 5, 10, 7]
MAPE: 19.80137379728283 [36.95652173913043, 18.333333333333332, 55.91397849462365, 20.588235294117645, 1.36986301369863, 21.052631578947366, 6.521739130434782, 13.725490196078432, 3.7037037037037033, 15.476190476190476, 9.701492537313433, 6.896551724137931, 16.666666666666664, 5.555555555555555, 7.142857142857142, 11.538461538461538, 36.940298507462686, 15.18987341772152, 24.277456647398843, 22.413793103448278, 29.166666666666668, 18.51851851851852, 28.57142857142857, 8.16326530612245, 17.894736842105264, 11.538461538461538, 37.39837398373984, 25.581395348837212, 24.404761904761905, 31.683168316831683, 22.807017543859647, 31.25, 20.43010752688172, 3.278688524590164, 38.034188034188034, 12.5, 4.411764705882353, 30.0, 15.517241379310345, 10.638297872340425, 7.5, 28.346456692913385, 6.172839506172839, 18.367346938775512, 0.0, 7.246376811594203, 36.95652173913043, 1.7241379310344827, 14.457831325301203, 20.491803278688526, 2.272727272727273, 23.52941176470588, 21.12676056338028, 26.08695652173913, 26.53061224489796, 15.789473684210526, 2.0408163265306123, 2.631578947368421, 10.909090909090908, 2.0618556701030926, 25.357142857142854, 14.000000000000002, 25.675675675675674, 3.1578947368421053, 16.93548387096774, 16.129032258064516, 24.0, 25.471698113207548, 35.0, 12.5, 32.51231527093596, 16.363636363636363, 1.2987012987012987, 0.0, 10.256410256410255, 23.076923076923077, 7.6923076923076925, 35.32934131736527, 10.344827586206897, 78.72340425531915, 12.195121951219512, 9.375, 29.75206611570248, 32.06106870229007, 30.798479087452474, 9.45945945945946, 23.91304347826087, 39.58333333333333, 100.0, 26.153846153846157, 9.30232558139535, 0.0, 12.5, 25.0, 7.476635514018691, 8.19672131147541, 12.5, 58.58585858585859, 43.58974358974359, 34.51327433628318, 17.857142857142858, 17.0, 3.4482758620689653, 13.095238095238097, 9.580838323353294, 27.77777777777778, 34.61538461538461, 61.702127659574465, 41.52542372881356, 24.175824175824175, 1.5384615384615385, 25.112107623318387, 10.526315789473683, 18.4, 31.891891891891895, 6.25, 18.487394957983195, 10.526315789473683, 18.91891891891892, 4.081632653061225, 2.3255813953488373, 22.58064516129032, 31.428571428571427, 2.083333333333333, 64.58333333333334, 6.25, 24.561403508771928, 12.195121951219512, 13.157894736842104, 13.725490196078432]
RMSE: 27.528027675304084 [289, 1936, 2704, 784, 1, 64, 9, 196, 4, 169, 169, 4, 25, 9, 16, 9, 9801, 144, 1764, 169, 784, 225, 1296, 16, 289, 9, 2116, 121, 1681, 4096, 676, 900, 361, 4, 7921, 64, 9, 81, 81, 25, 9, 1296, 25, 81, 0, 25, 289, 1, 144, 625, 1, 576, 225, 36, 169, 9, 4, 4, 36, 4, 5041, 49, 1444, 9, 441, 25, 324, 2916, 1764, 36, 4356, 324, 1, 0, 16, 36, 9, 3481, 36, 1369, 25, 9, 1296, 1764, 6561, 49, 1089, 1444, 324, 289, 16, 0, 81, 441, 64, 25, 4, 3364, 1156, 1521, 100, 289, 1, 484, 256, 100, 81, 841, 2401, 484, 1, 3136, 64, 529, 3481, 9, 484, 36, 49, 4, 1, 441, 121, 1, 961, 9, 196, 25, 100, 49]

pred: 8694 [29, 196, 41, 108, 74, 30, 43, 88, 56, 71, 121, 27, 25, 51, 60, 29, 169, 67, 131, 45, 68, 66, 90, 45, 78, 23, 77, 32, 127, 138, 88, 66, 74, 59, 145, 56, 65, 21, 49, 42, 43, 91, 76, 40, 32, 64, 29, 57, 71, 97, 43, 78, 56, 17, 36, 22, 100, 78, 49, 95, 209, 43, 110, 92, 103, 36, 57, 158, 78, 42, 137, 92, 76, 30, 35, 20, 36, 108, 52, 10, 36, 29, 85, 89, 182, 67, 105, 58, 0, 48, 39, 46, 63, 63, 99, 56, 14, 41, 44, 74, 46, 83, 28, 146, 151, 26, 17, 18, 69, 69, 64, 167, 68, 102, 126, 45, 97, 51, 30, 47, 44, 72, 24, 47, 17, 45, 43, 36, 66, 44]
real: 11073 [46, 240, 93, 136, 73, 38, 46, 102, 54, 84, 134, 29, 30, 54, 56, 26, 268, 79, 173, 58, 96, 81, 126, 49, 95, 26, 123, 43, 168, 202, 114, 96, 93, 61, 234, 64, 68, 30, 58, 47, 40, 127, 81, 49, 32, 69, 46, 58, 83, 122, 44, 102, 71, 23, 49, 19, 98, 76, 55, 97, 280, 50, 148, 95, 124, 31, 75, 212, 120, 48, 203, 110, 77, 30, 39, 26, 39, 167, 58, 47, 41, 32, 121, 131, 263, 74, 138, 96, 18, 65, 43, 46, 72, 84, 107, 61, 16, 99, 78, 113, 56, 100, 29, 168, 167, 36, 26, 47, 118, 91, 65, 223, 76, 125, 185, 48, 119, 57, 37, 49, 43, 93, 35, 48, 48, 48, 57, 41, 76, 51]

grid_scale: 0.5
resize_scale: 0.5
confiance: 0.3

random_seed: 1011
data_augmentation: True
samples: 130
