MAE: 41.63846153846154 [57, 39, 49, 76, 70, 25, 51, 60, 23, 18, 13, 28, 68, 65, 16, 30, 19, 180, 78, 114, 13, 13, 28, 6, 18, 80, 36, 18, 11, 13, 21, 22, 24, 106, 53, 11, 14, 75, 15, 59, 37, 13, 55, 36, 27, 88, 71, 7, 16, 23, 27, 163, 72, 131, 16, 29, 95, 6, 25, 16, 68, 69, 14, 21, 72, 15, 28, 28, 20, 15, 59, 33, 9, 23, 16, 18, 92, 54, 22, 70, 19, 7, 29, 36, 62, 41, 27, 12, 59, 19, 31, 36, 3, 44, 131, 29, 42, 34, 131, 136, 29, 18, 29, 29, 20, 21, 2, 15, 136, 67, 12, 42, 24, 56, 31, 21, 5, 121, 26, 89, 7, 12, 28, 50, 17, 11, 33, 88, 8, 24]
MAPE: 45.28498312099967 [62.637362637362635, 48.148148148148145, 44.54545454545455, 60.8, 47.2972972972973, 54.347826086956516, 53.125, 50.42016806722689, 41.07142857142857, 100.0, 33.33333333333333, 51.85185185185185, 60.17699115044248, 67.70833333333334, 34.04255319148936, 38.961038961038966, 33.33333333333333, 67.16417910447761, 46.42857142857143, 53.77358490566038, 33.33333333333333, 50.0, 39.436619718309856, 18.75, 36.0, 61.06870229007634, 42.857142857142854, 41.86046511627907, 25.581395348837212, 50.0, 56.75675675675676, 37.93103448275862, 50.0, 57.2972972972973, 42.74193548387097, 22.448979591836736, 25.454545454545453, 61.47540983606557, 41.66666666666667, 51.75438596491229, 39.784946236559136, 44.827586206896555, 59.13978494623656, 76.59574468085107, 36.986301369863014, 73.33333333333333, 56.34920634920635, 21.875, 34.78260869565217, 56.09756097560976, 33.33333333333333, 61.97718631178707, 52.17391304347826, 58.744394618834086, 27.586206896551722, 59.183673469387756, 80.50847457627118, 37.5, 38.46153846153847, 34.78260869565217, 53.54330708661418, 41.07142857142857, 40.0, 36.84210526315789, 59.50413223140496, 27.77777777777778, 68.29268292682927, 40.57971014492754, 31.25, 31.25, 35.32934131736527, 33.6734693877551, 39.130434782608695, 46.93877551020408, 53.333333333333336, 60.0, 55.08982035928144, 69.23076923076923, 33.84615384615385, 70.70707070707071, 26.38888888888889, 22.58064516129032, 51.78571428571429, 36.0, 46.26865671641791, 48.80952380952381, 32.53012048192771, 20.689655172413794, 57.84313725490197, 25.675675675675674, 50.81967213114754, 37.11340206185567, 11.538461538461538, 45.83333333333333, 64.5320197044335, 61.702127659574465, 53.16455696202531, 70.83333333333334, 64.85148514851485, 48.57142857142857, 30.526315789473685, 37.5, 30.526315789473685, 38.15789473684211, 32.78688524590164, 48.837209302325576, 10.526315789473683, 30.612244897959183, 58.119658119658126, 72.04301075268818, 46.15384615384615, 56.00000000000001, 31.57894736842105, 41.17647058823529, 53.44827586206896, 55.26315789473685, 17.24137931034483, 50.416666666666664, 56.52173913043478, 51.445086705202314, 23.333333333333332, 25.0, 36.84210526315789, 49.01960784313725, 25.0, 25.0, 30.8411214953271, 71.54471544715447, 20.0, 47.05882352941176]
RMSE: 54.664219770128646 [3249, 1521, 2401, 5776, 4900, 625, 2601, 3600, 529, 324, 169, 784, 4624, 4225, 256, 900, 361, 32400, 6084, 12996, 169, 169, 784, 36, 324, 6400, 1296, 324, 121, 169, 441, 484, 576, 11236, 2809, 121, 196, 5625, 225, 3481, 1369, 169, 3025, 1296, 729, 7744, 5041, 49, 256, 529, 729, 26569, 5184, 17161, 256, 841, 9025, 36, 625, 256, 4624, 4761, 196, 441, 5184, 225, 784, 784, 400, 225, 3481, 1089, 81, 529, 256, 324, 8464, 2916, 484, 4900, 361, 49, 841, 1296, 3844, 1681, 729, 144, 3481, 361, 961, 1296, 9, 1936, 17161, 841, 1764, 1156, 17161, 18496, 841, 324, 841, 841, 400, 441, 4, 225, 18496, 4489, 144, 1764, 576, 3136, 961, 441, 25, 14641, 676, 7921, 49, 144, 784, 2500, 289, 121, 1089, 7744, 64, 576]

pred: 5660 [34, 42, 61, 49, 78, 21, 45, 59, 33, 0, 26, 26, 45, 31, 31, 47, 38, 88, 90, 98, 26, 13, 43, 26, 32, 51, 48, 25, 32, 13, 16, 36, 24, 79, 71, 38, 41, 47, 21, 55, 56, 16, 38, 11, 46, 32, 55, 25, 30, 18, 54, 100, 66, 92, 42, 20, 23, 10, 40, 30, 59, 99, 21, 36, 49, 39, 13, 41, 44, 33, 108, 65, 14, 26, 14, 12, 75, 24, 43, 29, 53, 24, 27, 64, 72, 43, 56, 46, 43, 55, 30, 61, 23, 52, 72, 18, 37, 14, 71, 144, 66, 30, 66, 47, 41, 22, 17, 34, 98, 26, 14, 33, 52, 80, 27, 17, 24, 119, 20, 84, 23, 36, 48, 52, 51, 33, 74, 35, 32, 27]
real: 11073 [91, 81, 110, 125, 148, 46, 96, 119, 56, 18, 39, 54, 113, 96, 47, 77, 57, 268, 168, 212, 39, 26, 71, 32, 50, 131, 84, 43, 43, 26, 37, 58, 48, 185, 124, 49, 55, 122, 36, 114, 93, 29, 93, 47, 73, 120, 126, 32, 46, 41, 81, 263, 138, 223, 58, 49, 118, 16, 65, 46, 127, 168, 35, 57, 121, 54, 41, 69, 64, 48, 167, 98, 23, 49, 30, 30, 167, 78, 65, 99, 72, 31, 56, 100, 134, 84, 83, 58, 102, 74, 61, 97, 26, 96, 203, 47, 79, 48, 202, 280, 95, 48, 95, 76, 61, 43, 19, 49, 234, 93, 26, 75, 76, 136, 58, 38, 29, 240, 46, 173, 30, 48, 76, 102, 68, 44, 107, 123, 40, 51]

grid_scale: 0.4
resize_scale: 0.5
confiance: 0.55

random_seed: 1011
data_augmentation: True
samples: 130
