MAE: 7.953846153846154 [10, 18, 11, 5, 1, 1, 2, 3, 1, 3, 10, 3, 3, 0, 2, 9, 41, 6, 12, 8, 4, 0, 12, 8, 5, 2, 19, 3, 17, 1, 11, 8, 0, 13, 20, 9, 10, 1, 5, 5, 9, 8, 28, 10, 6, 4, 13, 0, 2, 6, 12, 4, 6, 0, 2, 5, 10, 5, 2, 3, 7, 2, 21, 1, 0, 3, 3, 18, 22, 8, 25, 13, 2, 1, 0, 8, 6, 34, 2, 10, 8, 2, 15, 5, 36, 1, 11, 9, 18, 12, 4, 0, 4, 9, 10, 2, 2, 10, 4, 7, 1, 20, 7, 13, 11, 6, 1, 20, 24, 19, 2, 13, 10, 11, 13, 1, 10, 5, 2, 5, 4, 6, 1, 7, 20, 2, 0, 2, 2, 4]
MAPE: 10.619848475559483 [21.73913043478261, 7.5, 11.827956989247312, 3.6764705882352944, 1.36986301369863, 2.631578947368421, 4.3478260869565215, 2.941176470588235, 1.8518518518518516, 3.571428571428571, 7.462686567164178, 10.344827586206897, 10.0, 0.0, 3.571428571428571, 34.61538461538461, 15.298507462686567, 7.59493670886076, 6.9364161849710975, 13.793103448275861, 4.166666666666666, 0.0, 9.523809523809524, 16.3265306122449, 5.263157894736842, 7.6923076923076925, 15.447154471544716, 6.976744186046512, 10.119047619047619, 0.49504950495049505, 9.649122807017543, 8.333333333333332, 0.0, 21.311475409836063, 8.547008547008547, 14.0625, 14.705882352941178, 3.3333333333333335, 8.620689655172415, 10.638297872340425, 22.5, 6.299212598425196, 34.5679012345679, 20.408163265306122, 18.75, 5.797101449275362, 28.26086956521739, 0.0, 2.4096385542168677, 4.918032786885246, 27.27272727272727, 3.9215686274509802, 8.450704225352112, 0.0, 4.081632653061225, 26.31578947368421, 10.204081632653061, 6.578947368421052, 3.6363636363636362, 3.0927835051546393, 2.5, 4.0, 14.18918918918919, 1.0526315789473684, 0.0, 9.67741935483871, 4.0, 8.49056603773585, 18.333333333333332, 16.666666666666664, 12.31527093596059, 11.818181818181818, 2.5974025974025974, 3.3333333333333335, 0.0, 30.76923076923077, 15.384615384615385, 20.35928143712575, 3.4482758620689653, 21.27659574468085, 19.51219512195122, 6.25, 12.396694214876034, 3.816793893129771, 13.688212927756654, 1.3513513513513513, 7.971014492753622, 9.375, 100.0, 18.461538461538463, 9.30232558139535, 0.0, 5.555555555555555, 10.714285714285714, 9.345794392523365, 3.278688524590164, 12.5, 10.1010101010101, 5.128205128205128, 6.1946902654867255, 1.7857142857142856, 20.0, 24.137931034482758, 7.738095238095238, 6.58682634730539, 16.666666666666664, 3.8461538461538463, 42.5531914893617, 20.33898305084746, 20.87912087912088, 3.076923076923077, 5.829596412556054, 13.157894736842104, 8.799999999999999, 7.027027027027027, 2.083333333333333, 8.403361344537815, 8.771929824561402, 5.405405405405405, 10.204081632653061, 9.30232558139535, 6.451612903225806, 2.857142857142857, 14.583333333333334, 41.66666666666667, 4.166666666666666, 0.0, 4.878048780487805, 2.631578947368421, 7.8431372549019605]
RMSE: 11.042574950547609 [100, 324, 121, 25, 1, 1, 4, 9, 1, 9, 100, 9, 9, 0, 4, 81, 1681, 36, 144, 64, 16, 0, 144, 64, 25, 4, 361, 9, 289, 1, 121, 64, 0, 169, 400, 81, 100, 1, 25, 25, 81, 64, 784, 100, 36, 16, 169, 0, 4, 36, 144, 16, 36, 0, 4, 25, 100, 25, 4, 9, 49, 4, 441, 1, 0, 9, 9, 324, 484, 64, 625, 169, 4, 1, 0, 64, 36, 1156, 4, 100, 64, 4, 225, 25, 1296, 1, 121, 81, 324, 144, 16, 0, 16, 81, 100, 4, 4, 100, 16, 49, 1, 400, 49, 169, 121, 36, 1, 400, 576, 361, 4, 169, 100, 121, 169, 1, 100, 25, 4, 25, 16, 36, 1, 49, 400, 4, 0, 4, 4, 16]

pred: 10721 [36, 258, 82, 131, 72, 37, 48, 99, 53, 87, 144, 32, 27, 54, 58, 35, 227, 85, 161, 50, 92, 81, 114, 41, 90, 24, 104, 46, 151, 203, 125, 88, 93, 48, 214, 73, 78, 29, 63, 42, 49, 119, 109, 59, 38, 65, 33, 58, 85, 116, 56, 98, 65, 23, 47, 24, 88, 81, 57, 100, 287, 48, 127, 96, 124, 28, 72, 230, 98, 56, 178, 97, 75, 31, 39, 34, 45, 133, 56, 37, 49, 30, 106, 126, 227, 73, 127, 87, 0, 53, 47, 46, 76, 75, 117, 59, 18, 89, 82, 106, 55, 120, 36, 155, 178, 30, 25, 27, 94, 72, 67, 210, 86, 114, 172, 47, 129, 52, 35, 54, 47, 99, 34, 55, 28, 50, 57, 43, 74, 47]
real: 11073 [46, 240, 93, 136, 73, 38, 46, 102, 54, 84, 134, 29, 30, 54, 56, 26, 268, 79, 173, 58, 96, 81, 126, 49, 95, 26, 123, 43, 168, 202, 114, 96, 93, 61, 234, 64, 68, 30, 58, 47, 40, 127, 81, 49, 32, 69, 46, 58, 83, 122, 44, 102, 71, 23, 49, 19, 98, 76, 55, 97, 280, 50, 148, 95, 124, 31, 75, 212, 120, 48, 203, 110, 77, 30, 39, 26, 39, 167, 58, 47, 41, 32, 121, 131, 263, 74, 138, 96, 18, 65, 43, 46, 72, 84, 107, 61, 16, 99, 78, 113, 56, 100, 29, 168, 167, 36, 26, 47, 118, 91, 65, 223, 76, 125, 185, 48, 119, 57, 37, 49, 43, 93, 35, 48, 48, 48, 57, 41, 76, 51]

grid_scale: 0.4
resize_scale: 0.5
confiance: 0.25

random_seed: 1011
data_augmentation: True
samples: 130
