MAE: 24.49230769230769 [12, 141, 50, 67, 46, 12, 1, 15, 3, 2, 75, 5, 27, 12, 25, 16, 70, 10, 12, 6, 11, 15, 77, 39, 14, 2, 8, 5, 16, 80, 25, 10, 10, 18, 93, 44, 57, 9, 44, 11, 22, 17, 53, 25, 6, 35, 20, 55, 7, 19, 20, 25, 26, 1, 11, 8, 25, 15, 27, 42, 96, 41, 15, 13, 59, 17, 2, 107, 7, 17, 50, 18, 5, 15, 9, 8, 12, 8, 9, 7, 55, 13, 7, 37, 66, 20, 31, 10, 9, 12, 4, 55, 15, 25, 10, 16, 3, 20, 6, 8, 24, 49, 23, 13, 16, 2, 1, 2, 1, 0, 36, 141, 35, 4, 15, 6, 43, 10, 3, 7, 19, 24, 5, 12, 9, 3, 31, 16, 43, 0]
MAPE: 30.58696528320706 [26.08695652173913, 58.75, 53.76344086021505, 49.26470588235294, 63.013698630136986, 31.57894736842105, 2.1739130434782608, 14.705882352941178, 5.555555555555555, 2.380952380952381, 55.970149253731336, 17.24137931034483, 90.0, 22.22222222222222, 44.642857142857146, 61.53846153846154, 26.119402985074625, 12.658227848101266, 6.9364161849710975, 10.344827586206897, 11.458333333333332, 18.51851851851852, 61.111111111111114, 79.59183673469387, 14.736842105263156, 7.6923076923076925, 6.504065040650407, 11.627906976744185, 9.523809523809524, 39.603960396039604, 21.929824561403507, 10.416666666666668, 10.75268817204301, 29.508196721311474, 39.743589743589745, 68.75, 83.82352941176471, 30.0, 75.86206896551724, 23.404255319148938, 55.00000000000001, 13.385826771653544, 65.4320987654321, 51.02040816326531, 18.75, 50.72463768115942, 43.47826086956522, 94.82758620689656, 8.433734939759036, 15.573770491803279, 45.45454545454545, 24.509803921568626, 36.61971830985916, 4.3478260869565215, 22.448979591836736, 42.10526315789473, 25.510204081632654, 19.736842105263158, 49.09090909090909, 43.29896907216495, 34.285714285714285, 82.0, 10.135135135135135, 13.684210526315791, 47.58064516129033, 54.83870967741935, 2.666666666666667, 50.47169811320755, 5.833333333333333, 35.41666666666667, 24.63054187192118, 16.363636363636363, 6.493506493506493, 50.0, 23.076923076923077, 30.76923076923077, 30.76923076923077, 4.790419161676647, 15.517241379310345, 14.893617021276595, 134.14634146341464, 40.625, 5.785123966942149, 28.24427480916031, 25.09505703422053, 27.027027027027028, 22.463768115942027, 10.416666666666668, 50.0, 18.461538461538463, 9.30232558139535, 119.56521739130434, 20.833333333333336, 29.761904761904763, 9.345794392523365, 26.229508196721312, 18.75, 20.2020202020202, 7.6923076923076925, 7.079646017699115, 42.857142857142854, 49.0, 79.3103448275862, 7.738095238095238, 9.580838323353294, 5.555555555555555, 3.8461538461538463, 4.25531914893617, 0.847457627118644, 0.0, 55.38461538461539, 63.22869955156951, 46.05263157894737, 3.2, 8.108108108108109, 12.5, 36.134453781512605, 17.543859649122805, 8.108108108108109, 14.285714285714285, 44.18604651162791, 25.806451612903224, 14.285714285714285, 25.0, 18.75, 6.25, 54.385964912280706, 39.02439024390244, 56.57894736842105, 0.0]
RMSE: 35.86298713372669 [144, 19881, 2500, 4489, 2116, 144, 1, 225, 9, 4, 5625, 25, 729, 144, 625, 256, 4900, 100, 144, 36, 121, 225, 5929, 1521, 196, 4, 64, 25, 256, 6400, 625, 100, 100, 324, 8649, 1936, 3249, 81, 1936, 121, 484, 289, 2809, 625, 36, 1225, 400, 3025, 49, 361, 400, 625, 676, 1, 121, 64, 625, 225, 729, 1764, 9216, 1681, 225, 169, 3481, 289, 4, 11449, 49, 289, 2500, 324, 25, 225, 81, 64, 144, 64, 81, 49, 3025, 169, 49, 1369, 4356, 400, 961, 100, 81, 144, 16, 3025, 225, 625, 100, 256, 9, 400, 36, 64, 576, 2401, 529, 169, 256, 4, 1, 4, 1, 0, 1296, 19881, 1225, 16, 225, 36, 1849, 100, 9, 49, 361, 576, 25, 144, 81, 9, 961, 256, 1849, 0]

pred: 13449 [58, 381, 43, 203, 119, 50, 47, 117, 57, 82, 209, 24, 3, 66, 81, 42, 338, 89, 185, 64, 107, 96, 203, 88, 109, 24, 115, 38, 184, 282, 139, 106, 103, 79, 327, 108, 125, 21, 102, 58, 62, 110, 134, 74, 26, 34, 26, 113, 90, 141, 64, 77, 97, 24, 38, 27, 123, 61, 82, 139, 376, 9, 163, 108, 183, 48, 77, 319, 113, 65, 253, 128, 72, 15, 30, 18, 51, 175, 49, 54, 96, 45, 114, 168, 329, 94, 169, 106, 9, 53, 47, 101, 87, 109, 117, 77, 19, 119, 84, 121, 80, 149, 52, 181, 183, 38, 27, 49, 119, 91, 101, 364, 111, 121, 200, 54, 162, 67, 40, 56, 62, 69, 30, 60, 39, 45, 88, 57, 119, 51]
real: 11073 [46, 240, 93, 136, 73, 38, 46, 102, 54, 84, 134, 29, 30, 54, 56, 26, 268, 79, 173, 58, 96, 81, 126, 49, 95, 26, 123, 43, 168, 202, 114, 96, 93, 61, 234, 64, 68, 30, 58, 47, 40, 127, 81, 49, 32, 69, 46, 58, 83, 122, 44, 102, 71, 23, 49, 19, 98, 76, 55, 97, 280, 50, 148, 95, 124, 31, 75, 212, 120, 48, 203, 110, 77, 30, 39, 26, 39, 167, 58, 47, 41, 32, 121, 131, 263, 74, 138, 96, 18, 65, 43, 46, 72, 84, 107, 61, 16, 99, 78, 113, 56, 100, 29, 168, 167, 36, 26, 47, 118, 91, 65, 223, 76, 125, 185, 48, 119, 57, 37, 49, 43, 93, 35, 48, 48, 48, 57, 41, 76, 51]

grid_scale: 0.2
resize_scale: 0.5
confiance: 0.2

random_seed: 1011
data_augmentation: True
samples: 130
