MAE: 14.46923076923077 [13, 10, 68, 11, 8, 9, 6, 5, 10, 5, 2, 20, 27, 4, 10, 3, 4, 10, 26, 6, 14, 13, 4, 10, 8, 8, 40, 19, 36, 20, 4, 3, 14, 28, 9, 9, 2, 18, 1, 14, 11, 52, 12, 3, 7, 44, 29, 0, 9, 57, 5, 52, 4, 0, 24, 3, 0, 19, 1, 1, 15, 44, 12, 10, 5, 2, 22, 19, 50, 4, 1, 10, 16, 26, 25, 0, 1, 22, 14, 4, 20, 7, 35, 10, 9, 7, 14, 25, 15, 38, 8, 16, 18, 15, 5, 16, 0, 14, 7, 24, 0, 14, 6, 20, 22, 7, 11, 24, 31, 18, 4, 13, 3, 31, 20, 1, 9, 8, 23, 5, 6, 40, 21, 2, 15, 29, 8, 4, 5, 12]
MAPE: 21.599161311194944 [28.26086956521739, 4.166666666666666, 73.11827956989248, 8.088235294117647, 10.95890410958904, 23.684210526315788, 13.043478260869565, 4.901960784313726, 18.51851851851852, 5.952380952380952, 1.4925373134328357, 68.96551724137932, 90.0, 7.4074074074074066, 17.857142857142858, 11.538461538461538, 1.4925373134328357, 12.658227848101266, 15.028901734104046, 10.344827586206897, 14.583333333333334, 16.049382716049383, 3.1746031746031744, 20.408163265306122, 8.421052631578947, 30.76923076923077, 32.52032520325203, 44.18604651162791, 21.428571428571427, 9.900990099009901, 3.508771929824561, 3.125, 15.053763440860216, 45.90163934426229, 3.8461538461538463, 14.0625, 2.941176470588235, 60.0, 1.7241379310344827, 29.78723404255319, 27.500000000000004, 40.94488188976378, 14.814814814814813, 6.122448979591836, 21.875, 63.76811594202898, 63.04347826086957, 0.0, 10.843373493975903, 46.72131147540984, 11.363636363636363, 50.98039215686274, 5.633802816901409, 0.0, 48.97959183673469, 15.789473684210526, 0.0, 25.0, 1.8181818181818181, 1.0309278350515463, 5.357142857142857, 88.0, 8.108108108108109, 10.526315789473683, 4.032258064516129, 6.451612903225806, 29.333333333333332, 8.962264150943396, 41.66666666666667, 8.333333333333332, 0.49261083743842365, 9.090909090909092, 20.77922077922078, 86.66666666666667, 64.1025641025641, 0.0, 2.564102564102564, 13.17365269461078, 24.137931034482758, 8.51063829787234, 48.78048780487805, 21.875, 28.92561983471074, 7.633587786259542, 3.4220532319391634, 9.45945945945946, 10.144927536231885, 26.041666666666668, 83.33333333333334, 58.46153846153847, 18.6046511627907, 34.78260869565217, 25.0, 17.857142857142858, 4.672897196261682, 26.229508196721312, 0.0, 14.14141414141414, 8.974358974358974, 21.238938053097346, 0.0, 14.000000000000002, 20.689655172413794, 11.904761904761903, 13.17365269461078, 19.444444444444446, 42.30769230769231, 51.06382978723404, 26.27118644067797, 19.78021978021978, 6.153846153846154, 5.829596412556054, 3.9473684210526314, 24.8, 10.81081081081081, 2.083333333333333, 7.563025210084033, 14.035087719298245, 62.16216216216216, 10.204081632653061, 13.953488372093023, 43.01075268817204, 60.0, 4.166666666666666, 31.25, 60.416666666666664, 14.035087719298245, 9.75609756097561, 6.578947368421052, 23.52941176470588]
RMSE: 19.519024250517948 [169, 100, 4624, 121, 64, 81, 36, 25, 100, 25, 4, 400, 729, 16, 100, 9, 16, 100, 676, 36, 196, 169, 16, 100, 64, 64, 1600, 361, 1296, 400, 16, 9, 196, 784, 81, 81, 4, 324, 1, 196, 121, 2704, 144, 9, 49, 1936, 841, 0, 81, 3249, 25, 2704, 16, 0, 576, 9, 0, 361, 1, 1, 225, 1936, 144, 100, 25, 4, 484, 361, 2500, 16, 1, 100, 256, 676, 625, 0, 1, 484, 196, 16, 400, 49, 1225, 100, 81, 49, 196, 625, 225, 1444, 64, 256, 324, 225, 25, 256, 0, 196, 49, 576, 0, 196, 36, 400, 484, 49, 121, 576, 961, 324, 16, 169, 9, 961, 400, 1, 81, 64, 529, 25, 36, 1600, 441, 4, 225, 841, 64, 16, 25, 144]

pred: 9474 [33, 250, 25, 125, 81, 29, 40, 107, 44, 79, 136, 9, 3, 50, 46, 29, 264, 69, 147, 52, 82, 68, 130, 39, 87, 18, 83, 24, 132, 182, 110, 93, 79, 33, 243, 55, 70, 12, 59, 33, 29, 75, 69, 52, 25, 25, 17, 58, 74, 65, 39, 50, 67, 23, 25, 22, 98, 57, 56, 98, 265, 6, 136, 85, 129, 29, 53, 231, 70, 52, 202, 100, 61, 4, 14, 26, 38, 145, 44, 43, 61, 25, 86, 121, 254, 67, 124, 71, 3, 27, 35, 30, 54, 69, 102, 45, 16, 85, 71, 89, 56, 86, 35, 148, 145, 29, 15, 23, 87, 73, 69, 236, 79, 94, 165, 47, 128, 49, 14, 44, 37, 53, 14, 50, 33, 19, 49, 45, 71, 39]
real: 11073 [46, 240, 93, 136, 73, 38, 46, 102, 54, 84, 134, 29, 30, 54, 56, 26, 268, 79, 173, 58, 96, 81, 126, 49, 95, 26, 123, 43, 168, 202, 114, 96, 93, 61, 234, 64, 68, 30, 58, 47, 40, 127, 81, 49, 32, 69, 46, 58, 83, 122, 44, 102, 71, 23, 49, 19, 98, 76, 55, 97, 280, 50, 148, 95, 124, 31, 75, 212, 120, 48, 203, 110, 77, 30, 39, 26, 39, 167, 58, 47, 41, 32, 121, 131, 263, 74, 138, 96, 18, 65, 43, 46, 72, 84, 107, 61, 16, 99, 78, 113, 56, 100, 29, 168, 167, 36, 26, 47, 118, 91, 65, 223, 76, 125, 185, 48, 119, 57, 37, 49, 43, 93, 35, 48, 48, 48, 57, 41, 76, 51]

grid_scale: 0.2
resize_scale: 0.5
confiance: 0.35

random_seed: 1011
data_augmentation: True
samples: 130
