MAE: 24.53076923076923 [14, 55, 75, 27, 23, 11, 20, 8, 11, 11, 24, 24, 29, 8, 21, 6, 36, 39, 39, 16, 17, 20, 12, 21, 10, 12, 44, 26, 35, 35, 23, 15, 17, 31, 27, 26, 34, 20, 5, 22, 18, 74, 38, 8, 11, 54, 33, 20, 13, 76, 11, 60, 25, 6, 29, 9, 17, 24, 4, 10, 50, 49, 37, 9, 33, 6, 45, 21, 64, 9, 28, 21, 32, 29, 36, 12, 4, 45, 32, 9, 6, 9, 43, 11, 34, 14, 27, 49, 16, 52, 14, 32, 20, 22, 12, 21, 0, 15, 25, 57, 9, 30, 5, 32, 32, 10, 18, 16, 38, 42, 13, 31, 21, 44, 31, 8, 23, 13, 21, 4, 19, 46, 21, 0, 26, 34, 10, 11, 22, 20]
MAPE: 34.13378607149842 [30.434782608695656, 22.916666666666664, 80.64516129032258, 19.852941176470587, 31.506849315068493, 28.947368421052634, 43.47826086956522, 7.8431372549019605, 20.37037037037037, 13.095238095238097, 17.91044776119403, 82.75862068965517, 96.66666666666667, 14.814814814814813, 37.5, 23.076923076923077, 13.432835820895523, 49.36708860759494, 22.54335260115607, 27.586206896551722, 17.708333333333336, 24.691358024691358, 9.523809523809524, 42.857142857142854, 10.526315789473683, 46.15384615384615, 35.77235772357724, 60.46511627906976, 20.833333333333336, 17.326732673267326, 20.175438596491226, 15.625, 18.27956989247312, 50.81967213114754, 11.538461538461538, 40.625, 50.0, 66.66666666666666, 8.620689655172415, 46.808510638297875, 45.0, 58.26771653543307, 46.913580246913575, 16.3265306122449, 34.375, 78.26086956521739, 71.73913043478261, 34.48275862068966, 15.66265060240964, 62.295081967213115, 25.0, 58.82352941176471, 35.2112676056338, 26.08695652173913, 59.183673469387756, 47.368421052631575, 17.346938775510203, 31.57894736842105, 7.2727272727272725, 10.309278350515463, 17.857142857142858, 98.0, 25.0, 9.473684210526317, 26.61290322580645, 19.35483870967742, 60.0, 9.90566037735849, 53.333333333333336, 18.75, 13.793103448275861, 19.090909090909093, 41.55844155844156, 96.66666666666667, 92.3076923076923, 46.15384615384615, 10.256410256410255, 26.94610778443114, 55.172413793103445, 19.148936170212767, 14.634146341463413, 28.125, 35.53719008264463, 8.396946564885496, 12.927756653992395, 18.91891891891892, 19.565217391304348, 51.041666666666664, 88.88888888888889, 80.0, 32.55813953488372, 69.56521739130434, 27.77777777777778, 26.190476190476193, 11.214953271028037, 34.42622950819672, 0.0, 15.151515151515152, 32.05128205128205, 50.442477876106196, 16.071428571428573, 30.0, 17.24137931034483, 19.047619047619047, 19.16167664670659, 27.77777777777778, 69.23076923076923, 34.04255319148936, 32.20338983050847, 46.15384615384615, 20.0, 13.901345291479823, 27.631578947368425, 35.199999999999996, 16.756756756756758, 16.666666666666664, 19.327731092436977, 22.807017543859647, 56.75675675675676, 8.16326530612245, 44.18604651162791, 49.46236559139785, 60.0, 0.0, 54.166666666666664, 70.83333333333334, 17.543859649122805, 26.82926829268293, 28.947368421052634, 39.21568627450981]
RMSE: 29.19075196016711 [196, 3025, 5625, 729, 529, 121, 400, 64, 121, 121, 576, 576, 841, 64, 441, 36, 1296, 1521, 1521, 256, 289, 400, 144, 441, 100, 144, 1936, 676, 1225, 1225, 529, 225, 289, 961, 729, 676, 1156, 400, 25, 484, 324, 5476, 1444, 64, 121, 2916, 1089, 400, 169, 5776, 121, 3600, 625, 36, 841, 81, 289, 576, 16, 100, 2500, 2401, 1369, 81, 1089, 36, 2025, 441, 4096, 81, 784, 441, 1024, 841, 1296, 144, 16, 2025, 1024, 81, 36, 81, 1849, 121, 1156, 196, 729, 2401, 256, 2704, 196, 1024, 400, 484, 144, 441, 0, 225, 625, 3249, 81, 900, 25, 1024, 1024, 100, 324, 256, 1444, 1764, 169, 961, 441, 1936, 961, 64, 529, 169, 441, 16, 361, 2116, 441, 0, 676, 1156, 100, 121, 484, 400]

pred: 7896 [32, 185, 18, 109, 50, 27, 26, 94, 43, 73, 110, 5, 1, 46, 35, 20, 232, 40, 134, 42, 79, 61, 114, 28, 85, 14, 79, 17, 133, 167, 91, 81, 76, 30, 207, 38, 34, 10, 53, 25, 22, 53, 43, 41, 21, 15, 13, 38, 70, 46, 33, 42, 46, 17, 20, 10, 81, 52, 51, 87, 230, 1, 111, 86, 91, 25, 30, 191, 56, 39, 175, 89, 45, 1, 3, 14, 35, 122, 26, 38, 47, 23, 78, 120, 229, 60, 111, 47, 2, 13, 29, 14, 52, 62, 95, 40, 16, 84, 53, 56, 47, 70, 24, 136, 135, 26, 8, 31, 80, 49, 52, 192, 55, 81, 154, 40, 96, 44, 16, 45, 24, 47, 14, 48, 22, 14, 47, 30, 54, 31]
real: 11073 [46, 240, 93, 136, 73, 38, 46, 102, 54, 84, 134, 29, 30, 54, 56, 26, 268, 79, 173, 58, 96, 81, 126, 49, 95, 26, 123, 43, 168, 202, 114, 96, 93, 61, 234, 64, 68, 30, 58, 47, 40, 127, 81, 49, 32, 69, 46, 58, 83, 122, 44, 102, 71, 23, 49, 19, 98, 76, 55, 97, 280, 50, 148, 95, 124, 31, 75, 212, 120, 48, 203, 110, 77, 30, 39, 26, 39, 167, 58, 47, 41, 32, 121, 131, 263, 74, 138, 96, 18, 65, 43, 46, 72, 84, 107, 61, 16, 99, 78, 113, 56, 100, 29, 168, 167, 36, 26, 47, 118, 91, 65, 223, 76, 125, 185, 48, 119, 57, 37, 49, 43, 93, 35, 48, 48, 48, 57, 41, 76, 51]

grid_scale: 0.2
resize_scale: 0.5
confiance: 0.45

random_seed: 1011
data_augmentation: True
samples: 130
