MAE: 7.392307692307693 [3, 24, 14, 14, 11, 4, 2, 4, 5, 1, 17, 1, 10, 2, 1, 2, 3, 6, 5, 1, 1, 4, 25, 8, 4, 1, 11, 1, 3, 10, 6, 13, 3, 5, 23, 16, 17, 17, 1, 6, 9, 15, 25, 2, 2, 4, 0, 8, 2, 6, 10, 2, 6, 0, 9, 8, 10, 11, 3, 1, 38, 17, 2, 13, 7, 1, 2, 37, 3, 4, 11, 9, 4, 16, 12, 9, 1, 11, 1, 7, 19, 7, 14, 10, 3, 4, 1, 7, 12, 4, 5, 3, 1, 2, 1, 5, 3, 15, 8, 6, 0, 14, 3, 7, 12, 1, 2, 3, 1, 4, 4, 33, 12, 7, 9, 5, 15, 4, 11, 1, 0, 10, 2, 3, 8, 4, 1, 8, 3, 1]
MAPE: 10.627073003109155 [6.521739130434782, 10.0, 15.053763440860216, 10.294117647058822, 15.068493150684931, 10.526315789473683, 4.3478260869565215, 3.9215686274509802, 9.25925925925926, 1.1904761904761905, 12.686567164179104, 3.4482758620689653, 33.33333333333333, 3.7037037037037033, 1.7857142857142856, 7.6923076923076925, 1.1194029850746268, 7.59493670886076, 2.8901734104046244, 1.7241379310344827, 1.0416666666666665, 4.938271604938271, 19.841269841269842, 16.3265306122449, 4.2105263157894735, 3.8461538461538463, 8.94308943089431, 2.3255813953488373, 1.7857142857142856, 4.9504950495049505, 5.263157894736842, 13.541666666666666, 3.225806451612903, 8.19672131147541, 9.82905982905983, 25.0, 25.0, 56.666666666666664, 1.7241379310344827, 12.76595744680851, 22.5, 11.811023622047244, 30.864197530864196, 4.081632653061225, 6.25, 5.797101449275362, 0.0, 13.793103448275861, 2.4096385542168677, 4.918032786885246, 22.727272727272727, 1.9607843137254901, 8.450704225352112, 0.0, 18.367346938775512, 42.10526315789473, 10.204081632653061, 14.473684210526317, 5.454545454545454, 1.0309278350515463, 13.571428571428571, 34.0, 1.3513513513513513, 13.684210526315791, 5.64516129032258, 3.225806451612903, 2.666666666666667, 17.452830188679243, 2.5, 8.333333333333332, 5.41871921182266, 8.181818181818182, 5.194805194805195, 53.333333333333336, 30.76923076923077, 34.61538461538461, 2.564102564102564, 6.58682634730539, 1.7241379310344827, 14.893617021276595, 46.34146341463415, 21.875, 11.570247933884298, 7.633587786259542, 1.1406844106463878, 5.405405405405405, 0.7246376811594203, 7.291666666666667, 66.66666666666666, 6.153846153846154, 11.627906976744185, 6.521739130434782, 1.3888888888888888, 2.380952380952381, 0.9345794392523363, 8.19672131147541, 18.75, 15.151515151515152, 10.256410256410255, 5.3097345132743365, 0.0, 14.000000000000002, 10.344827586206897, 4.166666666666666, 7.18562874251497, 2.7777777777777777, 7.6923076923076925, 6.382978723404255, 0.847457627118644, 4.395604395604396, 6.153846153846154, 14.798206278026907, 15.789473684210526, 5.6000000000000005, 4.864864864864865, 10.416666666666668, 12.605042016806722, 7.017543859649122, 29.72972972972973, 2.0408163265306123, 0.0, 10.75268817204301, 5.714285714285714, 6.25, 16.666666666666664, 8.333333333333332, 1.7543859649122806, 19.51219512195122, 3.9473684210526314, 1.9607843137254901]
RMSE: 10.313173054959297 [9, 576, 196, 196, 121, 16, 4, 16, 25, 1, 289, 1, 100, 4, 1, 4, 9, 36, 25, 1, 1, 16, 625, 64, 16, 1, 121, 1, 9, 100, 36, 169, 9, 25, 529, 256, 289, 289, 1, 36, 81, 225, 625, 4, 4, 16, 0, 64, 4, 36, 100, 4, 36, 0, 81, 64, 100, 121, 9, 1, 1444, 289, 4, 169, 49, 1, 4, 1369, 9, 16, 121, 81, 16, 256, 144, 81, 1, 121, 1, 49, 361, 49, 196, 100, 9, 16, 1, 49, 144, 16, 25, 9, 1, 4, 1, 25, 9, 225, 64, 36, 0, 196, 9, 49, 144, 1, 4, 9, 1, 16, 16, 1089, 144, 49, 81, 25, 225, 16, 121, 1, 0, 100, 4, 9, 64, 16, 1, 64, 9, 1]

pred: 11396 [43, 264, 79, 150, 84, 42, 44, 106, 49, 85, 151, 30, 20, 56, 57, 28, 265, 85, 168, 59, 95, 77, 151, 57, 91, 25, 112, 44, 171, 212, 120, 109, 90, 66, 257, 80, 85, 13, 57, 53, 49, 112, 106, 51, 34, 65, 46, 66, 81, 116, 54, 104, 77, 23, 58, 27, 108, 65, 58, 96, 318, 33, 146, 108, 117, 32, 77, 249, 117, 52, 214, 101, 73, 46, 27, 35, 40, 156, 57, 40, 60, 39, 107, 141, 266, 70, 139, 89, 6, 61, 48, 43, 73, 82, 108, 66, 19, 84, 86, 119, 56, 114, 32, 175, 179, 35, 24, 44, 119, 87, 69, 256, 88, 118, 176, 53, 134, 61, 26, 48, 43, 83, 33, 51, 40, 44, 58, 49, 79, 52]
real: 11073 [46, 240, 93, 136, 73, 38, 46, 102, 54, 84, 134, 29, 30, 54, 56, 26, 268, 79, 173, 58, 96, 81, 126, 49, 95, 26, 123, 43, 168, 202, 114, 96, 93, 61, 234, 64, 68, 30, 58, 47, 40, 127, 81, 49, 32, 69, 46, 58, 83, 122, 44, 102, 71, 23, 49, 19, 98, 76, 55, 97, 280, 50, 148, 95, 124, 31, 75, 212, 120, 48, 203, 110, 77, 30, 39, 26, 39, 167, 58, 47, 41, 32, 121, 131, 263, 74, 138, 96, 18, 65, 43, 46, 72, 84, 107, 61, 16, 99, 78, 113, 56, 100, 29, 168, 167, 36, 26, 47, 118, 91, 65, 223, 76, 125, 185, 48, 119, 57, 37, 49, 43, 93, 35, 48, 48, 48, 57, 41, 76, 51]

grid_scale: 0.3
resize_scale: 0.5
confiance: 0.25

random_seed: 1011
data_augmentation: True
samples: 130
