MAE: 29.223076923076924 [34, 22, 34, 39, 56, 22, 29, 46, 15, 18, 13, 16, 50, 48, 13, 22, 17, 134, 59, 75, 9, 9, 16, 12, 25, 51, 18, 7, 11, 12, 17, 11, 14, 94, 54, 7, 7, 54, 13, 32, 28, 8, 44, 35, 12, 63, 56, 8, 13, 17, 12, 113, 56, 101, 9, 17, 54, 7, 25, 8, 53, 40, 11, 11, 59, 13, 12, 21, 15, 12, 32, 14, 7, 16, 11, 12, 72, 32, 4, 47, 18, 7, 9, 28, 38, 37, 26, 10, 41, 13, 17, 23, 4, 29, 99, 25, 30, 28, 86, 97, 24, 10, 25, 26, 9, 14, 0, 9, 75, 53, 15, 19, 18, 35, 17, 21, 2, 71, 18, 82, 5, 5, 14, 32, 9, 5, 22, 66, 4, 14]
MAPE: 32.3406923287254 [37.362637362637365, 27.160493827160494, 30.909090909090907, 31.2, 37.83783783783784, 47.82608695652174, 30.208333333333332, 38.655462184873954, 26.785714285714285, 100.0, 33.33333333333333, 29.629629629629626, 44.24778761061947, 50.0, 27.659574468085108, 28.57142857142857, 29.82456140350877, 50.0, 35.11904761904761, 35.37735849056604, 23.076923076923077, 34.61538461538461, 22.535211267605636, 37.5, 50.0, 38.93129770992366, 21.428571428571427, 16.27906976744186, 25.581395348837212, 46.15384615384615, 45.94594594594595, 18.96551724137931, 29.166666666666668, 50.810810810810814, 43.54838709677419, 14.285714285714285, 12.727272727272727, 44.26229508196721, 36.11111111111111, 28.07017543859649, 30.107526881720432, 27.586206896551722, 47.31182795698925, 74.46808510638297, 16.43835616438356, 52.5, 44.44444444444444, 25.0, 28.26086956521739, 41.46341463414634, 14.814814814814813, 42.96577946768061, 40.57971014492754, 45.2914798206278, 15.517241379310345, 34.69387755102041, 45.76271186440678, 43.75, 38.46153846153847, 17.391304347826086, 41.732283464566926, 23.809523809523807, 31.428571428571427, 19.298245614035086, 48.760330578512395, 24.074074074074073, 29.268292682926827, 30.434782608695656, 23.4375, 25.0, 19.16167664670659, 14.285714285714285, 30.434782608695656, 32.6530612244898, 36.666666666666664, 40.0, 43.11377245508982, 41.02564102564102, 6.153846153846154, 47.474747474747474, 25.0, 22.58064516129032, 16.071428571428573, 28.000000000000004, 28.35820895522388, 44.047619047619044, 31.32530120481928, 17.24137931034483, 40.19607843137255, 17.56756756756757, 27.86885245901639, 23.711340206185564, 15.384615384615385, 30.208333333333332, 48.76847290640394, 53.191489361702125, 37.9746835443038, 58.333333333333336, 42.57425742574257, 34.64285714285714, 25.263157894736842, 20.833333333333336, 26.31578947368421, 34.21052631578947, 14.754098360655737, 32.55813953488372, 0.0, 18.367346938775512, 32.05128205128205, 56.98924731182796, 57.692307692307686, 25.333333333333336, 23.684210526315788, 25.735294117647058, 29.310344827586203, 55.26315789473685, 6.896551724137931, 29.583333333333332, 39.130434782608695, 47.398843930635834, 16.666666666666664, 10.416666666666668, 18.421052631578945, 31.372549019607842, 13.23529411764706, 11.363636363636363, 20.5607476635514, 53.65853658536586, 10.0, 27.450980392156865]
RMSE: 38.89047737903497 [1156, 484, 1156, 1521, 3136, 484, 841, 2116, 225, 324, 169, 256, 2500, 2304, 169, 484, 289, 17956, 3481, 5625, 81, 81, 256, 144, 625, 2601, 324, 49, 121, 144, 289, 121, 196, 8836, 2916, 49, 49, 2916, 169, 1024, 784, 64, 1936, 1225, 144, 3969, 3136, 64, 169, 289, 144, 12769, 3136, 10201, 81, 289, 2916, 49, 625, 64, 2809, 1600, 121, 121, 3481, 169, 144, 441, 225, 144, 1024, 196, 49, 256, 121, 144, 5184, 1024, 16, 2209, 324, 49, 81, 784, 1444, 1369, 676, 100, 1681, 169, 289, 529, 16, 841, 9801, 625, 900, 784, 7396, 9409, 576, 100, 625, 676, 81, 196, 0, 81, 5625, 2809, 225, 361, 324, 1225, 289, 441, 4, 5041, 324, 6724, 25, 25, 196, 1024, 81, 25, 484, 4356, 16, 196]

pred: 7274 [57, 59, 76, 86, 92, 24, 67, 73, 41, 0, 26, 38, 63, 48, 34, 55, 40, 134, 109, 137, 30, 17, 55, 20, 25, 80, 66, 36, 32, 14, 20, 47, 34, 91, 70, 42, 48, 68, 23, 82, 65, 21, 49, 12, 61, 57, 70, 24, 33, 24, 69, 150, 82, 122, 49, 32, 64, 9, 40, 38, 74, 128, 24, 46, 62, 41, 29, 48, 49, 36, 135, 84, 16, 33, 19, 18, 95, 46, 61, 52, 54, 24, 47, 72, 96, 47, 57, 48, 61, 61, 44, 74, 22, 67, 104, 22, 49, 20, 116, 183, 71, 38, 70, 50, 52, 29, 19, 40, 159, 40, 11, 56, 58, 101, 41, 17, 27, 169, 28, 91, 25, 43, 62, 70, 59, 39, 85, 57, 36, 37]
real: 11073 [91, 81, 110, 125, 148, 46, 96, 119, 56, 18, 39, 54, 113, 96, 47, 77, 57, 268, 168, 212, 39, 26, 71, 32, 50, 131, 84, 43, 43, 26, 37, 58, 48, 185, 124, 49, 55, 122, 36, 114, 93, 29, 93, 47, 73, 120, 126, 32, 46, 41, 81, 263, 138, 223, 58, 49, 118, 16, 65, 46, 127, 168, 35, 57, 121, 54, 41, 69, 64, 48, 167, 98, 23, 49, 30, 30, 167, 78, 65, 99, 72, 31, 56, 100, 134, 84, 83, 58, 102, 74, 61, 97, 26, 96, 203, 47, 79, 48, 202, 280, 95, 48, 95, 76, 61, 43, 19, 49, 234, 93, 26, 75, 76, 136, 58, 38, 29, 240, 46, 173, 30, 48, 76, 102, 68, 44, 107, 123, 40, 51]

grid_scale: 0.4
resize_scale: 0.5
confiance: 0.45

random_seed: 1011
data_augmentation: True
samples: 130
