MAE: 32.76923076923077 [21, 113, 28, 68, 25, 19, 12, 43, 13, 40, 40, 13, 11, 13, 26, 10, 35, 66, 27, 13, 46, 46, 54, 6, 32, 6, 35, 17, 21, 75, 82, 61, 49, 17, 59, 29, 30, 5, 16, 7, 46, 55, 89, 37, 16, 10, 31, 34, 35, 52, 30, 48, 28, 8, 33, 9, 46, 12, 29, 98, 116, 10, 45, 46, 51, 20, 24, 134, 27, 25, 67, 36, 34, 21, 23, 23, 5, 42, 17, 17, 48, 8, 29, 52, 51, 28, 29, 10, 16, 7, 11, 8, 19, 41, 34, 16, 5, 58, 38, 35, 20, 77, 9, 54, 58, 3, 6, 11, 20, 24, 32, 93, 39, 55, 48, 25, 68, 22, 24, 17, 8, 34, 13, 1, 6, 28, 20, 16, 24, 4]
MAPE: 40.37644494043332 [45.65217391304348, 47.083333333333336, 30.107526881720432, 50.0, 34.24657534246575, 50.0, 26.08695652173913, 42.15686274509804, 24.074074074074073, 47.61904761904761, 29.850746268656714, 44.827586206896555, 36.666666666666664, 24.074074074074073, 46.42857142857143, 38.46153846153847, 13.059701492537313, 83.54430379746836, 15.606936416184972, 22.413793103448278, 47.91666666666667, 56.79012345679012, 42.857142857142854, 12.244897959183673, 33.68421052631579, 23.076923076923077, 28.455284552845526, 39.53488372093023, 12.5, 37.12871287128713, 71.9298245614035, 63.541666666666664, 52.68817204301075, 27.86885245901639, 25.213675213675213, 45.3125, 44.11764705882353, 16.666666666666664, 27.586206896551722, 14.893617021276595, 114.99999999999999, 43.30708661417323, 109.87654320987654, 75.51020408163265, 50.0, 14.492753623188406, 67.3913043478261, 58.620689655172406, 42.168674698795186, 42.62295081967213, 68.18181818181817, 47.05882352941176, 39.436619718309856, 34.78260869565217, 67.3469387755102, 47.368421052631575, 46.93877551020408, 15.789473684210526, 52.72727272727272, 101.03092783505154, 41.42857142857143, 20.0, 30.405405405405407, 48.421052631578945, 41.12903225806452, 64.51612903225806, 32.0, 63.20754716981132, 22.5, 52.083333333333336, 33.004926108374384, 32.72727272727273, 44.15584415584416, 70.0, 58.97435897435898, 88.46153846153845, 12.82051282051282, 25.149700598802394, 29.310344827586203, 36.17021276595745, 117.07317073170731, 25.0, 23.96694214876033, 39.69465648854962, 19.39163498098859, 37.83783783783784, 21.014492753623188, 10.416666666666668, 88.88888888888889, 10.76923076923077, 25.581395348837212, 17.391304347826086, 26.38888888888889, 48.80952380952381, 31.775700934579437, 26.229508196721312, 31.25, 58.58585858585859, 48.717948717948715, 30.973451327433626, 35.714285714285715, 77.0, 31.03448275862069, 32.142857142857146, 34.73053892215569, 8.333333333333332, 23.076923076923077, 23.404255319148938, 16.94915254237288, 26.373626373626376, 49.23076923076923, 41.70403587443946, 51.31578947368421, 44.0, 25.945945945945947, 52.083333333333336, 57.14285714285714, 38.59649122807017, 64.86486486486487, 34.69387755102041, 18.6046511627907, 36.55913978494624, 37.142857142857146, 2.083333333333333, 12.5, 58.333333333333336, 35.08771929824561, 39.02439024390244, 31.57894736842105, 7.8431372549019605]
RMSE: 40.94968770426611 [441, 12769, 784, 4624, 625, 361, 144, 1849, 169, 1600, 1600, 169, 121, 169, 676, 100, 1225, 4356, 729, 169, 2116, 2116, 2916, 36, 1024, 36, 1225, 289, 441, 5625, 6724, 3721, 2401, 289, 3481, 841, 900, 25, 256, 49, 2116, 3025, 7921, 1369, 256, 100, 961, 1156, 1225, 2704, 900, 2304, 784, 64, 1089, 81, 2116, 144, 841, 9604, 13456, 100, 2025, 2116, 2601, 400, 576, 17956, 729, 625, 4489, 1296, 1156, 441, 529, 529, 25, 1764, 289, 289, 2304, 64, 841, 2704, 2601, 784, 841, 100, 256, 49, 121, 64, 361, 1681, 1156, 256, 25, 3364, 1444, 1225, 400, 5929, 81, 2916, 3364, 9, 36, 121, 400, 576, 1024, 8649, 1521, 3025, 2304, 625, 4624, 484, 576, 289, 64, 1156, 169, 1, 36, 784, 400, 256, 576, 16]

pred: 15279 [67, 353, 121, 204, 98, 57, 58, 145, 67, 124, 174, 42, 41, 67, 82, 36, 303, 145, 200, 71, 142, 127, 180, 55, 127, 32, 158, 60, 189, 277, 196, 157, 142, 78, 293, 93, 98, 35, 74, 54, 86, 182, 170, 86, 48, 79, 77, 92, 118, 174, 74, 150, 99, 31, 82, 28, 144, 88, 84, 195, 396, 60, 193, 141, 175, 51, 99, 346, 147, 73, 270, 146, 111, 51, 62, 49, 44, 209, 75, 64, 89, 40, 150, 183, 314, 102, 167, 106, 2, 72, 54, 54, 91, 125, 141, 77, 21, 157, 116, 148, 76, 177, 38, 222, 225, 39, 32, 36, 138, 115, 97, 316, 115, 180, 233, 73, 187, 79, 61, 66, 51, 127, 48, 49, 54, 76, 77, 57, 100, 55]
real: 11073 [46, 240, 93, 136, 73, 38, 46, 102, 54, 84, 134, 29, 30, 54, 56, 26, 268, 79, 173, 58, 96, 81, 126, 49, 95, 26, 123, 43, 168, 202, 114, 96, 93, 61, 234, 64, 68, 30, 58, 47, 40, 127, 81, 49, 32, 69, 46, 58, 83, 122, 44, 102, 71, 23, 49, 19, 98, 76, 55, 97, 280, 50, 148, 95, 124, 31, 75, 212, 120, 48, 203, 110, 77, 30, 39, 26, 39, 167, 58, 47, 41, 32, 121, 131, 263, 74, 138, 96, 18, 65, 43, 46, 72, 84, 107, 61, 16, 99, 78, 113, 56, 100, 29, 168, 167, 36, 26, 47, 118, 91, 65, 223, 76, 125, 185, 48, 119, 57, 37, 49, 43, 93, 35, 48, 48, 48, 57, 41, 76, 51]

grid_scale: 0.4
resize_scale: 0.5
confiance: 0.15

random_seed: 1011
data_augmentation: True
samples: 130
