MAE: 16.546153846153846 [10, 98, 58, 42, 17, 6, 14, 9, 0, 1, 37, 6, 26, 9, 14, 10, 20, 7, 5, 2, 1, 20, 72, 47, 0, 12, 23, 2, 24, 50, 6, 14, 6, 9, 82, 1, 50, 6, 24, 3, 2, 30, 9, 14, 2, 28, 28, 19, 4, 29, 17, 14, 25, 2, 10, 9, 4, 19, 7, 16, 73, 42, 2, 5, 48, 6, 5, 70, 16, 16, 29, 1, 15, 22, 1, 3, 13, 11, 13, 0, 41, 6, 2, 20, 32, 14, 12, 2, 16, 25, 6, 24, 5, 10, 5, 5, 3, 7, 13, 7, 9, 5, 6, 6, 1, 1, 8, 4, 10, 12, 15, 69, 6, 21, 6, 10, 30, 8, 13, 6, 4, 41, 12, 6, 4, 26, 10, 0, 20, 5]
MAPE: 21.9342829733578 [21.73913043478261, 40.833333333333336, 62.365591397849464, 30.88235294117647, 23.28767123287671, 15.789473684210526, 30.434782608695656, 8.823529411764707, 0.0, 1.1904761904761905, 27.611940298507463, 20.689655172413794, 86.66666666666667, 16.666666666666664, 25.0, 38.46153846153847, 7.462686567164178, 8.860759493670885, 2.8901734104046244, 3.4482758620689653, 1.0416666666666665, 24.691358024691358, 57.14285714285714, 95.91836734693877, 0.0, 46.15384615384615, 18.69918699186992, 4.651162790697675, 14.285714285714285, 24.752475247524753, 5.263157894736842, 14.583333333333334, 6.451612903225806, 14.754098360655737, 35.04273504273504, 1.5625, 73.52941176470588, 20.0, 41.37931034482759, 6.382978723404255, 5.0, 23.62204724409449, 11.11111111111111, 28.57142857142857, 6.25, 40.57971014492754, 60.86956521739131, 32.758620689655174, 4.819277108433735, 23.770491803278688, 38.63636363636363, 13.725490196078432, 35.2112676056338, 8.695652173913043, 20.408163265306122, 47.368421052631575, 4.081632653061225, 25.0, 12.727272727272727, 16.49484536082474, 26.071428571428573, 84.0, 1.3513513513513513, 5.263157894736842, 38.70967741935484, 19.35483870967742, 6.666666666666667, 33.0188679245283, 13.333333333333334, 33.33333333333333, 14.285714285714285, 0.9090909090909091, 19.480519480519483, 73.33333333333333, 2.564102564102564, 11.538461538461538, 33.33333333333333, 6.58682634730539, 22.413793103448278, 0.0, 100.0, 18.75, 1.6528925619834711, 15.267175572519085, 12.167300380228136, 18.91891891891892, 8.695652173913043, 2.083333333333333, 88.88888888888889, 38.46153846153847, 13.953488372093023, 52.17391304347826, 6.944444444444445, 11.904761904761903, 4.672897196261682, 8.19672131147541, 18.75, 7.07070707070707, 16.666666666666664, 6.1946902654867255, 16.071428571428573, 5.0, 20.689655172413794, 3.571428571428571, 0.5988023952095809, 2.7777777777777777, 30.76923076923077, 8.51063829787234, 8.47457627118644, 13.186813186813188, 23.076923076923077, 30.94170403587444, 7.894736842105263, 16.8, 3.2432432432432434, 20.833333333333336, 25.210084033613445, 14.035087719298245, 35.13513513513514, 12.244897959183673, 9.30232558139535, 44.086021505376344, 34.285714285714285, 12.5, 8.333333333333332, 54.166666666666664, 17.543859649122805, 0.0, 26.31578947368421, 9.803921568627452]
RMSE: 24.616911010366586 [100, 9604, 3364, 1764, 289, 36, 196, 81, 0, 1, 1369, 36, 676, 81, 196, 100, 400, 49, 25, 4, 1, 400, 5184, 2209, 0, 144, 529, 4, 576, 2500, 36, 196, 36, 81, 6724, 1, 2500, 36, 576, 9, 4, 900, 81, 196, 4, 784, 784, 361, 16, 841, 289, 196, 625, 4, 100, 81, 16, 361, 49, 256, 5329, 1764, 4, 25, 2304, 36, 25, 4900, 256, 256, 841, 1, 225, 484, 1, 9, 169, 121, 169, 0, 1681, 36, 4, 400, 1024, 196, 144, 4, 256, 625, 36, 576, 25, 100, 25, 25, 9, 49, 169, 49, 81, 25, 36, 36, 1, 1, 64, 16, 100, 144, 225, 4761, 36, 441, 36, 100, 900, 64, 169, 36, 16, 1681, 144, 36, 16, 676, 100, 0, 400, 25]

pred: 11878 [56, 338, 35, 178, 90, 44, 32, 111, 54, 83, 171, 23, 4, 63, 70, 36, 288, 72, 168, 60, 95, 101, 198, 96, 95, 14, 100, 45, 192, 252, 120, 110, 99, 52, 316, 65, 118, 24, 82, 50, 42, 97, 90, 63, 34, 41, 18, 77, 87, 93, 61, 88, 96, 25, 39, 28, 102, 57, 62, 113, 353, 8, 150, 100, 172, 37, 70, 282, 104, 64, 232, 111, 62, 8, 38, 23, 52, 156, 45, 47, 82, 38, 119, 151, 295, 88, 150, 94, 2, 40, 49, 70, 77, 94, 112, 66, 19, 92, 91, 106, 65, 105, 35, 174, 168, 37, 18, 43, 108, 79, 80, 292, 82, 104, 191, 58, 149, 65, 24, 55, 39, 52, 23, 54, 44, 22, 67, 41, 96, 46]
real: 11073 [46, 240, 93, 136, 73, 38, 46, 102, 54, 84, 134, 29, 30, 54, 56, 26, 268, 79, 173, 58, 96, 81, 126, 49, 95, 26, 123, 43, 168, 202, 114, 96, 93, 61, 234, 64, 68, 30, 58, 47, 40, 127, 81, 49, 32, 69, 46, 58, 83, 122, 44, 102, 71, 23, 49, 19, 98, 76, 55, 97, 280, 50, 148, 95, 124, 31, 75, 212, 120, 48, 203, 110, 77, 30, 39, 26, 39, 167, 58, 47, 41, 32, 121, 131, 263, 74, 138, 96, 18, 65, 43, 46, 72, 84, 107, 61, 16, 99, 78, 113, 56, 100, 29, 168, 167, 36, 26, 47, 118, 91, 65, 223, 76, 125, 185, 48, 119, 57, 37, 49, 43, 93, 35, 48, 48, 48, 57, 41, 76, 51]

grid_scale: 0.2
resize_scale: 0.5
confiance: 0.25

random_seed: 1011
data_augmentation: True
samples: 130
