MAE: 51.6 [33, 141, 83, 62, 22, 21, 20, 69, 32, 50, 76, 11, 9, 32, 18, 11, 207, 53, 126, 34, 63, 48, 79, 22, 58, 10, 82, 15, 120, 162, 71, 61, 62, 30, 188, 37, 18, 15, 26, 12, 9, 86, 29, 29, 7, 35, 40, 21, 47, 82, 10, 70, 36, 9, 23, 4, 38, 34, 21, 42, 188, 20, 88, 39, 73, 15, 38, 157, 88, 22, 151, 50, 33, 13, 15, 19, 15, 118, 19, 44, 31, 10, 98, 95, 215, 27, 89, 75, 18, 42, 17, 11, 23, 43, 43, 17, 10, 80, 65, 89, 32, 51, 9, 102, 99, 23, 22, 34, 102, 68, 27, 164, 30, 89, 159, 17, 70, 17, 18, 19, 7, 66, 17, 19, 45, 17, 25, 24, 48, 24]
MAPE: 54.96059410290793 [71.73913043478261, 58.75, 89.24731182795699, 45.588235294117645, 30.136986301369863, 55.26315789473685, 43.47826086956522, 67.64705882352942, 59.25925925925925, 59.523809523809526, 56.71641791044776, 37.93103448275862, 30.0, 59.25925925925925, 32.142857142857146, 42.30769230769231, 77.23880597014924, 67.08860759493672, 72.83236994219652, 58.620689655172406, 65.625, 59.25925925925925, 62.698412698412696, 44.89795918367347, 61.05263157894737, 38.46153846153847, 66.66666666666666, 34.883720930232556, 71.42857142857143, 80.19801980198021, 62.28070175438597, 63.541666666666664, 66.66666666666666, 49.18032786885246, 80.34188034188034, 57.8125, 26.47058823529412, 50.0, 44.827586206896555, 25.53191489361702, 22.5, 67.71653543307087, 35.80246913580247, 59.183673469387756, 21.875, 50.72463768115942, 86.95652173913044, 36.206896551724135, 56.62650602409639, 67.21311475409836, 22.727272727272727, 68.62745098039215, 50.70422535211267, 39.130434782608695, 46.93877551020408, 21.052631578947366, 38.775510204081634, 44.73684210526316, 38.18181818181819, 43.29896907216495, 67.14285714285714, 40.0, 59.45945945945946, 41.05263157894737, 58.87096774193549, 48.38709677419355, 50.66666666666667, 74.05660377358491, 73.33333333333333, 45.83333333333333, 74.38423645320196, 45.45454545454545, 42.857142857142854, 43.333333333333336, 38.46153846153847, 73.07692307692307, 38.46153846153847, 70.65868263473054, 32.758620689655174, 93.61702127659575, 75.60975609756098, 31.25, 80.99173553719008, 72.51908396946564, 81.74904942965779, 36.486486486486484, 64.4927536231884, 78.125, 100.0, 64.61538461538461, 39.53488372093023, 23.91304347826087, 31.944444444444443, 51.19047619047619, 40.18691588785047, 27.86885245901639, 62.5, 80.8080808080808, 83.33333333333334, 78.76106194690266, 57.14285714285714, 51.0, 31.03448275862069, 60.71428571428571, 59.2814371257485, 63.888888888888886, 84.61538461538461, 72.3404255319149, 86.4406779661017, 74.72527472527473, 41.53846153846154, 73.54260089686099, 39.473684210526315, 71.2, 85.94594594594595, 35.41666666666667, 58.82352941176471, 29.82456140350877, 48.64864864864865, 38.775510204081634, 16.27906976744186, 70.96774193548387, 48.57142857142857, 39.58333333333333, 93.75, 35.41666666666667, 43.859649122807014, 58.536585365853654, 63.1578947368421, 47.05882352941176]
RMSE: 68.78058760122096 [1089, 19881, 6889, 3844, 484, 441, 400, 4761, 1024, 2500, 5776, 121, 81, 1024, 324, 121, 42849, 2809, 15876, 1156, 3969, 2304, 6241, 484, 3364, 100, 6724, 225, 14400, 26244, 5041, 3721, 3844, 900, 35344, 1369, 324, 225, 676, 144, 81, 7396, 841, 841, 49, 1225, 1600, 441, 2209, 6724, 100, 4900, 1296, 81, 529, 16, 1444, 1156, 441, 1764, 35344, 400, 7744, 1521, 5329, 225, 1444, 24649, 7744, 484, 22801, 2500, 1089, 169, 225, 361, 225, 13924, 361, 1936, 961, 100, 9604, 9025, 46225, 729, 7921, 5625, 324, 1764, 289, 121, 529, 1849, 1849, 289, 100, 6400, 4225, 7921, 1024, 2601, 81, 10404, 9801, 529, 484, 1156, 10404, 4624, 729, 26896, 900, 7921, 25281, 289, 4900, 289, 324, 361, 49, 4356, 289, 361, 2025, 289, 625, 576, 2304, 576]

pred: 4365 [13, 99, 10, 74, 51, 17, 26, 33, 22, 34, 58, 18, 21, 22, 38, 15, 61, 26, 47, 24, 33, 33, 47, 27, 37, 16, 41, 28, 48, 40, 43, 35, 31, 31, 46, 27, 50, 15, 32, 35, 31, 41, 52, 20, 25, 34, 6, 37, 36, 40, 34, 32, 35, 14, 26, 15, 60, 42, 34, 55, 92, 30, 60, 56, 51, 16, 37, 55, 32, 26, 52, 60, 44, 17, 24, 7, 24, 49, 39, 3, 10, 22, 23, 36, 48, 47, 49, 21, 0, 23, 26, 35, 49, 41, 64, 44, 6, 19, 13, 24, 24, 49, 20, 66, 68, 13, 4, 13, 16, 23, 38, 59, 46, 36, 26, 31, 49, 40, 19, 30, 36, 27, 18, 29, 3, 31, 32, 17, 28, 27]
real: 11073 [46, 240, 93, 136, 73, 38, 46, 102, 54, 84, 134, 29, 30, 54, 56, 26, 268, 79, 173, 58, 96, 81, 126, 49, 95, 26, 123, 43, 168, 202, 114, 96, 93, 61, 234, 64, 68, 30, 58, 47, 40, 127, 81, 49, 32, 69, 46, 58, 83, 122, 44, 102, 71, 23, 49, 19, 98, 76, 55, 97, 280, 50, 148, 95, 124, 31, 75, 212, 120, 48, 203, 110, 77, 30, 39, 26, 39, 167, 58, 47, 41, 32, 121, 131, 263, 74, 138, 96, 18, 65, 43, 46, 72, 84, 107, 61, 16, 99, 78, 113, 56, 100, 29, 168, 167, 36, 26, 47, 118, 91, 65, 223, 76, 125, 185, 48, 119, 57, 37, 49, 43, 93, 35, 48, 48, 48, 57, 41, 76, 51]

grid_scale: 0.5
resize_scale: 0.5
confiance: 0.55

random_seed: 1011
data_augmentation: True
samples: 130
