MAE: 36.53846153846154 [18, 98, 66, 42, 17, 16, 20, 38, 24, 14, 53, 10, 12, 24, 22, 10, 160, 42, 82, 27, 38, 27, 72, 22, 28, 14, 74, 20, 74, 114, 50, 36, 44, 29, 125, 22, 13, 14, 18, 14, 12, 69, 19, 20, 10, 34, 25, 17, 21, 65, 9, 48, 18, 8, 22, 0, 26, 27, 14, 32, 108, 22, 70, 28, 49, 6, 29, 98, 70, 13, 126, 35, 25, 6, 13, 7, 9, 85, 16, 32, 17, 12, 69, 63, 142, 23, 52, 57, 18, 29, 9, 10, 10, 48, 25, 24, 6, 59, 45, 56, 18, 28, 4, 60, 66, 7, 11, 31, 71, 54, 20, 111, 28, 74, 109, 8, 61, 18, 10, 10, 7, 43, 13, 13, 37, 9, 19, 15, 19, 16]
MAPE: 39.66632138118657 [39.130434782608695, 40.833333333333336, 70.96774193548387, 30.88235294117647, 23.28767123287671, 42.10526315789473, 43.47826086956522, 37.254901960784316, 44.44444444444444, 16.666666666666664, 39.55223880597015, 34.48275862068966, 40.0, 44.44444444444444, 39.285714285714285, 38.46153846153847, 59.70149253731343, 53.16455696202531, 47.398843930635834, 46.55172413793103, 39.58333333333333, 33.33333333333333, 57.14285714285714, 44.89795918367347, 29.47368421052631, 53.84615384615385, 60.16260162601627, 46.51162790697674, 44.047619047619044, 56.43564356435643, 43.859649122807014, 37.5, 47.31182795698925, 47.540983606557376, 53.41880341880342, 34.375, 19.11764705882353, 46.666666666666664, 31.03448275862069, 29.78723404255319, 30.0, 54.330708661417326, 23.456790123456788, 40.816326530612244, 31.25, 49.275362318840585, 54.347826086956516, 29.310344827586203, 25.301204819277107, 53.278688524590166, 20.454545454545457, 47.05882352941176, 25.352112676056336, 34.78260869565217, 44.89795918367347, 0.0, 26.53061224489796, 35.526315789473685, 25.454545454545453, 32.98969072164948, 38.57142857142858, 44.0, 47.2972972972973, 29.47368421052631, 39.516129032258064, 19.35483870967742, 38.666666666666664, 46.22641509433962, 58.333333333333336, 27.083333333333332, 62.06896551724138, 31.818181818181817, 32.467532467532465, 20.0, 33.33333333333333, 26.923076923076923, 23.076923076923077, 50.898203592814376, 27.586206896551722, 68.08510638297872, 41.46341463414634, 37.5, 57.02479338842975, 48.091603053435115, 53.99239543726235, 31.08108108108108, 37.68115942028986, 59.375, 100.0, 44.61538461538462, 20.930232558139537, 21.73913043478261, 13.88888888888889, 57.14285714285714, 23.364485981308412, 39.34426229508197, 37.5, 59.59595959595959, 57.692307692307686, 49.557522123893804, 32.142857142857146, 28.000000000000004, 13.793103448275861, 35.714285714285715, 39.52095808383233, 19.444444444444446, 42.30769230769231, 65.95744680851064, 60.16949152542372, 59.34065934065934, 30.76923076923077, 49.775784753363226, 36.84210526315789, 59.199999999999996, 58.91891891891892, 16.666666666666664, 51.26050420168067, 31.57894736842105, 27.027027027027028, 20.408163265306122, 16.27906976744186, 46.236559139784944, 37.142857142857146, 27.083333333333332, 77.08333333333334, 18.75, 33.33333333333333, 36.58536585365854, 25.0, 31.372549019607842]
RMSE: 48.307827045378 [324, 9604, 4356, 1764, 289, 256, 400, 1444, 576, 196, 2809, 100, 144, 576, 484, 100, 25600, 1764, 6724, 729, 1444, 729, 5184, 484, 784, 196, 5476, 400, 5476, 12996, 2500, 1296, 1936, 841, 15625, 484, 169, 196, 324, 196, 144, 4761, 361, 400, 100, 1156, 625, 289, 441, 4225, 81, 2304, 324, 64, 484, 0, 676, 729, 196, 1024, 11664, 484, 4900, 784, 2401, 36, 841, 9604, 4900, 169, 15876, 1225, 625, 36, 169, 49, 81, 7225, 256, 1024, 289, 144, 4761, 3969, 20164, 529, 2704, 3249, 324, 841, 81, 100, 100, 2304, 625, 576, 36, 3481, 2025, 3136, 324, 784, 16, 3600, 4356, 49, 121, 961, 5041, 2916, 400, 12321, 784, 5476, 11881, 64, 3721, 324, 100, 100, 49, 1849, 169, 169, 1369, 81, 361, 225, 361, 256]

pred: 6323 [28, 142, 27, 94, 56, 22, 26, 64, 30, 70, 81, 19, 18, 30, 34, 16, 108, 37, 91, 31, 58, 54, 54, 27, 67, 12, 49, 23, 94, 88, 64, 60, 49, 32, 109, 42, 55, 16, 40, 33, 28, 58, 62, 29, 22, 35, 21, 41, 62, 57, 35, 54, 53, 15, 27, 19, 72, 49, 41, 65, 172, 28, 78, 67, 75, 25, 46, 114, 50, 35, 77, 75, 52, 24, 26, 19, 30, 82, 42, 15, 24, 20, 52, 68, 121, 51, 86, 39, 0, 36, 34, 36, 62, 36, 82, 37, 10, 40, 33, 57, 38, 72, 25, 108, 101, 29, 15, 16, 47, 37, 45, 112, 48, 51, 76, 40, 58, 39, 27, 39, 36, 50, 22, 35, 11, 39, 38, 26, 57, 35]
real: 11073 [46, 240, 93, 136, 73, 38, 46, 102, 54, 84, 134, 29, 30, 54, 56, 26, 268, 79, 173, 58, 96, 81, 126, 49, 95, 26, 123, 43, 168, 202, 114, 96, 93, 61, 234, 64, 68, 30, 58, 47, 40, 127, 81, 49, 32, 69, 46, 58, 83, 122, 44, 102, 71, 23, 49, 19, 98, 76, 55, 97, 280, 50, 148, 95, 124, 31, 75, 212, 120, 48, 203, 110, 77, 30, 39, 26, 39, 167, 58, 47, 41, 32, 121, 131, 263, 74, 138, 96, 18, 65, 43, 46, 72, 84, 107, 61, 16, 99, 78, 113, 56, 100, 29, 168, 167, 36, 26, 47, 118, 91, 65, 223, 76, 125, 185, 48, 119, 57, 37, 49, 43, 93, 35, 48, 48, 48, 57, 41, 76, 51]

grid_scale: 0.4
resize_scale: 0.5
confiance: 0.5

random_seed: 1011
data_augmentation: True
samples: 130
