MAE: 25.138461538461538 [14, 72, 45, 21, 6, 11, 9, 23, 12, 10, 30, 4, 6, 10, 7, 5, 106, 19, 56, 13, 27, 28, 40, 16, 35, 3, 51, 13, 59, 75, 37, 34, 31, 6, 84, 13, 4, 15, 13, 10, 2, 44, 4, 7, 5, 9, 13, 9, 19, 32, 2, 35, 12, 7, 31, 2, 9, 8, 6, 8, 79, 10, 56, 15, 32, 2, 19, 75, 68, 8, 80, 27, 11, 1, 7, 0, 9, 71, 8, 35, 11, 7, 53, 50, 134, 7, 60, 50, 18, 21, 8, 4, 8, 29, 10, 11, 6, 65, 30, 51, 11, 13, 2, 32, 45, 6, 12, 27, 55, 40, 7, 72, 22, 40, 98, 3, 32, 4, 8, 5, 5, 42, 7, 7, 35, 8, 13, 6, 15, 13]
MAPE: 26.49621435740481 [30.434782608695656, 30.0, 48.38709677419355, 15.441176470588236, 8.21917808219178, 28.947368421052634, 19.565217391304348, 22.54901960784314, 22.22222222222222, 11.904761904761903, 22.388059701492537, 13.793103448275861, 20.0, 18.51851851851852, 12.5, 19.230769230769234, 39.55223880597015, 24.050632911392405, 32.369942196531795, 22.413793103448278, 28.125, 34.5679012345679, 31.746031746031743, 32.6530612244898, 36.84210526315789, 11.538461538461538, 41.46341463414634, 30.23255813953488, 35.11904761904761, 37.12871287128713, 32.45614035087719, 35.41666666666667, 33.33333333333333, 9.836065573770492, 35.8974358974359, 20.3125, 5.88235294117647, 50.0, 22.413793103448278, 21.27659574468085, 5.0, 34.645669291338585, 4.938271604938271, 14.285714285714285, 15.625, 13.043478260869565, 28.26086956521739, 15.517241379310345, 22.89156626506024, 26.229508196721312, 4.545454545454546, 34.31372549019608, 16.901408450704224, 30.434782608695656, 63.26530612244898, 10.526315789473683, 9.183673469387756, 10.526315789473683, 10.909090909090908, 8.24742268041237, 28.214285714285715, 20.0, 37.83783783783784, 15.789473684210526, 25.806451612903224, 6.451612903225806, 25.333333333333336, 35.37735849056604, 56.666666666666664, 16.666666666666664, 39.40886699507389, 24.545454545454547, 14.285714285714285, 3.3333333333333335, 17.94871794871795, 0.0, 23.076923076923077, 42.51497005988024, 13.793103448275861, 74.46808510638297, 26.82926829268293, 21.875, 43.80165289256198, 38.16793893129771, 50.950570342205324, 9.45945945945946, 43.47826086956522, 52.083333333333336, 100.0, 32.30769230769231, 18.6046511627907, 8.695652173913043, 11.11111111111111, 34.523809523809526, 9.345794392523365, 18.0327868852459, 37.5, 65.65656565656566, 38.46153846153847, 45.13274336283185, 19.642857142857142, 13.0, 6.896551724137931, 19.047619047619047, 26.94610778443114, 16.666666666666664, 46.15384615384615, 57.446808510638306, 46.61016949152542, 43.956043956043956, 10.76923076923077, 32.28699551569507, 28.947368421052634, 32.0, 52.972972972972975, 6.25, 26.89075630252101, 7.017543859649122, 21.62162162162162, 10.204081632653061, 11.627906976744185, 45.16129032258064, 20.0, 14.583333333333334, 72.91666666666666, 16.666666666666664, 22.807017543859647, 14.634146341463413, 19.736842105263158, 25.49019607843137]
RMSE: 35.53351613942489 [196, 5184, 2025, 441, 36, 121, 81, 529, 144, 100, 900, 16, 36, 100, 49, 25, 11236, 361, 3136, 169, 729, 784, 1600, 256, 1225, 9, 2601, 169, 3481, 5625, 1369, 1156, 961, 36, 7056, 169, 16, 225, 169, 100, 4, 1936, 16, 49, 25, 81, 169, 81, 361, 1024, 4, 1225, 144, 49, 961, 4, 81, 64, 36, 64, 6241, 100, 3136, 225, 1024, 4, 361, 5625, 4624, 64, 6400, 729, 121, 1, 49, 0, 81, 5041, 64, 1225, 121, 49, 2809, 2500, 17956, 49, 3600, 2500, 324, 441, 64, 16, 64, 841, 100, 121, 36, 4225, 900, 2601, 121, 169, 4, 1024, 2025, 36, 144, 729, 3025, 1600, 49, 5184, 484, 1600, 9604, 9, 1024, 16, 64, 25, 25, 1764, 49, 49, 1225, 64, 169, 36, 225, 169]

pred: 7827 [32, 168, 48, 115, 67, 27, 37, 79, 42, 74, 104, 25, 24, 44, 49, 31, 162, 60, 117, 45, 69, 53, 86, 33, 60, 23, 72, 30, 109, 127, 77, 62, 62, 55, 150, 51, 64, 15, 45, 37, 38, 83, 77, 42, 27, 60, 33, 49, 64, 90, 46, 67, 59, 16, 18, 21, 89, 68, 49, 89, 201, 40, 92, 80, 92, 29, 56, 137, 52, 40, 123, 83, 66, 29, 32, 26, 30, 96, 50, 12, 30, 25, 68, 81, 129, 67, 78, 46, 0, 44, 35, 42, 64, 55, 97, 50, 10, 34, 48, 62, 45, 87, 31, 136, 122, 30, 14, 20, 63, 51, 58, 151, 54, 85, 87, 45, 87, 53, 29, 44, 38, 51, 28, 41, 13, 40, 44, 35, 61, 38]
real: 11073 [46, 240, 93, 136, 73, 38, 46, 102, 54, 84, 134, 29, 30, 54, 56, 26, 268, 79, 173, 58, 96, 81, 126, 49, 95, 26, 123, 43, 168, 202, 114, 96, 93, 61, 234, 64, 68, 30, 58, 47, 40, 127, 81, 49, 32, 69, 46, 58, 83, 122, 44, 102, 71, 23, 49, 19, 98, 76, 55, 97, 280, 50, 148, 95, 124, 31, 75, 212, 120, 48, 203, 110, 77, 30, 39, 26, 39, 167, 58, 47, 41, 32, 121, 131, 263, 74, 138, 96, 18, 65, 43, 46, 72, 84, 107, 61, 16, 99, 78, 113, 56, 100, 29, 168, 167, 36, 26, 47, 118, 91, 65, 223, 76, 125, 185, 48, 119, 57, 37, 49, 43, 93, 35, 48, 48, 48, 57, 41, 76, 51]

grid_scale: 0.5
resize_scale: 0.5
confiance: 0.35

random_seed: 1011
data_augmentation: True
samples: 130
