MAE: 15.63076923076923 [8, 74, 8, 28, 23, 10, 4, 15, 3, 16, 52, 5, 4, 7, 10, 1, 25, 31, 6, 3, 6, 27, 37, 15, 15, 1, 3, 2, 24, 52, 17, 29, 7, 11, 74, 24, 16, 3, 10, 2, 17, 6, 63, 21, 3, 16, 9, 21, 2, 30, 16, 8, 21, 3, 15, 1, 15, 3, 16, 26, 68, 8, 15, 14, 23, 2, 16, 86, 1, 6, 38, 5, 5, 10, 10, 15, 1, 10, 7, 9, 33, 3, 16, 25, 33, 7, 8, 8, 14, 14, 1, 15, 9, 19, 20, 7, 1, 1, 21, 7, 5, 29, 5, 16, 13, 7, 2, 1, 24, 13, 13, 63, 24, 15, 27, 10, 23, 12, 5, 6, 3, 16, 3, 8, 3, 25, 2, 4, 23, 1]
MAPE: 18.611558228142115 [17.391304347826086, 30.833333333333336, 8.60215053763441, 20.588235294117645, 31.506849315068493, 26.31578947368421, 8.695652173913043, 14.705882352941178, 5.555555555555555, 19.047619047619047, 38.80597014925373, 17.24137931034483, 13.333333333333334, 12.962962962962962, 17.857142857142858, 3.8461538461538463, 9.328358208955224, 39.24050632911392, 3.4682080924855487, 5.172413793103448, 6.25, 33.33333333333333, 29.365079365079367, 30.612244897959183, 15.789473684210526, 3.8461538461538463, 2.4390243902439024, 4.651162790697675, 14.285714285714285, 25.742574257425744, 14.912280701754385, 30.208333333333332, 7.526881720430108, 18.0327868852459, 31.62393162393162, 37.5, 23.52941176470588, 10.0, 17.24137931034483, 4.25531914893617, 42.5, 4.724409448818897, 77.77777777777779, 42.857142857142854, 9.375, 23.18840579710145, 19.565217391304348, 36.206896551724135, 2.4096385542168677, 24.59016393442623, 36.36363636363637, 7.8431372549019605, 29.577464788732392, 13.043478260869565, 30.612244897959183, 5.263157894736842, 15.306122448979592, 3.9473684210526314, 29.09090909090909, 26.804123711340207, 24.285714285714285, 16.0, 10.135135135135135, 14.736842105263156, 18.548387096774192, 6.451612903225806, 21.333333333333336, 40.56603773584906, 0.8333333333333334, 12.5, 18.7192118226601, 4.545454545454546, 6.493506493506493, 33.33333333333333, 25.64102564102564, 57.692307692307686, 2.564102564102564, 5.9880239520958085, 12.068965517241379, 19.148936170212767, 80.48780487804879, 9.375, 13.223140495867769, 19.083969465648856, 12.547528517110266, 9.45945945945946, 5.797101449275362, 8.333333333333332, 77.77777777777779, 21.53846153846154, 2.3255813953488373, 32.608695652173914, 12.5, 22.61904761904762, 18.69158878504673, 11.475409836065573, 6.25, 1.0101010101010102, 26.923076923076923, 6.1946902654867255, 8.928571428571429, 28.999999999999996, 17.24137931034483, 9.523809523809524, 7.784431137724551, 19.444444444444446, 7.6923076923076925, 2.127659574468085, 20.33898305084746, 14.285714285714285, 20.0, 28.251121076233183, 31.57894736842105, 12.0, 14.594594594594595, 20.833333333333336, 19.327731092436977, 21.052631578947366, 13.513513513513514, 12.244897959183673, 6.976744186046512, 17.20430107526882, 8.571428571428571, 16.666666666666664, 6.25, 52.083333333333336, 3.508771929824561, 9.75609756097561, 30.263157894736842, 1.9607843137254901]
RMSE: 22.378217430899525 [64, 5476, 64, 784, 529, 100, 16, 225, 9, 256, 2704, 25, 16, 49, 100, 1, 625, 961, 36, 9, 36, 729, 1369, 225, 225, 1, 9, 4, 576, 2704, 289, 841, 49, 121, 5476, 576, 256, 9, 100, 4, 289, 36, 3969, 441, 9, 256, 81, 441, 4, 900, 256, 64, 441, 9, 225, 1, 225, 9, 256, 676, 4624, 64, 225, 196, 529, 4, 256, 7396, 1, 36, 1444, 25, 25, 100, 100, 225, 1, 100, 49, 81, 1089, 9, 256, 625, 1089, 49, 64, 64, 196, 196, 1, 225, 81, 361, 400, 49, 1, 1, 441, 49, 25, 841, 25, 256, 169, 49, 4, 1, 576, 169, 169, 3969, 576, 225, 729, 100, 529, 144, 25, 36, 9, 256, 9, 64, 9, 625, 4, 16, 529, 1]

pred: 12981 [54, 314, 85, 164, 96, 48, 50, 117, 57, 100, 186, 34, 26, 61, 66, 25, 293, 110, 179, 61, 102, 108, 163, 64, 110, 25, 126, 45, 192, 254, 131, 125, 100, 72, 308, 88, 84, 27, 68, 49, 57, 121, 144, 70, 35, 85, 55, 79, 85, 152, 60, 110, 92, 26, 64, 20, 113, 73, 71, 123, 348, 42, 163, 109, 147, 33, 91, 298, 119, 54, 241, 105, 82, 40, 49, 41, 40, 177, 65, 56, 74, 35, 137, 156, 296, 81, 146, 104, 4, 79, 44, 61, 81, 103, 127, 68, 17, 100, 99, 120, 61, 129, 34, 184, 180, 43, 28, 48, 142, 104, 78, 286, 100, 140, 212, 58, 142, 69, 32, 55, 46, 109, 38, 56, 45, 73, 59, 45, 99, 52]
real: 11073 [46, 240, 93, 136, 73, 38, 46, 102, 54, 84, 134, 29, 30, 54, 56, 26, 268, 79, 173, 58, 96, 81, 126, 49, 95, 26, 123, 43, 168, 202, 114, 96, 93, 61, 234, 64, 68, 30, 58, 47, 40, 127, 81, 49, 32, 69, 46, 58, 83, 122, 44, 102, 71, 23, 49, 19, 98, 76, 55, 97, 280, 50, 148, 95, 124, 31, 75, 212, 120, 48, 203, 110, 77, 30, 39, 26, 39, 167, 58, 47, 41, 32, 121, 131, 263, 74, 138, 96, 18, 65, 43, 46, 72, 84, 107, 61, 16, 99, 78, 113, 56, 100, 29, 168, 167, 36, 26, 47, 118, 91, 65, 223, 76, 125, 185, 48, 119, 57, 37, 49, 43, 93, 35, 48, 48, 48, 57, 41, 76, 51]

grid_scale: 0.3
resize_scale: 0.5
confiance: 0.2

random_seed: 1011
data_augmentation: True
samples: 130
