MAE: 21.215384615384615 [18, 56, 46, 31, 12, 16, 10, 15, 11, 12, 22, 10, 15, 6, 13, 5, 79, 10, 41, 16, 15, 20, 23, 17, 22, 9, 47, 10, 41, 57, 28, 13, 23, 24, 56, 11, 15, 12, 13, 13, 8, 48, 8, 7, 8, 19, 15, 13, 12, 45, 5, 35, 20, 5, 12, 3, 8, 19, 8, 20, 42, 32, 30, 3, 28, 5, 26, 26, 50, 7, 49, 36, 17, 5, 15, 4, 4, 56, 23, 20, 13, 10, 45, 39, 63, 13, 32, 27, 17, 25, 3, 9, 12, 22, 13, 11, 5, 45, 29, 48, 10, 23, 7, 38, 23, 5, 8, 20, 36, 28, 11, 64, 9, 33, 48, 5, 32, 8, 11, 5, 11, 31, 8, 4, 25, 21, 8, 10, 16, 10]
MAPE: 25.578569664848878 [39.130434782608695, 23.333333333333332, 49.46236559139785, 22.794117647058822, 16.43835616438356, 42.10526315789473, 21.73913043478261, 14.705882352941178, 20.37037037037037, 14.285714285714285, 16.417910447761194, 34.48275862068966, 50.0, 11.11111111111111, 23.214285714285715, 19.230769230769234, 29.47761194029851, 12.658227848101266, 23.699421965317917, 27.586206896551722, 15.625, 24.691358024691358, 18.253968253968253, 34.69387755102041, 23.157894736842106, 34.61538461538461, 38.21138211382114, 23.25581395348837, 24.404761904761905, 28.217821782178216, 24.561403508771928, 13.541666666666666, 24.731182795698924, 39.34426229508197, 23.931623931623932, 17.1875, 22.058823529411764, 40.0, 22.413793103448278, 27.659574468085108, 20.0, 37.79527559055118, 9.876543209876543, 14.285714285714285, 25.0, 27.536231884057973, 32.608695652173914, 22.413793103448278, 14.457831325301203, 36.885245901639344, 11.363636363636363, 34.31372549019608, 28.169014084507044, 21.73913043478261, 24.489795918367346, 15.789473684210526, 8.16326530612245, 25.0, 14.545454545454545, 20.618556701030926, 15.0, 64.0, 20.27027027027027, 3.1578947368421053, 22.58064516129032, 16.129032258064516, 34.66666666666667, 12.264150943396226, 41.66666666666667, 14.583333333333334, 24.137931034482758, 32.72727272727273, 22.07792207792208, 16.666666666666664, 38.46153846153847, 15.384615384615385, 10.256410256410255, 33.532934131736525, 39.6551724137931, 42.5531914893617, 31.70731707317073, 31.25, 37.1900826446281, 29.770992366412212, 23.954372623574145, 17.56756756756757, 23.18840579710145, 28.125, 94.44444444444444, 38.46153846153847, 6.976744186046512, 19.565217391304348, 16.666666666666664, 26.190476190476193, 12.149532710280374, 18.0327868852459, 31.25, 45.45454545454545, 37.17948717948718, 42.47787610619469, 17.857142857142858, 23.0, 24.137931034482758, 22.61904761904762, 13.77245508982036, 13.88888888888889, 30.76923076923077, 42.5531914893617, 30.508474576271187, 30.76923076923077, 16.923076923076923, 28.699551569506728, 11.842105263157894, 26.400000000000002, 25.945945945945947, 10.416666666666668, 26.89075630252101, 14.035087719298245, 29.72972972972973, 10.204081632653061, 25.581395348837212, 33.33333333333333, 22.857142857142858, 8.333333333333332, 52.083333333333336, 43.75, 14.035087719298245, 24.390243902439025, 21.052631578947366, 19.607843137254903]
RMSE: 26.425512148446476 [324, 3136, 2116, 961, 144, 256, 100, 225, 121, 144, 484, 100, 225, 36, 169, 25, 6241, 100, 1681, 256, 225, 400, 529, 289, 484, 81, 2209, 100, 1681, 3249, 784, 169, 529, 576, 3136, 121, 225, 144, 169, 169, 64, 2304, 64, 49, 64, 361, 225, 169, 144, 2025, 25, 1225, 400, 25, 144, 9, 64, 361, 64, 400, 1764, 1024, 900, 9, 784, 25, 676, 676, 2500, 49, 2401, 1296, 289, 25, 225, 16, 16, 3136, 529, 400, 169, 100, 2025, 1521, 3969, 169, 1024, 729, 289, 625, 9, 81, 144, 484, 169, 121, 25, 2025, 841, 2304, 100, 529, 49, 1444, 529, 25, 64, 400, 1296, 784, 121, 4096, 81, 1089, 2304, 25, 1024, 64, 121, 25, 121, 961, 64, 16, 625, 441, 64, 100, 256, 100]

pred: 8315 [28, 184, 47, 105, 61, 22, 36, 87, 43, 72, 112, 19, 15, 48, 43, 21, 189, 69, 132, 42, 81, 61, 103, 32, 73, 17, 76, 33, 127, 145, 86, 83, 70, 37, 178, 53, 53, 18, 45, 34, 32, 79, 73, 42, 24, 50, 31, 45, 71, 77, 39, 67, 51, 18, 37, 16, 90, 57, 47, 77, 238, 18, 118, 92, 96, 26, 49, 186, 70, 41, 154, 74, 60, 25, 24, 22, 35, 111, 35, 27, 28, 22, 76, 92, 200, 61, 106, 69, 1, 40, 40, 37, 60, 62, 94, 50, 11, 54, 49, 65, 46, 77, 22, 130, 144, 31, 18, 27, 82, 63, 54, 159, 67, 92, 137, 43, 87, 49, 26, 44, 32, 62, 27, 44, 23, 27, 49, 31, 60, 41]
real: 11073 [46, 240, 93, 136, 73, 38, 46, 102, 54, 84, 134, 29, 30, 54, 56, 26, 268, 79, 173, 58, 96, 81, 126, 49, 95, 26, 123, 43, 168, 202, 114, 96, 93, 61, 234, 64, 68, 30, 58, 47, 40, 127, 81, 49, 32, 69, 46, 58, 83, 122, 44, 102, 71, 23, 49, 19, 98, 76, 55, 97, 280, 50, 148, 95, 124, 31, 75, 212, 120, 48, 203, 110, 77, 30, 39, 26, 39, 167, 58, 47, 41, 32, 121, 131, 263, 74, 138, 96, 18, 65, 43, 46, 72, 84, 107, 61, 16, 99, 78, 113, 56, 100, 29, 168, 167, 36, 26, 47, 118, 91, 65, 223, 76, 125, 185, 48, 119, 57, 37, 49, 43, 93, 35, 48, 48, 48, 57, 41, 76, 51]

grid_scale: 0.3
resize_scale: 0.5
confiance: 0.45

random_seed: 1011
data_augmentation: True
samples: 130
